8000	31.73300	33.12140	38.33910	0.06099470	0.00141874	-0.13822400	-7.89148e-07
8000	32.03700	33.12170	38.39140	0.04378190	0.02679090	-0.07905410	-7.89148e-07
8000	31.95610	33.12720	38.36530	0.04550230	0.02391860	-0.10324100	-7.89148e-07
8000	31.94700	33.12070	38.36640	0.03961720	0.07321970	-0.10601300	-7.89148e-07
8000	32.02390	33.10260	38.40250	0.02196750	-0.03696170	-0.08028640	-7.89148e-07
8000	31.99830	33.16600	38.40480	0.02596910	0.02005420	-0.07789250	-7.89148e-07
8000	31.89130	33.15110	38.35140	0.06040010	0.02524040	-0.12489100	-7.89148e-07
8000	32.01840	33.13510	38.39800	0.01311400	0.00618941	-0.08474540	-7.89148e-07
8000	31.84070	33.17830	38.36340	0.02941940	0.00788870	-0.12078500	-7.89148e-07
8000	31.80550	33.13190	38.35350	0.10920300	0.01721110	-0.11282400	-7.89148e-07
8000	31.93030	33.15080	38.36560	0.04224680	0.01361900	-0.11045900	-7.89148e-07
8000	31.91090	33.11990	38.38380	0.03916040	0.00042597	-0.08571070	-7.89148e-07
8000	31.87630	33.11930	38.35930	0.05562910	0.00091029	-0.10713400	-7.89148e-07
8000	31.91250	33.14380	38.37910	0.07061450	0.02934310	-0.09587730	-7.89148e-07
8000	31.99710	33.14400	38.38520	0.03821260	0.02258480	-0.08505460	-7.89148e-07
8000	31.75930	33.13030	38.33120	0.08810900	0.05072000	-0.15425100	-7.89148e-07
8000	31.78790	33.20060	38.33800	0.09988390	-0.02536050	-0.17526100	-7.89148e-07
8000	31.98070	33.10570	38.38210	0.05083300	0.01431530	-0.09715990	-7.89148e-07
8000	31.82740	33.10580	38.37130	0.03244130	0.00006227	-0.09455110	-7.89148e-07
8000	31.77660	33.14420	38.33710	0.07331690	0.00828482	-0.15170000	-7.89148e-07
8000	31.88620	33.10140	38.38030	0.01185000	0.04877410	-0.08558530	-7.89148e-07
8000	31.90570	33.15210	38.37210	0.03059540	0.02792940	-0.09479290	-7.89148e-07
8000	31.80110	33.19530	38.36320	0.06820670	0.01268710	-0.13039000	-7.89148e-07
8000	31.95320	33.14470	38.38260	0.02034380	-0.02153660	-0.08963420	-7.89148e-07
8000	31.96520	33.11990	38.39830	0.01698150	0.03941880	-0.07587040	-7.89148e-07
8000	31.88780	33.11610	38.37710	0.05074020	0.01233580	-0.08103180	-7.89148e-07
8000	31.81390	33.16530	38.35990	0.00848636	0.03910680	-0.13046200	-7.89148e-07
8000	31.75420	33.18810	38.34620	0.08914200	0.07700620	-0.13514400	-7.89148e-07
8000	31.80390	33.10660	38.35030	0.07549990	0.03014110	-0.10639600	-7.89148e-07
8000	31.71790	33.16820	38.33620	0.13066700	-0.02631840	-0.15015400	-7.89148e-07
8000	31.77310	33.17990	38.34760	0.06867270	-0.03594880	-0.13912000	-7.89148e-07
8000	31.78750	33.20000	38.32680	0.16525200	-0.09009890	-0.17177100	-7.89148e-07
8000	31.61420	33.19930	38.31790	-0.01537330	0.15449700	-0.13757200	-7.89148e-07
8000	31.73610	33.13990	38.34220	0.05021720	-0.00089493	-0.13650200	-7.89148e-07
8000	31.60010	33.13580	38.30460	0.05539220	-0.00726880	-0.12019700	-7.89148e-07
8000	31.71840	33.19680	38.29760	0.05322460	-0.04869920	-0.28042500	-7.89148e-07
8000	31.65160	33.12890	38.31960	0.07671710	-0.00289619	-0.09836110	-7.89148e-07
8000	31.64640	33.21900	38.30990	0.08107130	-0.04979710	-0.14266800	-7.89148e-07
8000	31.69780	33.16940	38.33990	0.09247630	0.01917220	-0.13711600	-7.89148e-07
8000	31.69780	33.11910	38.33330	0.06989610	0.02683360	-0.13466300	-7.89148e-07
8000	31.69560	33.17330	38.33550	0.08028690	-0.03986520	-0.13441700	-7.89148e-07
8000	31.64290	33.23320	38.31960	0.04034720	-0.01322410	-0.15143000	-7.89148e-07
8000	31.62640	33.13420	38.31870	0.02810670	0.03737560	-0.09074030	-7.89148e-07
8000	31.61260	33.18500	38.31810	0.04616120	0.00097290	-0.08462440	-7.89148e-07
8000	31.58830	33.15230	38.30970	0.00860845	-0.04197530	-0.09573180	-7.89148e-07
8000	31.65110	33.12870	38.32700	0.04845460	-0.01201330	-0.10026100	-7.89148e-07
8000	31.63690	33.11930	38.32050	0.04008640	-0.01569900	-0.08726300	-7.89148e-07
8000	31.69190	33.16170	38.32270	0.12697400	0.02472610	-0.13094800	-7.89148e-07
8000	31.61990	33.20430	38.31210	0.04223100	-0.02432780	-0.10819300	-7.89148e-07
8000	31.72020	33.13360	38.31060	0.09343610	0.05203800	-0.22623900	-7.89148e-07
8000	31.59340	33.17120	38.30510	0.03658330	0.00175034	-0.11273100	-7.89148e-07
8000	31.65530	33.16570	38.31980	0.09646590	-0.01861890	-0.13260000	-7.89148e-07
8000	31.60510	33.20430	38.31330	0.05135920	-0.00024780	-0.10200800	-7.89148e-07
8000	31.59920	33.24620	38.30900	0.03761220	-0.00858377	-0.11216700	-7.89148e-07
8000	31.79070	33.19670	38.36020	0.08241140	0.05558770	-0.12250400	-7.89148e-07
8000	31.62240	33.18760	38.30570	0.04416630	0.00056909	-0.13312800	-7.89148e-07
8000	31.72440	33.13390	38.30460	0.05362410	0.03903280	-0.25781800	-7.89148e-07
8000	31.67330	33.20310	38.31880	0.09231900	-0.04777040	-0.14625200	-7.89148e-07
8000	31.68690	33.15470	38.33790	0.06924710	-0.01695010	-0.13026000	-7.89148e-07
8000	31.65830	33.19330	38.32090	0.09441610	-0.05564160	-0.12788000	-7.89148e-07
8000	31.64320	33.15540	38.31580	0.09076130	0.03739330	-0.11621700	-7.89148e-07
8000	31.63800	33.22280	38.31560	0.02678930	0.00345743	-0.15073700	-7.89148e-07
8000	31.68340	33.15430	38.32550	0.09137760	0.00025133	-0.13551600	-7.89148e-07
8000	31.61010	33.14560	38.29930	0.11821400	0.01387660	-0.09461340	-7.89148e-07
8000	31.63810	33.13610	38.32520	0.05329630	-0.00433155	-0.11124500	-7.89148e-07
8000	31.83850	33.18890	38.36820	-0.00608705	-0.03238310	-0.12498000	-7.89148e-07
8000	31.72190	33.18160	38.30770	0.20029500	-0.05161650	-0.20274300	-7.89148e-07
8000	31.99280	33.16720	38.38070	0.03960380	0.08221860	-0.08646780	-7.89148e-07
8000	31.92680	33.13210	38.38630	-0.03835680	-0.07730140	-0.09589920	-7.89148e-07
8000	31.95930	33.12590	38.39290	-0.02607550	-0.03974160	-0.08781650	-7.89148e-07
8001	32.02290	33.09020	38.40530	-0.02644070	0.01105880	-0.01553080	-7.89148e-07
8001	31.96640	33.10330	38.39650	0.00366694	-0.03420090	0.00326823	-7.89148e-07
8001	31.91200	33.11640	38.38640	-0.00933954	-0.02191270	0.03488650	-7.89148e-07
8001	31.92010	33.13810	38.37820	-0.02817350	-0.06556620	0.00839181	-7.89148e-07
8001	31.95850	33.17650	38.38780	-0.00254177	-0.04212520	0.02561540	-7.89148e-07
8001	31.89240	33.15630	38.38080	-0.01238600	-0.04038570	0.04619570	-7.89148e-07
8001	32.01070	33.09060	38.40480	0.00129497	-0.01532470	-0.00779434	-7.89148e-07
8001	31.84830	33.16570	38.37440	-0.07313150	-0.04193920	0.05289810	-7.89148e-07
8001	31.75330	33.14760	38.34750	-0.04784150	-0.00611894	0.07362750	-7.89148e-07
8001	31.93600	33.16920	38.38120	0.01580740	0.00762490	0.03393970	-7.89148e-07
8001	31.92520	33.09800	38.38640	0.01022900	-0.05760850	0.01327500	-7.89148e-07
8001	31.67600	33.20270	38.32360	-0.10110500	-0.01744760	0.11864400	-7.89148e-07
8001	31.69460	33.14020	38.34020	-0.06107430	-0.01622200	0.10922400	-7.89148e-07
8001	31.65350	33.13500	38.32030	-0.05882770	0.03171700	0.06349320	-7.89148e-07
8001	31.59930	33.17050	38.31070	-0.05575550	0.01629980	0.04999490	-7.89148e-07
8001	31.87540	33.16840	38.37770	-0.01055410	-0.01038360	0.06216070	-7.89148e-07
8001	31.60660	33.13440	38.31530	-0.02947450	-0.03040140	0.05233440	-7.89148e-07
8002	31.96900	33.12470	38.39560	0.00267436	-0.04860190	-0.07223320	-7.89148e-07
8002	31.89300	33.15990	38.37560	0.00771270	0.02812280	-0.08109270	-7.89148e-07
8002	31.93050	33.13370	38.38850	0.04317180	-0.01887400	-0.08207620	-7.89148e-07
8002	31.94790	33.13530	38.39390	-0.00465712	-0.00088018	-0.06103120	-7.89148e-07
8002	31.82180	33.14530	38.37010	0.05287900	0.02970580	-0.07453870	-7.89148e-07
8002	31.94660	33.12000	38.38570	-0.00088894	0.01177080	-0.06351470	-7.89148e-07
8002	31.93940	33.15620	38.39240	-0.00303810	0.02052780	-0.06297080	-7.89148e-07
8002	31.64190	33.15860	38.31210	0.08461100	-0.01963310	-0.13712200	-7.89148e-07
8002	31.74840	33.13670	38.34560	0.09177690	0.01724090	-0.11252500	-7.89148e-07
8002	31.63960	33.19550	38.30900	0.07514510	0.01674990	-0.14650300	-7.89148e-07
8002	31.58310	33.19060	38.30660	0.04678730	-0.01572030	-0.10478100	-7.89148e-07
8002	31.87830	33.15630	38.38060	0.02838160	0.00418439	-0.06610160	-7.89148e-07
8002	31.66850	33.13000	38.33160	0.08982560	-0.03656550	-0.08357100	-7.89148e-07
8002	31.74820	33.14800	38.35310	0.03871640	0.02597640	-0.11972100	-7.89148e-07
8002	31.63370	33.13690	38.31930	0.06962850	-0.02998730	-0.12101700	-7.89148e-07
8002	31.91980	33.17920	38.38900	0.03208080	0.00337745	-0.05326100	-7.89148e-07
8003	31.72880	33.19030	38.30060	-0.03454420	0.02414120	-0.03426700	-7.89148e-07
8003	31.86380	33.14940	38.36030	-0.02694620	-0.06161110	-0.05664590	-7.89148e-07
8003	31.90600	33.14280	38.37380	-0.00037758	-0.03298880	-0.03434070	-7.89148e-07
8003	31.90720	33.11360	38.38260	0.02120440	-0.00062972	-0.00081139	-7.89148e-07
8003	31.84360	33.11400	38.35950	0.01824100	-0.03625010	-0.01500320	-7.89148e-07
8003	32.04000	33.13780	38.40790	-0.00811037	-0.04393740	-0.00295672	-7.89148e-07
8003	31.90410	33.17600	38.37500	0.00989083	-0.05751950	-0.00844801	-7.89148e-07
8003	31.92370	33.09700	38.37300	0.02566550	-0.04801680	-0.01928520	-7.89148e-07
8003	31.87300	33.19600	38.36500	0.03985320	-0.07570540	0.02077780	-7.89148e-07
8003	31.96910	33.09750	38.39310	-0.03708310	0.02720360	-0.03006730	-7.89148e-07
8003	31.97660	33.09730	38.37880	0.01083230	-0.01100040	-0.03918490	-7.89148e-07
8003	32.01180	33.15270	38.38360	0.00646304	0.03638660	-0.03342040	-7.89148e-07
8003	31.75720	33.12290	38.32900	-0.02612620	0.02457110	-0.02275630	-7.89148e-07
8003	31.85810	33.13720	38.36690	0.00495427	-0.01205760	-0.01501530	-7.89148e-07
8003	31.89840	33.17840	38.37950	0.02899430	-0.05133820	-0.00216300	-7.89148e-07
8003	31.86580	33.17220	38.36360	-0.02157600	-0.01478060	-0.03102630	-7.89148e-07
8003	31.82000	33.11840	38.36980	-0.01182880	-0.05216860	-0.01390530	-7.89148e-07
8003	31.84110	33.18900	38.36580	0.03334030	-0.02111530	0.01382380	-7.89148e-07
8003	31.97280	33.16180	38.38710	-0.01773390	0.00544480	-0.01648710	-7.89148e-07
8003	31.75160	33.12150	38.34800	0.01332330	-0.06621890	0.03438380	-7.89148e-07
8003	31.81520	33.16260	38.36730	0.01280810	-0.05867020	-0.00723217	-7.89148e-07
8003	31.79190	33.16730	38.35640	0.03776090	-0.01170350	0.02955600	-7.89148e-07
8003	31.80960	33.18750	38.34440	0.01397910	-0.06380990	0.00518865	-7.89148e-07
8003	31.73720	33.11130	38.35120	-0.00702138	-0.06976240	0.03578770	-7.89148e-07
8003	31.67010	33.17770	38.33220	-0.06983530	0.04664510	-0.02314460	-7.89148e-07
8003	31.64100	33.15940	38.30970	-0.03324660	-0.08315810	-0.00107313	-7.89148e-07
8003	31.65630	33.17390	38.32430	-0.01091230	-0.00289630	0.03505490	-7.89148e-07
8003	31.64820	33.17450	38.30390	0.00574267	0.04352220	0.01356610	-7.89148e-07
8003	31.61090	33.12440	38.31720	-0.04270820	0.02149840	0.00660310	-7.89148e-07
8003	31.64700	33.16820	38.32590	-0.02700880	-0.02697210	0.03062310	-7.89148e-07
8003	31.61890	33.17780	38.31260	-0.00409631	-0.01204060	0.02170510	-7.89148e-07
8003	31.85080	33.18240	38.36370	0.01278110	-0.03246080	0.01341730	-7.89148e-07
8003	31.62450	33.24180	38.27370	0.02534640	-0.01350980	-0.04519080	-7.89148e-07
8003	31.66210	33.20820	38.32560	0.02454950	-0.00654890	0.02932810	-7.89148e-07
8003	31.68040	33.19240	38.31900	-0.00595802	-0.00723714	0.03178660	-7.89148e-07
8003	31.65210	33.14820	38.32890	-0.05985810	0.01968340	0.01175070	-7.89148e-07
8003	31.59780	33.20170	38.31400	-0.04094890	0.00399009	0.01442090	-7.89148e-07
8003	31.65460	33.20580	38.29790	-0.00857663	0.00126866	-0.00500420	-7.89148e-07
8003	31.64600	33.19610	38.32120	0.00198564	-0.00991560	0.03787620	-7.89148e-07
8003	31.60590	33.21840	38.29450	-0.00138129	-0.03816430	0.01830910	-7.89148e-07
8003	31.60440	33.20370	38.29300	0.02466720	0.00290106	0.01909100	-7.89148e-07
8003	31.60050	33.17040	38.29830	-0.02512210	0.04802660	-0.01115750	-7.89148e-07
8003	31.59800	33.17260	38.29700	-0.01795720	-0.02990950	-0.00123611	-7.89148e-07
8003	31.67330	33.12180	38.33050	-0.02616140	-0.01645590	0.02965800	-7.89148e-07
8003	31.60530	33.21710	38.30790	0.01319490	-0.03884140	0.00679495	-7.89148e-07
8003	31.61510	33.17290	38.31710	0.00702871	0.06878110	-0.00035834	-7.89148e-07
8003	31.63440	33.14740	38.30290	-0.00319801	0.02771060	0.00055781	-7.89148e-07
8003	31.68470	33.16050	38.33690	-0.02997700	-0.02639830	0.01008140	-7.89148e-07
8003	31.76770	33.13690	38.34390	-0.05085310	0.02298970	-0.01024560	-7.89148e-07
8003	31.74650	33.12960	38.33830	-0.01893350	-0.00525010	0.00048911	-7.89148e-07
8003	31.63350	33.14770	38.31930	0.01427260	-0.05768770	0.03806110	-7.89148e-07
8003	31.64350	33.23110	38.32460	-0.01000090	-0.01889750	0.03489580	-7.89148e-07
8003	31.67030	33.12120	38.32840	-0.01250560	-0.01421710	0.00793994	-7.89148e-07
8003	31.58420	33.16850	38.30740	-0.03496130	-0.00780414	0.01282270	-7.89148e-07
8003	31.66230	33.16740	38.30680	-0.07586580	-0.01864950	-0.01884440	-7.89148e-07
8003	31.62620	33.17100	38.29690	0.01993980	-0.02300220	0.00758423	-7.89148e-07
8003	31.58890	33.16310	38.30830	-0.03531340	0.01418990	0.00160033	-7.89148e-07
8003	31.72370	33.15690	38.33370	-0.01461610	0.01699360	0.02480540	-7.89148e-07
8003	31.83000	33.15090	38.36100	0.03245080	-0.04759150	0.02356090	-7.89148e-07
8003	31.67390	33.13300	38.31750	-0.03928530	-0.00955475	0.01812510	-7.89148e-07
8003	31.65480	33.19120	38.32420	-0.05156480	0.00182625	0.01850960	-7.89148e-07
8003	31.88450	33.10310	38.38060	-0.02413760	-0.06497500	-0.00449579	-7.89148e-07
8003	32.00360	33.13260	38.39980	0.00909537	-0.08224710	0.00564623	-7.89148e-07
8003	32.03270	33.09840	38.40830	0.03591440	-0.07098610	0.01581800	-7.89148e-07
8004	31.98400	33.17220	38.37930	0.03542020	-0.01211190	-0.09623780	-7.89148e-07
8004	31.86170	33.19640	38.37220	0.01455770	0.02081020	-0.09613470	-7.89148e-07
8004	32.00150	33.12410	38.40230	0.02492540	-0.01073440	-0.03326000	-7.89148e-07
8004	31.80720	33.17310	38.35210	0.06638640	0.02298070	-0.10494600	-7.89148e-07
8004	31.97880	33.10220	38.39690	0.02001700	0.04414160	-0.04436300	-7.89148e-07
8004	31.97750	33.17900	38.39790	0.04462090	0.04566580	-0.06432460	-7.89148e-07
8004	31.78430	33.13460	38.34610	0.02893580	0.01265970	-0.09813520	-7.89148e-07
8004	31.83010	33.16950	38.35930	0.04492780	0.02841380	-0.09333500	-7.89148e-07
8004	31.87400	33.13190	38.36040	0.05320590	0.04465800	-0.07128520	-7.89148e-07
8004	31.82290	33.15320	38.33960	0.03072360	0.03994960	-0.12603400	-7.89148e-07
8004	31.76270	33.16210	38.30610	0.11409100	0.04207020	-0.15349300	-7.89148e-07
8004	31.91240	33.14370	38.38280	-0.03890500	0.03160890	-0.07371300	-7.89148e-07
8004	31.78920	33.14720	38.32620	0.08386750	0.01979120	-0.13304500	-7.89148e-07
8004	31.88510	33.17750	38.35600	0.05940390	0.06093770	-0.09687900	-7.89148e-07
8004	31.80040	33.15480	38.36490	0.07028900	0.04942760	-0.07725800	-7.89148e-07
8004	31.91000	33.14370	38.38480	0.04314180	-0.05505540	-0.03734610	-7.89148e-07
8004	31.75220	33.16710	38.31250	0.10481800	0.01053050	-0.13668500	-7.89148e-07
8004	31.83110	33.15960	38.36390	0.02502020	0.01131390	-0.08980120	-7.89148e-07
8004	31.84160	33.14500	38.35930	0.01387770	0.07876350	-0.09693590	-7.89148e-07
8004	31.89810	33.19080	38.37450	0.03685270	-0.01137060	-0.07955780	-7.89148e-07
8004	31.79410	33.18710	38.34570	0.05713140	-0.00408637	-0.12098900	-7.89148e-07
8004	31.84350	33.15600	38.36170	0.00866463	-0.02671470	-0.08767340	-7.89148e-07
8004	31.80170	33.18100	38.33540	0.05357580	-0.01714430	-0.13504400	-7.89148e-07
8004	31.74240	33.17600	38.33680	0.04169420	0.00886859	-0.13221500	-7.89148e-07
8004	31.75380	33.12230	38.35420	0.02902770	-0.00101100	-0.07199030	-7.89148e-07
8004	31.93600	33.16660	38.38920	0.04816440	0.02650120	-0.03568680	-7.89148e-07
8004	31.71230	33.22110	38.31580	0.11411200	0.05706990	-0.15105100	-7.89148e-07
8004	31.72800	33.20950	38.34380	0.00876108	0.02603200	-0.12763900	-7.89148e-07
8004	31.67670	33.23080	38.33140	0.08953940	-0.02951300	-0.09046830	-7.89148e-07
8004	31.66310	33.21520	38.31170	0.10936000	0.02295770	-0.08420790	-7.89148e-07
8004	31.65970	33.17960	38.32170	0.06550570	0.06240120	-0.07050960	-7.89148e-07
8004	31.63160	33.16860	38.32390	0.05607370	0.01075960	-0.08012880	-7.89148e-07
8004	31.61320	33.14080	38.31830	0.02988650	0.02371050	-0.05850400	-7.89148e-07
8004	31.63240	33.12290	38.31350	0.01416420	-0.04453610	-0.07182200	-7.89148e-07
8004	31.74190	33.21120	38.34570	0.06785550	-0.00091268	-0.11624200	-7.89148e-07
8004	31.64280	33.22610	38.31080	0.07968300	0.05564190	-0.07864780	-7.89148e-07
8004	31.69710	33.15590	38.34040	0.07107890	0.02877940	-0.08682090	-7.89148e-07
8004	31.67900	33.22700	38.31230	0.03430670	-0.00043968	-0.14583500	-7.89148e-07
8004	31.67410	33.18990	38.32690	0.04156790	-0.01718250	-0.10999400	-7.89148e-07
8004	31.68740	33.22060	38.31150	0.10724500	-0.02754700	-0.10731100	-7.89148e-07
8004	31.63030	33.15180	38.32070	0.03697010	0.02499090	-0.05555020	-7.89148e-07
8004	31.58900	33.19690	38.31150	0.01471410	-0.03699470	-0.06430550	-7.89148e-07
8004	31.59490	33.17890	38.31380	0.04052260	-0.03656820	-0.05102630	-7.89148e-07
8004	31.59740	33.14180	38.31580	0.01677790	0.01814680	-0.07853000	-7.89148e-07
8004	31.83050	33.17940	38.36780	0.05030790	0.04342710	-0.08031950	-7.89148e-07
8004	31.61400	33.22000	38.28730	0.06657840	-0.00554198	-0.12460900	-7.89148e-07
8004	31.61970	33.21380	38.31090	0.03151790	0.01590810	-0.07806360	-7.89148e-07
8004	31.72610	33.19950	38.30460	0.06750360	0.01446740	-0.17393200	-7.89148e-07
8004	31.60970	33.20640	38.30800	0.04069540	-0.02401690	-0.07022900	-7.89148e-07
8004	31.79570	33.18850	38.32000	0.06516810	0.03110850	-0.15920400	-7.89148e-07
8004	31.65570	33.13460	38.30610	0.03484510	-0.00520999	-0.11181200	-7.89148e-07
8004	31.64630	33.15420	38.31490	0.03653380	0.03819320	-0.07695590	-7.89148e-07
8004	31.67890	33.12620	38.33180	0.05470980	0.00263187	-0.06572060	-7.89148e-07
8004	31.69900	33.16950	38.33090	0.05589830	0.04287080	-0.08777730	-7.89148e-07
8004	31.60970	33.14050	38.30150	0.06239290	-0.00265536	-0.06941600	-7.89148e-07
8004	31.96660	33.15890	38.39620	-0.03852290	-0.00765338	-0.05349320	-7.89148e-07
8004	32.04020	33.10080	38.40920	-0.01730450	0.04561920	-0.04412750	-7.89148e-07
8005	31.77580	33.12500	38.35200	-0.00347828	-0.01276210	0.02627580	-7.89148e-07
8005	31.76430	33.14780	38.33790	-0.01253880	-0.05579310	0.02752480	-7.89148e-07
8005	31.92530	33.11760	38.38600	-0.02015420	0.01193740	-0.02986270	-7.89148e-07
8005	31.88720	33.14150	38.38290	0.01973500	0.00465584	0.00642689	-7.89148e-07
8005	32.02440	33.09660	38.39320	-0.02242080	-0.02113400	-0.04305100	-7.89148e-07
8005	31.76850	33.17400	38.34280	-0.02224510	-0.01245570	0.03812230	-7.89148e-07
8005	31.89400	33.19490	38.38390	0.01767890	-0.02195840	0.03798460	-7.89148e-07
8005	31.84090	33.20020	38.35250	-0.02101690	-0.03017310	0.01696960	-7.89148e-07
8005	31.80960	33.13200	38.36280	-0.01557020	-0.02002710	0.01224650	-7.89148e-07
8005	31.81830	33.12740	38.36140	0.01314470	-0.08638300	0.02447470	-7.89148e-07
8005	31.85300	33.16280	38.36740	0.01901980	-0.06483080	0.03508040	-7.89148e-07
8005	31.98690	33.12820	38.39900	0.01885690	-0.01816550	-0.01874920	-7.89148e-07
8005	31.80390	33.15790	38.33680	-0.03812310	-0.00049488	-0.00250523	-7.89148e-07
8005	31.77320	33.18300	38.35440	-0.02965140	0.00961077	0.03138790	-7.89148e-07
8005	31.81350	33.19200	38.36150	-0.00424325	-0.03107040	0.05078320	-7.89148e-07
8005	31.83000	33.19580	38.36440	-0.00314614	-0.01010410	0.05377950	-7.89148e-07
8005	31.98530	33.10520	38.40070	0.01352080	-0.00606491	0.00632425	-7.89148e-07
8005	31.71000	33.16440	38.34330	-0.04874280	-0.01178490	0.05739780	-7.89148e-07
8005	31.68630	33.21620	38.33360	-0.02694810	0.07385430	0.06304000	-7.89148e-07
8005	31.73840	33.11280	38.33400	-0.01349660	-0.00235661	0.01383730	-7.89148e-07
8005	31.71520	33.12780	38.34150	-0.01692320	0.02239770	0.00767070	-7.89148e-07
8005	31.64660	33.23040	38.32300	-0.01553710	-0.05763690	0.07251730	-7.89148e-07
8005	31.73430	33.20040	38.33700	-0.03634020	0.00526177	0.05819340	-7.89148e-07
8005	31.70360	33.22270	38.33060	-0.03735030	0.02095200	0.06641980	-7.89148e-07
8005	31.61090	33.21070	38.31090	-0.04226240	-0.03319990	0.02483000	-7.89148e-07
8005	31.62790	33.18350	38.32000	0.02987310	-0.00373950	0.06321660	-7.89148e-07
8005	31.59100	33.18400	38.30460	-0.01730050	-0.01283920	-0.01375130	-7.89148e-07
8005	31.66620	33.12510	38.32550	-0.01590560	0.03002850	0.01197870	-7.89148e-07
8005	31.71460	33.19200	38.33630	-0.04122590	-0.00528188	0.06430240	-7.89148e-07
8005	31.64060	33.20030	38.32490	0.00476566	-0.01209820	0.03656900	-7.89148e-07
8005	31.70760	33.16090	38.34200	-0.01754480	-0.03209310	0.06939880	-7.89148e-07
8006	32.01970	33.15500	38.39760	0.01893390	0.03769610	-0.04973870	-7.89148e-07
8006	31.77620	33.14490	38.35380	0.05136570	0.00377053	-0.06873980	-7.89148e-07
8006	31.81680	33.11330	38.35770	0.01307060	-0.02631140	-0.06726430	-7.89148e-07
8006	31.98040	33.16790	38.40020	0.01359040	0.01408370	-0.03942940	-7.89148e-07
8006	31.85610	33.13470	38.36990	0.00407187	0.00779111	-0.06621120	-7.89148e-07
8006	31.84380	33.20310	38.36100	0.03160960	-0.00404884	-0.07943420	-7.89148e-07
8006	31.83500	33.17130	38.36480	-0.00274315	-0.00130707	-0.08657890	-7.89148e-07
8006	31.99060	33.09190	38.38780	0.04178110	-0.00242494	-0.05385780	-7.89148e-07
8006	31.79940	33.16820	38.35850	0.05346160	0.01321330	-0.06226790	-7.89148e-07
8006	32.03870	33.14850	38.40940	-0.03163190	-0.06788610	-0.03626680	-7.89148e-07
8006	31.74340	33.12150	38.33410	0.09252730	-0.00481167	-0.06773960	-7.89148e-07
8006	31.76440	33.21670	38.34820	0.04874160	0.02367350	-0.09539760	-7.89148e-07
8006	31.75740	33.17620	38.34830	0.02524980	0.02343870	-0.08605980	-7.89148e-07
8006	31.67370	33.21940	38.33000	0.04489420	0.00867929	-0.09646690	-7.89148e-07
8006	31.72610	33.21520	38.34090	0.06686130	-0.01747560	-0.08972500	-7.89148e-07
8006	31.60080	33.23980	38.31140	0.04778730	-0.02982080	-0.07353940	-7.89148e-07
8006	31.70830	33.20840	38.34170	0.08117130	-0.01303000	-0.09531830	-7.89148e-07
8006	31.62250	33.18450	38.31070	0.06000480	0.00241568	-0.05066530	-7.89148e-07
8006	31.67090	33.17460	38.32960	0.05291100	-0.05774920	-0.05899970	-7.89148e-07
8006	31.79390	33.19900	38.36050	0.04570100	0.04818560	-0.07012550	-7.89148e-07
8006	31.70810	33.16980	38.34200	0.04333890	0.02024680	-0.08631340	-7.89148e-07
8006	31.64680	33.22930	38.30570	0.06773370	-0.03799780	-0.10798900	-7.89148e-07
8006	31.70720	33.18950	38.33060	0.07818930	-0.02573510	-0.09645330	-7.89148e-07
8006	31.59540	33.16000	38.30430	0.04703870	0.02441090	-0.04658920	-7.89148e-07
8006	31.70220	33.18190	38.34040	0.06544840	-0.00334013	-0.06971460	-7.89148e-07
8006	31.63660	33.15720	38.32550	-0.00781513	-0.01956220	-0.06029680	-7.89148e-07
8006	31.60900	33.13250	38.29880	0.06083370	-0.00910498	-0.06113810	-7.89148e-07
8006	31.59090	33.13360	38.30080	0.07399930	-0.02182230	-0.04052380	-7.89148e-07
8006	31.61320	33.15600	38.31230	0.08433010	-0.03765030	-0.01949150	-7.89148e-07
8006	31.65000	33.13970	38.31980	0.03884050	0.01263230	-0.08411930	-7.89148e-07
8006	31.64630	33.13890	38.32590	0.02407620	-0.00299059	-0.07183190	-7.89148e-07
8006	31.62420	33.13100	38.32270	-0.02056430	-0.01076840	-0.06330280	-7.89148e-07
8006	31.77990	33.20270	38.35690	-0.00781682	0.04740930	-0.09220790	-7.89148e-07
8006	31.66700	33.21610	38.32750	0.02112930	-0.03477720	-0.09655250	-7.89148e-07
8006	31.60690	33.16180	38.30430	0.08638280	-0.04019840	-0.03523910	-7.89148e-07
8007	32.02450	33.12160	38.40150	-0.05712180	0.04256450	-0.02958940	-7.89148e-07
8007	31.90300	33.11430	38.37580	-0.01727510	0.02879490	-0.01299930	-7.89148e-07
8007	31.78470	33.16590	38.35560	0.00592125	-0.00139475	0.04955310	-7.89148e-07
8007	31.91270	33.14480	38.38820	0.00066903	-0.03816480	-0.00657653	-7.89148e-07
8007	31.95220	33.17630	38.39300	-0.00014155	0.01384810	-0.00867243	-7.89148e-07
8007	31.89200	33.09710	38.37720	0.01526940	0.01847010	-0.01305340	-7.89148e-07
8007	31.95090	33.16150	38.39550	-0.01418910	-0.01568350	0.00328887	-7.89148e-07
8007	31.79290	33.14630	38.35740	-0.05991850	-0.04347260	-0.01942840	-7.89148e-07
8007	31.78220	33.11670	38.36220	-0.01886480	-0.04203700	0.01491280	-7.89148e-07
8007	31.84620	33.11300	38.37230	0.00787946	-0.01469890	0.00363573	-7.89148e-07
8007	31.87730	33.12640	38.36790	0.02455160	-0.05094580	-0.00112109	-7.89148e-07
8007	31.80330	33.17550	38.36140	-0.01023260	-0.02432910	0.04399840	-7.89148e-07
8007	31.84630	33.20120	38.37300	-0.01278530	-0.05199900	0.03390410	-7.89148e-07
8007	31.64380	33.15160	38.31490	-0.00010334	0.00406700	0.02225900	-7.89148e-07
8007	31.66780	33.21230	38.32860	-0.03245870	-0.01962040	0.03133350	-7.89148e-07
8007	31.70370	33.20670	38.33030	-0.03842420	0.01526580	0.05915110	-7.89148e-07
8007	31.63800	33.16680	38.32210	-0.02800030	-0.00173562	0.03266350	-7.89148e-07
8007	31.60240	33.15950	38.31400	-0.00905801	0.03526000	-0.02246750	-7.89148e-07
8007	31.60330	33.18190	38.31630	-0.00237197	0.00720095	0.04306910	-7.89148e-07
8007	31.63420	33.19870	38.31700	-0.04899520	-0.03377280	0.01765150	-7.89148e-07
8007	31.70140	33.14400	38.33580	-0.04410860	-0.00923964	0.03424360	-7.89148e-07
8007	31.59170	33.16100	38.31200	0.05918780	0.01469710	0.02278450	-7.89148e-07
8008	32.00250	33.13060	38.40110	0.01855690	-0.01519640	-0.03932450	-7.89148e-07
8008	31.90340	33.17430	38.37330	0.00942352	0.04973740	-0.08811410	-7.89148e-07
8008	31.97900	33.15470	38.39890	0.06076610	0.01771720	-0.02154570	-7.89148e-07
8008	31.81350	33.14420	38.35390	0.03193840	-0.07898780	-0.09220600	-7.89148e-07
8008	31.89080	33.11720	38.37740	0.01987570	-0.00398175	-0.05873750	-7.89148e-07
8008	31.90700	33.11290	38.37330	0.06628320	0.01074280	-0.07902290	-7.89148e-07
8008	31.88990	33.19240	38.37200	0.01226630	0.00147943	-0.08029810	-7.89148e-07
8008	31.74740	33.13600	38.33540	0.04147580	0.00022158	-0.12750200	-7.89148e-07
8008	31.74090	33.22090	38.33340	0.09678340	0.02344580	-0.12109100	-7.89148e-07
8008	31.73880	33.19740	38.33980	0.08913050	-0.03903380	-0.12900700	-7.89148e-07
8008	31.83030	33.13410	38.36430	0.00935254	0.02742860	-0.09176110	-7.89148e-07
8008	31.98500	33.15540	38.39660	0.01580850	-0.04255120	-0.03575290	-7.89148e-07
8008	31.87330	33.19330	38.36770	0.00218995	0.01549730	-0.08715940	-7.89148e-07
8008	31.81160	33.12480	38.34640	0.04736410	-0.02123340	-0.09520870	-7.89148e-07
8008	31.89730	33.14220	38.38390	-0.01743520	-0.00477597	-0.06494960	-7.89148e-07
8008	31.75340	33.11150	38.34860	0.00779017	-0.02144290	-0.10326500	-7.89148e-07
8008	31.75410	33.18990	38.34670	0.05138130	0.02247740	-0.09582050	-7.89148e-07
8008	31.73450	33.18700	38.34690	0.01338870	-0.01256410	-0.10384000	-7.89148e-07
8008	31.70180	33.13950	38.33140	0.12643900	-0.01192010	-0.05938590	-7.89148e-07
8008	31.74090	33.21450	38.34350	0.04721420	-0.01272730	-0.11651000	-7.89148e-07
8008	31.73880	33.17770	38.34340	0.03707180	0.04146610	-0.10658900	-7.89148e-07
8008	31.59490	33.18330	38.31140	0.06598460	0.07296320	-0.03274840	-7.89148e-07
8008	31.74110	33.20450	38.34270	0.04632520	0.01568940	-0.10953800	-7.89148e-07
8008	31.65330	33.17460	38.31710	0.02217880	-0.03615970	-0.09844620	-7.89148e-07
8008	31.67040	33.15660	38.32070	0.06349050	-0.01140230	-0.09665020	-7.89148e-07
8008	31.68680	33.17050	38.33810	0.06375310	0.01388720	-0.07526440	-7.89148e-07
8008	31.77940	33.18840	38.35380	0.05691070	0.05929300	-0.09501200	-7.89148e-07
8008	31.69370	33.17060	38.32910	0.10228200	0.01429580	-0.07305000	-7.89148e-07
8008	31.58780	33.13010	38.30790	0.05138350	-0.01908510	-0.03996650	-7.89148e-07
8008	31.65750	33.12840	38.29620	0.07446230	-0.00615891	-0.13963600	-7.89148e-07
8008	31.60550	33.20660	38.30420	0.07484320	0.00733289	-0.06568570	-7.89148e-07
8008	31.61440	33.23330	38.31310	0.02263080	0.01457460	-0.07447920	-7.89148e-07
8008	31.59270	33.14840	38.31270	0.05443150	-0.03286250	-0.08006070	-7.89148e-07
8008	31.61510	33.21170	38.30180	0.07067310	0.00751656	-0.07170990	-7.89148e-07
8008	31.77020	33.12440	38.35310	0.02310500	0.04556860	-0.08152650	-7.89148e-07
8008	31.62700	33.16340	38.31590	0.05787950	0.00025588	-0.08688500	-7.89148e-07
8008	31.67180	33.18750	38.33320	0.04034140	0.02597430	-0.07801620	-7.89148e-07
8008	31.63490	33.17090	38.32340	0.02566390	-0.06970430	-0.06050640	-7.89148e-07
8009	31.93960	33.15090	38.37620	0.01755380	-0.02565940	-0.03744710	-7.89148e-07
8009	31.86840	33.13550	38.36370	-0.01906140	-0.03122000	-0.05051100	-7.89148e-07
8009	31.82320	33.12330	38.33530	0.00662689	-0.00768985	-0.04131100	-7.89148e-07
8009	31.81260	33.20340	38.35330	-0.00055541	-0.04658380	0.04474600	-7.89148e-07
8009	31.72590	33.20050	38.34600	-0.05826370	0.00479712	-0.00352462	-7.89148e-07
8009	31.98920	33.10040	38.40390	0.01322130	-0.00732351	0.01074280	-7.89148e-07
8009	31.82520	33.18980	38.36300	-0.00919159	0.00724398	0.01728230	-7.89148e-07
8009	31.97110	33.15110	38.38530	0.04667850	-0.03727570	-0.01472720	-7.89148e-07
8009	31.77810	33.14020	38.34330	0.02427960	0.01056430	0.03019230	-7.89148e-07
8009	31.78730	33.13860	38.35340	0.01240650	0.03613670	0.03045880	-7.89148e-07
8009	31.74500	33.21720	38.35030	-0.02541460	-0.00330767	0.01722210	-7.89148e-07
8009	31.79570	33.16040	38.34630	-0.04334050	-0.05963900	0.00257348	-7.89148e-07
8009	31.77440	33.15550	38.35010	0.01168460	0.01921520	0.03859870	-7.89148e-07
8009	31.86680	33.15810	38.37620	-0.01136740	-0.04993080	-0.00693270	-7.89148e-07
8009	31.78480	33.15980	38.35890	-0.00897543	-0.02647680	0.03424220	-7.89148e-07
8009	31.91060	33.15580	38.38550	0.00769211	-0.00000958	0.00981900	-7.89148e-07
8009	31.80850	33.15160	38.36480	0.01752870	0.02648950	0.03216730	-7.89148e-07
8009	31.75480	33.19770	38.34100	-0.02431830	0.00247899	0.03908720	-7.89148e-07
8009	31.76060	33.18110	38.34800	0.00660674	-0.06193320	0.04623130	-7.89148e-07
8009	31.78020	33.18500	38.35800	-0.03181760	-0.02623140	0.02560720	-7.89148e-07
8009	31.71270	33.12010	38.32530	-0.05242710	-0.00140765	0.00249969	-7.89148e-07
8009	31.83040	33.12900	38.36030	-0.02476410	-0.02979630	-0.00158932	-7.89148e-07
8009	31.60900	33.24210	38.31260	0.02752010	0.02015750	0.06334040	-7.89148e-07
8009	31.69590	33.12150	38.33850	0.01645680	-0.00558563	0.04559470	-7.89148e-07
8009	31.70330	33.17520	38.33720	-0.01849550	0.03391310	0.05894350	-7.89148e-07
8009	31.62960	33.15800	38.31470	-0.05366980	-0.00269949	0.00597581	-7.89148e-07
8009	31.60080	33.21040	38.30890	-0.04132220	0.01117100	0.02365730	-7.89148e-07
8009	31.64170	33.20750	38.31510	-0.00171961	0.01385660	0.04103310	-7.89148e-07
8009	31.58500	33.14630	38.29950	-0.02206400	-0.05481720	-0.00535676	-7.89148e-07
8009	31.60130	33.16370	38.30960	0.01417710	-0.02637320	0.02936660	-7.89148e-07
8009	31.63130	33.22220	38.31830	-0.02777560	-0.01220720	0.04354590	-7.89148e-07
8009	31.58860	33.19150	38.31060	-0.01091000	0.01065310	0.02977720	-7.89148e-07
8009	31.61580	33.12370	38.31970	-0.05011970	-0.04433270	-0.00228378	-7.89148e-07
8009	31.61470	33.15440	38.31370	-0.01756010	-0.02821540	0.02310590	-7.89148e-07
8009	31.58500	33.15550	38.30900	-0.00128477	0.01972710	-0.02827950	-7.89148e-07
8009	31.63080	33.19390	38.32080	0.00663277	-0.02145400	0.01860750	-7.89148e-07
8009	31.68260	33.11860	38.33400	-0.03338760	-0.01016430	0.03312470	-7.89148e-07
8009	31.65450	33.15010	38.32310	-0.01032370	0.00993768	0.00912542	-7.89148e-07
8009	31.63990	33.18570	38.32310	-0.01936040	-0.02740350	0.03688910	-7.89148e-07
8009	31.64440	33.14940	38.32010	-0.04932170	-0.01104700	0.00424749	-7.89148e-07
8009	31.62940	33.12470	38.31800	-0.04330790	0.03479380	-0.00075412	-7.89148e-07
8009	31.64670	33.20440	38.32640	-0.04504610	-0.01422970	0.02708480	-7.89148e-07
8010	31.88210	33.15420	38.35010	-0.05654030	0.43659900	-0.18642600	-7.89148e-07
8010	31.82840	33.12740	38.34270	0.11811800	0.01739490	-0.09978950	-7.89148e-07
8010	32.02690	33.14900	38.40880	-0.01711120	-0.01403630	-0.03407850	-7.89148e-07
8010	31.84750	33.14040	38.36860	0.04262090	-0.02062270	-0.06092390	-7.89148e-07
8010	31.88220	33.15300	38.37970	-0.04819620	0.00231196	-0.08557390	-7.89148e-07
8010	31.94640	33.14910	38.39350	-0.00164899	-0.02209150	-0.03928660	-7.89148e-07
8010	32.03840	33.11040	38.41370	-0.01474200	-0.02816030	-0.03615990	-7.89148e-07
8010	31.80150	33.11010	38.36440	-0.00255216	-0.00564543	-0.07651900	-7.89148e-07
8010	31.87160	33.15020	38.37950	0.00912085	-0.01945900	-0.05380880	-7.89148e-07
8010	31.94500	33.11060	38.39110	0.02516730	0.02520950	-0.07251790	-7.89148e-07
8010	31.94910	33.10310	38.37840	0.01676260	0.02177180	-0.05876820	-7.89148e-07
8010	31.91810	33.13160	38.38160	0.01401540	0.03187720	-0.04269450	-7.89148e-07
8010	31.93430	33.10690	38.38940	0.00335304	0.01496470	-0.03841520	-7.89148e-07
8010	31.78460	33.17340	38.35600	0.01230580	0.01735780	-0.11137800	-7.89148e-07
8010	31.83090	33.11290	38.36720	0.06417350	0.00042601	-0.04040830	-7.89148e-07
8010	31.73620	33.18140	38.34960	0.10487300	-0.00049033	-0.05840650	-7.89148e-07
8010	31.65470	33.22350	38.32700	0.08787180	-0.04835800	-0.03950540	-7.89148e-07
8010	31.62620	33.19210	38.29580	0.07115430	-0.04881170	-0.08367950	-7.89148e-07
8010	31.80670	33.20790	38.36000	-0.00250594	0.00811316	-0.09296420	-7.89148e-07
8010	31.67390	33.20760	38.32290	0.05370340	-0.04354210	-0.08499730	-7.89148e-07
8010	31.64780	33.19750	38.32630	0.08603990	-0.06260690	-0.02976580	-7.89148e-07
8010	31.67550	33.20640	38.32750	0.04002230	-0.00324062	-0.10037200	-7.89148e-07
8010	31.60500	33.17330	38.31440	0.00311480	0.02791520	-0.07881830	-7.89148e-07
8010	31.60900	33.18750	38.31310	0.00656217	-0.00041525	-0.05784220	-7.89148e-07
8010	31.87580	33.16710	38.37450	0.00160508	-0.01030000	-0.06141070	-7.89148e-07
8010	31.61250	33.15880	38.31170	0.07697300	-0.03485250	-0.04226200	-7.89148e-07
8010	31.61870	33.16670	38.31770	0.02788000	0.02836950	-0.04742260	-7.89148e-07
8010	31.67250	33.13980	38.32540	0.03187000	0.04021740	-0.06869060	-7.89148e-07
8010	31.69260	33.17240	38.33750	0.01410260	-0.02297490	-0.07613660	-7.89148e-07
8010	31.71130	33.21200	38.34080	0.08717170	-0.01544560	-0.08623300	-7.89148e-07
8010	31.67770	33.17280	38.33150	0.07670740	0.00365493	-0.05146170	-7.89148e-07
8010	31.72610	33.12470	38.34760	0.06039210	0.06586950	-0.04951620	-7.89148e-07
8011	31.89310	33.18650	38.38000	0.00677803	0.01448450	-0.01292560	-7.89148e-07
8011	31.96170	33.13580	38.39690	0.03830350	0.00442182	-0.01383980	-7.89148e-07
8011	32.03840	33.16500	38.37490	-0.01797310	-0.02534410	-0.07559220	-7.89148e-07
8011	31.78470	33.18030	38.35920	-0.01223210	0.00446826	0.01594660	-7.89148e-07
8011	31.83370	33.17650	38.35830	0.04671060	-0.00177698	0.03246980	-7.89148e-07
8011	31.89810	33.18220	38.37330	-0.04055820	0.01344210	-0.00963489	-7.89148e-07
8011	31.94110	33.14730	38.37470	0.00120120	-0.01450610	-0.04082630	-7.89148e-07
8011	31.90070	33.17140	38.38260	0.01904750	-0.00941497	0.01551330	-7.89148e-07
8011	31.84600	33.17480	38.34270	0.01639340	-0.02493850	-0.01555920	-7.89148e-07
8011	31.85970	33.18640	38.36690	0.02901690	0.01967600	0.02742780	-7.89148e-07
8011	31.78980	33.19950	38.36070	-0.05143190	0.00062807	0.01165290	-7.89148e-07
8011	31.78420	33.12870	38.35740	0.05036090	-0.04724670	0.03350930	-7.89148e-07
8011	31.82040	33.11260	38.36790	-0.02980580	-0.00800749	-0.01321990	-7.89148e-07
8011	31.81070	33.14880	38.36030	-0.01188570	0.02659870	0.01424380	-7.89148e-07
8011	31.73190	33.16560	38.34030	-0.00769134	-0.04028720	0.02037740	-7.89148e-07
8011	31.73400	33.15470	38.34760	-0.03329570	0.01391160	0.02656940	-7.89148e-07
8011	31.73030	33.18670	38.33910	-0.06155700	-0.02953980	0.03364400	-7.89148e-07
8011	31.65970	33.21630	38.32410	-0.02370910	0.00535068	0.05222280	-7.89148e-07
8011	31.63670	33.17030	38.32240	-0.01589220	-0.03447290	0.02752040	-7.89148e-07
8011	31.60640	33.15880	38.31500	-0.01630640	0.00952701	0.01324300	-7.89148e-07
8011	31.66580	33.20950	38.33130	-0.00584271	0.03200190	0.03904150	-7.89148e-07
8011	31.71500	33.18290	38.33840	-0.02946650	-0.00554798	0.04998290	-7.89148e-07
8011	31.61420	33.23550	38.31130	-0.01313430	-0.03464740	0.04051810	-7.89148e-07
8011	31.83170	33.17700	38.36660	0.01628580	0.04223670	0.02590710	-7.89148e-07
8011	31.60720	33.21380	38.31600	-0.06130110	-0.03434120	-0.00431892	-7.89148e-07
8011	31.63900	33.17810	38.31120	-0.01815990	-0.01465990	-0.00605565	-7.89148e-07
8011	31.69130	33.13770	38.33650	-0.03176160	-0.05967660	0.02878100	-7.89148e-07
8012	31.88390	33.15580	38.37780	0.04488430	0.01560650	-0.05893290	-7.89148e-07
8012	31.93770	33.09710	38.39350	0.01992530	0.05271480	-0.04193460	-7.89148e-07
8012	31.88320	33.15580	38.34850	0.06998250	-0.03184880	-0.08369010	-7.89148e-07
8012	31.91030	33.17190	38.36780	0.03767950	0.00590073	-0.06172760	-7.89148e-07
8012	31.80090	33.20510	38.35100	0.03922880	0.06900600	-0.11856300	-7.89148e-07
8012	32.04050	33.11700	38.41320	-0.02522010	0.01043100	-0.03323810	-7.89148e-07
8012	31.88080	33.16060	38.36930	0.04009840	0.01869290	-0.07734440	-7.89148e-07
8012	31.98770	33.15530	38.39670	0.01686420	0.01317250	-0.03860400	-7.89148e-07
8012	31.92910	33.14130	38.37710	0.01597020	-0.00416169	-0.05321210	-7.89148e-07
8012	31.99990	33.09760	38.40190	-0.01385660	0.00162341	-0.05347040	-7.89148e-07
8012	31.88950	33.14270	38.38450	-0.02675190	-0.03052410	-0.06388820	-7.89148e-07
8012	31.81070	33.12830	38.35880	-0.02296220	-0.01358140	-0.07439190	-7.89148e-07
8012	31.79940	33.17130	38.36030	0.00218065	-0.00653619	-0.07800590	-7.89148e-07
8012	31.92390	33.16540	38.38480	0.02390690	-0.01421700	-0.03086040	-7.89148e-07
8012	31.83960	33.13830	38.37340	0.00600173	0.02144820	-0.05336480	-7.89148e-07
8012	31.76510	33.15240	38.35470	0.03039910	0.01619970	-0.06453570	-7.89148e-07
8012	31.79890	33.20620	38.35860	0.06067930	-0.01901630	-0.05643240	-7.89148e-07
8012	31.72990	33.18820	38.34460	0.05533070	0.05636210	-0.06682330	-7.89148e-07
8012	31.58920	33.22280	38.30610	0.04850460	-0.01755420	-0.03813900	-7.89148e-07
8012	31.65020	33.18570	38.31430	0.04723230	0.03562090	-0.06504570	-7.89148e-07
8012	31.65210	33.19040	38.31900	0.03982080	-0.07767330	-0.08885830	-7.89148e-07
8012	31.71090	33.16760	38.33150	0.04898110	0.01263300	-0.09759420	-7.89148e-07
8012	31.66420	33.15130	38.33030	0.02558180	0.01206140	-0.07448580	-7.89148e-07
8012	31.72930	33.11400	38.33280	0.02564610	0.02132940	-0.08450020	-7.89148e-07
8012	31.67970	33.19400	38.33530	0.01391950	0.03179300	-0.07737310	-7.89148e-07
8012	31.59330	33.24390	38.31080	-0.01308940	0.02674920	-0.06420950	-7.89148e-07
8012	31.77130	33.17460	38.35790	0.08382250	0.04923920	-0.03599410	-7.89148e-07
8012	31.66400	33.17340	38.32910	0.02966000	-0.05652820	-0.05642610	-7.89148e-07
8013	31.74760	33.13650	38.34470	0.00592393	0.00152813	-0.01995850	-7.89148e-07
8013	31.88240	33.10440	38.37830	-0.02679220	0.02524830	-0.03084400	-7.89148e-07
8013	31.78330	33.13640	38.33720	-0.01941700	-0.02603350	-0.03456960	-7.89148e-07
8013	31.88140	33.10720	38.38350	0.01347320	0.05524300	-0.00630064	-7.89148e-07
8013	31.74480	33.15410	38.33980	-0.03981130	-0.05175760	-0.01294320	-7.89148e-07
8013	31.89340	33.17190	38.37530	0.08524060	-0.02484170	0.02651000	-7.89148e-07
8013	31.93040	33.14300	38.38700	0.03079790	0.02501170	0.00920033	-7.89148e-07
8013	31.90560	33.10310	38.37140	-0.01629150	-0.06095010	-0.03218220	-7.89148e-07
8013	31.80510	33.19660	38.35710	-0.01108950	0.02822650	0.01266700	-7.89148e-07
8013	31.73110	33.20470	38.34250	-0.02128450	0.01486130	0.01916820	-7.89148e-07
8013	31.90590	33.17390	38.38300	-0.01054670	-0.03393550	-0.00119302	-7.89148e-07
8013	31.73440	33.14610	38.33120	0.02851460	0.01536750	0.01945580	-7.89148e-07
8013	31.63550	33.19710	38.31990	-0.01929630	0.03417690	-0.04133510	-7.89148e-07
8013	31.59580	33.24350	38.30710	-0.04760450	-0.00493066	0.01141220	-7.89148e-07
8013	31.67730	33.16650	38.32830	-0.02080800	-0.01082160	0.00133492	-7.89148e-07
8013	31.63480	33.17340	38.31440	-0.01187240	0.04235680	-0.02832010	-7.89148e-07
8013	31.73370	33.14570	38.34930	-0.05717350	-0.00722127	0.01259520	-7.89148e-07
8013	31.68290	33.14660	38.32030	0.01767510	0.04078020	-0.00046374	-7.89148e-07
8013	31.60320	33.18870	38.30090	0.03692090	0.03094360	0.01806590	-7.89148e-07
8013	31.76710	33.20880	38.35080	0.00329145	-0.06190580	0.04732560	-7.89148e-07
8013	31.59280	33.16960	38.31360	-0.01384370	-0.04402540	-0.00234437	-7.89148e-07
8013	31.59260	33.24060	38.30470	0.00242858	0.00241416	0.03008000	-7.89148e-07
8013	31.62560	33.22980	38.30710	0.02182900	-0.02268160	0.02898350	-7.89148e-07
8013	31.73980	33.17600	38.34000	-0.02046970	-0.02196570	0.02137670	-7.89148e-07
8013	31.76440	33.19880	38.35520	-0.02868380	-0.02977460	0.02905400	-7.89148e-07
8014	31.73860	33.20360	38.33560	0.02342840	0.00115990	-0.10844600	-7.89148e-07
8014	31.81180	33.12870	38.36530	0.00328763	0.01606920	-0.05401460	-7.89148e-07
8014	31.88470	33.15130	38.37910	0.00908249	0.02413650	-0.05189590	-7.89148e-07
8014	31.93990	33.09370	38.39050	0.06145140	-0.01513700	-0.00701965	-7.89148e-07
8014	31.97620	33.11680	38.38990	0.02641630	-0.02485560	-0.04767740	-7.89148e-07
8014	31.82470	33.18150	38.35260	0.02835270	0.05227430	-0.08557320	-7.89148e-07
8014	31.85850	33.10420	38.36920	0.02182900	0.02733100	-0.07139410	-7.89148e-07
8014	31.82700	33.19360	38.35590	0.05692400	0.04971690	-0.06327320	-7.89148e-07
8014	31.89430	33.11570	38.38270	0.03829930	-0.01116780	-0.03892980	-7.89148e-07
8014	31.77900	33.19540	38.34630	0.02191470	0.00009598	-0.08432020	-7.89148e-07
8014	31.81700	33.11080	38.36020	0.06519120	-0.00691032	-0.03199960	-7.89148e-07
8014	31.78130	33.14530	38.34960	0.01643210	-0.00883547	-0.08657040	-7.89148e-07
8014	31.87890	33.11590	38.37770	-0.00057007	-0.05512390	-0.04374720	-7.89148e-07
8014	31.84110	33.15350	38.35410	0.02096280	0.02644720	-0.07267750	-7.89148e-07
8014	31.77060	33.14920	38.34880	0.06339170	-0.02372000	-0.04223700	-7.89148e-07
8014	31.75070	33.17430	38.33670	0.04496950	-0.02062180	-0.09260900	-7.89148e-07
8014	31.71800	33.18300	38.34080	0.02282730	-0.00713244	-0.08531960	-7.89148e-07
8014	31.74570	33.12240	38.34810	0.03935600	-0.02933690	-0.04451140	-7.89148e-07
8014	31.67640	33.21280	38.32440	0.10160000	-0.01762590	-0.08060910	-7.89148e-07
8014	31.66280	33.20250	38.31130	0.02486220	0.00764553	-0.10431600	-7.89148e-07
8014	31.73790	33.16280	38.33310	0.05278910	-0.00100345	-0.08727330	-7.89148e-07
8014	31.60040	33.16010	38.30580	0.03740060	-0.03131300	-0.05344430	-7.89148e-07
8014	31.88330	33.18070	38.37660	-0.05648440	0.01958320	-0.07315210	-7.89148e-07
8014	31.61520	33.21780	38.31570	-0.01177050	0.00745190	-0.05814110	-7.89148e-07
8014	31.59340	33.22690	38.29050	0.07833550	0.00568758	-0.07733970	-7.89148e-07
8014	31.65180	33.13350	38.31390	0.00699758	-0.03719080	-0.08648880	-7.89148e-07
8014	31.75580	33.18520	38.34640	-0.02523050	0.00268560	-0.08833000	-7.89148e-07
8015	31.81910	33.11620	38.36990	-0.01639640	0.00571904	-0.01992440	-7.89148e-07
8015	31.89380	33.10990	38.37310	-0.00723626	-0.05975940	-0.03830170	-7.89148e-07
8015	31.90640	33.12950	38.37640	0.00040898	0.01588930	-0.02085130	-7.89148e-07
8015	31.83430	33.10310	38.36560	0.04255850	0.02176360	0.00304089	-7.89148e-07
8015	31.74750	33.13770	38.35310	-0.03035470	0.03994020	-0.04017840	-7.89148e-07
8015	31.95100	33.10830	38.39590	0.00580149	-0.00250816	-0.00865274	-7.89148e-07
8015	31.80720	33.18990	38.33690	0.01151110	0.01221020	-0.03398130	-7.89148e-07
8015	31.74060	33.19710	38.34160	-0.00226309	0.04221880	0.01483770	-7.89148e-07
8015	31.81120	33.11290	38.36290	-0.00160761	-0.00884690	-0.02042160	-7.89148e-07
8015	31.76140	33.11580	38.34270	0.04824360	0.03966390	0.00669958	-7.89148e-07
8015	31.89220	33.13020	38.37950	0.00934630	-0.01316170	-0.00071671	-7.89148e-07
8015	31.79590	33.18630	38.35230	-0.00101202	0.01082930	0.00765779	-7.89148e-07
8015	31.73480	33.18400	38.34350	-0.01336610	0.04539530	0.00005358	-7.89148e-07
8015	31.67280	33.19950	38.32970	0.07377130	0.02221530	0.07188950	-7.89148e-07
8015	31.73390	33.15870	38.34570	-0.00782170	-0.02098650	0.00419617	-7.89148e-07
8015	31.74350	33.13500	38.35200	0.00233622	-0.00703165	0.01546270	-7.89148e-07
8015	31.73090	33.11530	38.34860	-0.03088040	-0.01973460	-0.01296920	-7.89148e-07
8015	31.66540	33.23020	38.30830	-0.01861380	0.00203712	-0.01584510	-7.89148e-07
8015	31.70130	33.11870	38.33920	0.01661380	-0.02650050	-0.00281998	-7.89148e-07
8015	31.70810	33.12900	38.33340	-0.00414827	-0.06432460	-0.01265480	-7.89148e-07
8015	31.57930	33.15740	38.30890	-0.01551950	0.00551151	0.00104384	-7.89148e-07
8015	31.70160	33.21760	38.32090	-0.02060170	-0.00727336	0.01431550	-7.89148e-07
8015	31.63420	33.15870	38.31270	0.00693738	0.01016040	0.00606627	-7.89148e-07
8015	31.61850	33.19360	38.30800	0.00368810	0.02345140	-0.00131511	-7.89148e-07
8015	31.74820	33.21810	38.34810	-0.04256970	0.07526670	0.01844580	-7.89148e-07
8015	31.60460	33.23820	38.28350	0.01859510	0.00881574	-0.02042990	-7.89148e-07
8015	31.62100	33.15040	38.31740	-0.00853148	0.01796570	-0.02113300	-7.89148e-07
8015	31.80920	33.16170	38.35960	0.00638694	-0.02518770	0.01114120	-7.89148e-07
8015	31.74150	33.14430	38.34610	-0.00394593	-0.04151560	0.01412240	-7.89148e-07
8015	31.77210	33.20160	38.34820	0.06339520	-0.04957090	0.05406060	-7.89148e-07
8016	31.86340	33.13030	38.37500	-0.01127140	0.01112500	-0.04843280	-7.89148e-07
8016	31.84470	33.19090	38.36740	0.03603640	-0.03382520	-0.05020040	-7.89148e-07
8016	31.91200	33.13300	38.38900	-0.04508530	0.02843220	-0.04575010	-7.89148e-07
8016	31.91640	33.17470	38.38190	0.04199550	-0.00917464	-0.02289340	-7.89148e-07
8016	31.76560	33.21120	38.34470	0.04738720	-0.04106550	-0.06804600	-7.89148e-07
8016	31.82140	33.12490	38.35320	0.03891580	0.06542220	-0.05219870	-7.89148e-07
8016	31.80260	33.12420	38.34280	0.03357730	-0.00174127	-0.07406440	-7.89148e-07
8016	31.88660	33.16930	38.37610	0.03235190	0.02767960	-0.04834240	-7.89148e-07
8016	31.76990	33.11950	38.35740	0.04263900	-0.03480730	-0.07456350	-7.89148e-07
8016	31.79870	33.16760	38.35900	0.02929960	0.00787918	-0.06172950	-7.89148e-07
8016	31.81890	33.18250	38.36170	0.00821685	-0.02471650	-0.05690510	-7.89148e-07
8016	31.70790	33.18330	38.33760	0.03077710	-0.04848870	-0.09117820	-7.89148e-07
8016	31.77930	33.18710	38.35020	-0.00629732	-0.01902800	-0.06823570	-7.89148e-07
8016	31.78370	33.19370	38.35530	-0.08865180	0.02172450	-0.10055900	-7.89148e-07
8016	31.66260	33.22240	38.31660	0.05461270	0.02915060	-0.06382700	-7.89148e-07
8016	31.80820	33.17060	38.35770	0.00937175	-0.00804660	-0.05834220	-7.89148e-07
8016	31.69290	33.16660	38.33810	0.01753540	0.04187080	-0.05068020	-7.89148e-07
8016	31.58240	33.15770	38.30960	0.02570540	0.01610580	-0.03152830	-7.89148e-07
8016	31.62450	33.17730	38.31430	0.06388290	0.00177861	-0.02143420	-7.89148e-07
8016	31.63640	33.15720	38.32230	0.03514920	0.00036026	-0.04803670	-7.89148e-07
8016	31.66830	33.22990	38.32710	0.04750030	0.02056320	-0.05036960	-7.89148e-07
8016	31.64540	33.15490	38.31710	-0.00767200	0.01766570	-0.08260580	-7.89148e-07
8016	31.68350	33.12160	38.33020	0.00151360	-0.02765380	-0.05425680	-7.89148e-07
8016	31.60500	33.18120	38.31230	0.00933663	0.01629330	-0.06316390	-7.89148e-07
8016	31.72830	33.17760	38.34280	-0.04198800	0.05573650	-0.08984910	-7.89148e-07
8017	31.86430	33.18750	38.35790	0.01181280	-0.00507222	-0.03867960	-7.89148e-07
8017	31.89890	33.15290	38.35260	-0.01472840	-0.06683060	-0.06465450	-7.89148e-07
8017	31.91100	33.12100	38.38780	-0.00262054	-0.00193467	-0.00925686	-7.89148e-07
8017	31.74570	33.19000	38.34450	0.00555328	0.01461770	0.00289248	-7.89148e-07
8017	31.99060	33.09290	38.39630	0.04172490	-0.01584020	-0.01791920	-7.89148e-07
8017	31.88490	33.15400	38.37820	0.02144310	0.02545040	-0.00452387	-7.89148e-07
8017	31.97890	33.09330	38.39940	-0.01749380	-0.04577460	-0.01156400	-7.89148e-07
8017	31.86250	33.15300	38.37090	0.03457040	0.01626230	-0.01105040	-7.89148e-07
8017	31.90950	33.16300	38.37500	0.01753800	-0.02816290	-0.00732037	-7.89148e-07
8017	31.79500	33.12280	38.36110	-0.03305890	-0.01536860	-0.03669010	-7.89148e-07
8017	31.79640	33.14070	38.36100	-0.00736668	-0.02175030	-0.00475781	-7.89148e-07
8017	31.75800	33.19460	38.34930	-0.01624270	0.00342968	-0.01091350	-7.89148e-07
8017	31.76600	33.15450	38.35350	-0.03057810	-0.01781180	-0.00967858	-7.89148e-07
8017	31.69130	33.21310	38.33430	-0.04389830	-0.01297870	-0.01171940	-7.89148e-07
8017	31.68840	33.18180	38.32690	-0.01478300	0.01222170	-0.00111509	-7.89148e-07
8017	31.66060	33.22810	38.30640	0.02436000	-0.01471780	-0.03496730	-7.89148e-07
8017	31.59640	33.17050	38.30670	-0.01022360	-0.04622960	-0.00435313	-7.89148e-07
8017	31.63630	33.21200	38.32400	0.02422940	0.01130790	0.01589480	-7.89148e-07
8017	31.59270	33.13510	38.29990	-0.01416600	-0.01216020	-0.02836660	-7.89148e-07
8017	31.63220	33.16350	38.31520	0.00189722	-0.00350171	0.00379937	-7.89148e-07
8017	31.60470	33.18380	38.30110	-0.00382957	-0.01833500	-0.01683140	-7.89148e-07
8017	31.61180	33.19920	38.31290	0.04474290	0.00967783	0.03319630	-7.89148e-07
8017	31.65970	33.18610	38.32390	-0.03048150	0.00793913	0.00067452	-7.89148e-07
8017	31.73730	33.16260	38.34520	-0.01275700	-0.01459190	-0.00342396	-7.89148e-07
8017	31.62390	33.13020	38.29960	-0.01127280	-0.00245800	-0.04578830	-7.89148e-07
8018	31.86310	33.12590	38.37460	0.01822730	-0.00102247	-0.02901940	-7.89148e-07
8018	31.84120	33.18130	38.36630	0.05684080	-0.01088600	-0.05604480	-7.89148e-07
8018	31.88790	33.10670	38.37860	0.02579880	-0.03591570	-0.01922950	-7.89148e-07
8018	31.93650	33.16020	38.38520	0.04148660	-0.03823880	-0.02484810	-7.89148e-07
8018	31.92890	33.12800	38.38020	0.02601160	-0.00829771	-0.03354220	-7.89148e-07
8018	31.95760	33.16090	38.39350	0.00198845	0.04604250	-0.02301860	-7.89148e-07
8018	31.87800	33.14890	38.37040	-0.02799550	-0.03428690	-0.06145310	-7.89148e-07
8018	31.93240	33.16650	38.38980	0.02861930	-0.00460066	-0.04677960	-7.89148e-07
8018	31.83800	33.15280	38.36570	0.01854950	0.00148597	-0.08598690	-7.89148e-07
8018	31.76910	33.16030	38.34030	0.05785910	-0.00270160	-0.05208060	-7.89148e-07
8018	31.77790	33.18750	38.33830	0.02244090	0.03080910	-0.07876770	-7.89148e-07
8018	31.84530	33.18920	38.35350	0.02513800	0.03196480	-0.06594890	-7.89148e-07
8018	32.03900	33.10170	38.41310	-0.00691963	0.00178201	-0.01590330	-7.89148e-07
8018	32.01850	33.08960	38.40900	-0.00134539	-0.00497350	-0.01573140	-7.89148e-07
8018	31.74670	33.20060	38.33270	0.08049870	-0.02052990	-0.06461880	-7.89148e-07
8018	31.71310	33.17370	38.33380	0.07059060	0.05508200	-0.05508590	-7.89148e-07
8018	31.64080	33.22000	38.31100	0.02290420	0.00923649	-0.07259150	-7.89148e-07
8018	31.58940	33.17750	38.31130	0.04067370	0.01133930	-0.00773282	-7.89148e-07
8018	31.73200	33.20730	38.33700	0.06448900	0.00431386	-0.05802080	-7.89148e-07
8018	31.67210	33.18540	38.33200	0.04831280	-0.02466690	-0.02261800	-7.89148e-07
8018	31.70900	33.14160	38.32650	0.00745894	0.00265612	-0.08765100	-7.89148e-07
8018	31.71650	33.21850	38.33520	0.06344650	-0.01577580	-0.07683890	-7.89148e-07
8018	31.62160	33.23930	38.31470	-0.01018470	0.02524570	-0.07607570	-7.89148e-07
8018	31.63780	33.11990	38.31900	0.03000750	0.02382940	-0.03497090	-7.89148e-07
8018	31.63910	33.15670	38.32530	0.04339620	0.02583040	-0.04136150	-7.89148e-07
8018	31.61690	33.17810	38.29960	0.01506860	-0.01321030	-0.08209370	-7.89148e-07
8018	31.58140	33.12740	38.29450	0.06419220	0.00038392	-0.03337930	-7.89148e-07
8018	31.65280	33.22450	38.31310	0.01382670	-0.00341826	-0.06538270	-7.89148e-07
8019	31.79940	33.13230	38.35360	0.03815310	-0.02845640	0.00349114	-7.89148e-07
8019	31.88470	33.11060	38.36750	-0.02099710	-0.03337230	-0.03505850	-7.89148e-07
8019	31.82680	33.12950	38.36090	0.04727380	0.06007110	-0.02597420	-7.89148e-07
8019	31.86930	33.18200	38.37280	-0.04413130	-0.01652040	-0.03786330	-7.89148e-07
8019	31.90800	33.12070	38.37610	0.01672310	-0.01002510	-0.01912670	-7.89148e-07
8019	31.90480	33.10260	38.38580	0.00868289	0.00418834	-0.01284230	-7.89148e-07
8019	31.85030	33.14550	38.36580	0.04392840	0.02717680	0.00144644	-7.89148e-07
8019	31.80700	33.12810	38.36700	0.01713590	-0.06460200	0.00757658	-7.89148e-07
8019	31.75410	33.20130	38.35020	0.02037970	-0.00957746	-0.00192501	-7.89148e-07
8019	31.75060	33.18150	38.34470	0.05637280	-0.00000899	0.03213370	-7.89148e-07
8019	31.75960	33.18890	38.34380	-0.04622410	-0.01839850	-0.01562510	-7.89148e-07
8019	31.72130	33.13240	38.34070	-0.04686650	0.03167460	-0.02649750	-7.89148e-07
8019	31.69550	33.18850	38.32910	-0.08003490	-0.01867110	-0.02446220	-7.89148e-07
8019	31.70890	33.17520	38.33690	-0.00189334	0.00933657	0.00594157	-7.89148e-07
8019	31.66140	33.18480	38.32700	-0.00822619	-0.03015930	-0.03099090	-7.89148e-07
8019	31.69540	33.12930	38.34090	-0.02315870	-0.00128539	-0.03226930	-7.89148e-07
8019	31.72630	33.17870	38.33630	0.01204400	-0.02363190	0.00145379	-7.89148e-07
8019	31.60500	33.14480	38.31220	-0.01451210	-0.05085420	-0.02320740	-7.89148e-07
8019	31.60560	33.22130	38.30980	0.01512150	0.03810780	-0.00901168	-7.89148e-07
8019	31.62780	33.22630	38.32010	0.02250890	0.01400170	0.00474179	-7.89148e-07
8019	31.69280	33.14380	38.33550	-0.01149200	0.00297790	0.00203376	-7.89148e-07
8019	31.59180	33.20530	38.28130	0.01255660	0.00248310	-0.05733830	-7.89148e-07
8019	31.62340	33.17040	38.31030	-0.01817540	-0.01950620	-0.03546650	-7.89148e-07
8019	31.72840	33.13650	38.34410	-0.01469680	-0.01126040	-0.00920892	-7.89148e-07
8019	31.66260	33.16300	38.33170	0.04290180	0.02236390	0.03012060	-7.89148e-07
8019	31.75210	33.12700	38.35440	0.01904240	-0.03147880	-0.00831111	-7.89148e-07
8020	31.82640	33.20290	38.36810	0.02505290	0.05392550	-0.03724750	-7.89148e-07
8020	31.95330	33.16870	38.38620	0.00990958	0.01163650	-0.02973460	-7.89148e-07
8020	31.82130	33.11240	38.35530	0.04765570	0.06114940	-0.03451510	-7.89148e-07
8020	31.82800	33.10620	38.35450	-0.02837280	-0.03220160	-0.06645300	-7.89148e-07
8020	31.84700	33.18340	38.35730	0.03724380	-0.00381389	-0.04900170	-7.89148e-07
8020	31.80050	33.10820	38.36190	0.04021710	-0.01739560	-0.03349800	-7.89148e-07
8020	31.69830	33.21660	38.33890	0.00463428	-0.06463080	-0.03470560	-7.89148e-07
8020	31.70280	33.19110	38.33850	-0.02333120	0.05295850	-0.05666860	-7.89148e-07
8020	31.79700	33.20040	38.35890	-0.04583320	0.04758510	-0.06643980	-7.89148e-07
8020	31.65370	33.18800	38.32590	0.01121190	-0.05316270	-0.05420040	-7.89148e-07
8020	31.69730	33.12730	38.34140	0.05879670	0.02427800	-0.01841750	-7.89148e-07
8020	31.64930	33.16830	38.32830	0.00183807	-0.01022750	-0.03432580	-7.89148e-07
8020	31.66850	33.15270	38.33100	0.01489240	-0.00172002	-0.03721480	-7.89148e-07
8020	31.67510	33.15030	38.31190	0.06194870	0.00536491	-0.06405890	-7.89148e-07
8020	31.58120	33.13940	38.29620	0.00413825	0.04329410	-0.06359660	-7.89148e-07
8020	31.70970	33.19980	38.32670	0.01269780	0.00108703	-0.06708120	-7.89148e-07
8020	31.72010	33.16230	38.33560	0.03412380	0.02559790	-0.05471370	-7.89148e-07
8020	31.64860	33.13970	38.32850	0.05827900	-0.02013800	-0.01841080	-7.89148e-07
8020	31.74710	33.12070	38.35270	0.03506270	-0.00910123	-0.03192890	-7.89148e-07
8020	31.59870	33.18770	38.31350	0.03637080	0.01158730	-0.01254820	-7.89148e-07
8020	31.58430	33.13600	38.30720	0.03774520	0.05014280	-0.01373400	-7.89148e-07
8020	31.59790	33.13260	38.30970	0.02779420	-0.01459050	-0.05587060	-7.89148e-07
8020	31.64370	33.22700	38.31070	0.05494330	-0.01030680	-0.05028660	-7.89148e-07
8020	31.62750	33.23300	38.31690	0.06494650	0.01841710	-0.02770590	-7.89148e-07
8020	31.58260	33.15380	38.29400	0.00265461	-0.00117534	-0.05532180	-7.89148e-07
8020	31.63700	33.12340	38.32120	0.05024630	-0.00586985	-0.01467830	-7.89148e-07
8020	31.61890	33.21040	38.31530	0.03521880	-0.04193870	-0.05114220	-7.89148e-07
8020	31.78150	33.17730	38.35390	0.02359710	0.02784490	-0.03978510	-7.89148e-07
8021	31.87430	33.19400	38.35220	-0.01380370	-0.04106120	-0.04969990	-7.89148e-07
8021	31.94960	33.17820	38.39080	0.00614224	0.03119290	-0.02482680	-7.89148e-07
8021	32.01950	33.10840	38.40520	0.04066320	0.03664640	0.00350141	-7.89148e-07
8021	31.88740	33.12850	38.37550	0.01445250	0.01394950	-0.03827110	-7.89148e-07
8021	31.82840	33.12340	38.37100	0.03885290	0.01915700	-0.00237203	-7.89148e-07
8021	31.89010	33.16860	38.37090	-0.03167940	0.02032310	-0.03522520	-7.89148e-07
8021	31.79920	33.17680	38.36150	-0.00175230	-0.00212168	-0.02986090	-7.89148e-07
8021	31.80920	33.12850	38.35910	-0.00097811	0.04379750	-0.02684400	-7.89148e-07
8021	31.88670	33.15530	38.38240	0.03970610	-0.05018580	-0.00376734	-7.89148e-07
8021	31.85020	33.12720	38.36370	0.00715934	-0.01269440	-0.01808130	-7.89148e-07
8021	31.78190	33.17170	38.35290	0.01989430	-0.01000650	-0.01317280	-7.89148e-07
8021	31.77320	33.14090	38.33700	-0.00816708	-0.00235220	-0.06161930	-7.89148e-07
8021	31.78660	33.18370	38.35770	0.01499200	0.03948880	-0.01484260	-7.89148e-07
8021	31.77070	33.17040	38.35810	0.00109110	-0.00435824	-0.01091380	-7.89148e-07
8021	31.68910	33.14080	38.33210	0.03302100	0.00502994	-0.00015384	-7.89148e-07
8021	31.72370	33.20740	38.34580	0.00873413	0.00822373	0.00717823	-7.89148e-07
8021	31.69080	33.20720	38.33580	-0.00164453	0.00797960	0.00931066	-7.89148e-07
8021	31.73000	33.14330	38.32810	-0.00246772	0.01766790	-0.03011350	-7.89148e-07
8021	31.70660	33.15540	38.32980	0.00704167	0.01640670	-0.02268310	-7.89148e-07
8021	31.67660	33.22590	38.32790	-0.01342590	0.03483170	-0.01610980	-7.89148e-07
8021	31.68410	33.17830	38.31890	0.03424690	-0.00375691	-0.00436076	-7.89148e-07
8021	31.73100	33.14790	38.34830	0.01563820	0.00339866	-0.01149170	-7.89148e-07
8021	31.61760	33.15000	38.31630	-0.03635980	0.00308517	-0.04098320	-7.89148e-07
8021	31.73000	33.15120	38.33950	0.00054618	-0.00323418	-0.03166640	-7.89148e-07
8021	31.61440	33.22700	38.31410	-0.01297710	0.03536950	-0.00408656	-7.89148e-07
8021	31.68670	33.13260	38.33850	0.00018170	-0.04046980	-0.02367830	-7.89148e-07
8021	31.61860	33.20450	38.31760	0.01241260	0.03222190	-0.01283160	-7.89148e-07
8021	31.64900	33.19470	38.31830	0.02761520	-0.01333050	-0.00802590	-7.89148e-07
8021	31.69220	33.11910	38.33210	0.00677162	0.01663290	-0.01757870	-7.89148e-07
8021	31.66730	33.22550	38.32970	-0.03133150	0.01824240	-0.00567443	-7.89148e-07
8021	31.61600	33.18200	38.30750	-0.00441520	-0.01164960	-0.02691300	-7.89148e-07
8021	31.67310	33.18730	38.32800	0.01103370	-0.01115170	0.01112660	-7.89148e-07
8022	31.79880	33.19110	38.33800	-0.01190190	0.01464070	-0.08859680	-7.89148e-07
8022	32.00510	33.13000	38.39940	0.02078750	-0.03237970	-0.04522330	-7.89148e-07
8022	31.87600	33.17200	38.36720	0.01628420	-0.01204760	-0.05116810	-7.89148e-07
8022	31.92460	33.10250	38.37530	0.04193720	0.01074700	-0.03245160	-7.89148e-07
8022	31.94140	33.13170	38.39460	0.01547560	-0.01285790	-0.00473989	-7.89148e-07
8022	31.86940	33.19220	38.37700	-0.00950497	0.00654007	-0.05164200	-7.89148e-07
8022	31.98920	33.14520	38.40430	-0.00128455	0.02430380	-0.00796794	-7.89148e-07
8022	31.98850	33.10650	38.40370	0.03903890	-0.02933570	-0.02997940	-7.89148e-07
8022	31.82330	33.20550	38.36870	0.04033510	0.05577410	-0.03051770	-7.89148e-07
8022	31.98060	33.09650	38.40050	-0.00713860	-0.04393650	-0.02498400	-7.89148e-07
8022	31.92380	33.18370	38.39050	0.04169200	0.00067837	-0.03405440	-7.89148e-07
8022	31.94730	33.12150	38.39450	-0.00185253	0.00407952	-0.02920060	-7.89148e-07
8022	31.78670	33.19500	38.35030	0.02791930	-0.01871310	-0.07539910	-7.89148e-07
8022	31.87170	33.10510	38.38000	-0.01984700	-0.02866960	-0.03046670	-7.89148e-07
8022	31.72100	33.19720	38.34240	0.00232875	0.01012890	-0.05816760	-7.89148e-07
8022	31.69410	33.22800	38.32440	0.00691344	0.02783090	-0.06670700	-7.89148e-07
8022	31.67720	33.12630	38.33440	0.05645390	-0.03397080	-0.01163730	-7.89148e-07
8022	31.68550	33.13180	38.33150	0.05874330	-0.00256534	-0.03573190	-7.89148e-07
8022	31.58800	33.16890	38.31190	0.04283590	-0.02911080	-0.00260508	-7.89148e-07
8022	31.66440	33.22920	38.32590	0.02014680	0.02701230	-0.04564180	-7.89148e-07
8022	31.70850	33.15050	38.34210	0.05274640	-0.03863620	-0.06444930	-7.89148e-07
8022	31.62750	33.15940	38.32200	0.01126230	0.01124750	-0.01936910	-7.89148e-07
8022	31.72750	33.14190	38.33580	-0.00385229	0.00099834	-0.05711230	-7.89148e-07
8022	31.58070	33.13550	38.30080	0.04752570	-0.00892410	-0.01879850	-7.89148e-07
8022	31.62560	33.12320	38.32390	0.03897390	0.02693560	-0.02552530	-7.89148e-07
8022	31.64200	33.14980	38.31230	0.04156000	-0.01254030	-0.07225930	-7.89148e-07
8022	31.61530	33.18480	38.31730	0.06472180	-0.00510710	-0.01399570	-7.89148e-07
8022	31.68160	33.20360	38.32590	0.00435525	0.02841520	-0.04858220	-7.89148e-07
8022	31.65000	33.21690	38.31430	0.04960420	0.03561510	-0.04112580	-7.89148e-07
8022	31.61300	33.21220	38.30780	-0.00451523	0.02092250	-0.06986000	-7.89148e-07
8022	31.63570	33.19970	38.30130	0.00628836	0.01294680	-0.07717980	-7.89148e-07
8023	31.95610	33.17330	38.39520	0.02959550	0.00706231	-0.03711260	-7.89148e-07
8023	31.87530	33.09870	38.37010	0.02877040	-0.02034690	-0.03619880	-7.89148e-07
8023	31.95690	33.18290	38.39690	0.04177510	0.04518940	0.01006770	-7.89148e-07
8023	31.82900	33.11310	38.37130	-0.00171812	0.01495480	-0.02869420	-7.89148e-07
8023	31.88530	33.18890	38.36730	-0.03605570	-0.00723420	-0.03546920	-7.89148e-07
8023	31.90790	33.17620	38.38360	0.06827500	0.01234510	0.02147170	-7.89148e-07
8023	31.85030	33.18400	38.37520	-0.00208485	-0.05065590	-0.02728440	-7.89148e-07
8023	31.82360	33.17970	38.35950	-0.01677270	0.05734860	-0.02101140	-7.89148e-07
8023	31.75370	33.14710	38.34820	-0.01658680	-0.01661090	-0.01784200	-7.89148e-07
8023	31.76240	33.13920	38.34770	-0.00832635	0.01085250	-0.02490970	-7.89148e-07
8023	31.68760	33.20370	38.32420	-0.04311430	0.02690090	-0.02128560	-7.89148e-07
8023	31.72390	33.21660	38.32970	0.05058130	-0.00856692	-0.01351080	-7.89148e-07
8023	31.71170	33.20800	38.33790	-0.04423540	-0.05850380	-0.01135420	-7.89148e-07
8023	31.73130	33.12760	38.34970	-0.00993648	-0.02871320	-0.02845420	-7.89148e-07
8023	31.73130	33.21510	38.34680	-0.00411059	-0.00820529	0.00899698	-7.89148e-07
8023	31.59710	33.16540	38.31160	-0.01295530	-0.04349960	-0.01416580	-7.89148e-07
8023	31.60160	33.23810	38.30840	-0.00541310	0.00635191	0.00116925	-7.89148e-07
8023	31.64310	33.19140	38.32620	-0.01201590	-0.00425847	0.00001944	-7.89148e-07
8023	31.64820	33.16840	38.31890	-0.00552959	-0.04325160	-0.01220060	-7.89148e-07
8023	31.63080	33.23280	38.30130	0.02185130	-0.02605870	-0.03101640	-7.89148e-07
8023	31.66140	33.15290	38.32330	0.00828937	0.00999724	-0.00402590	-7.89148e-07
8023	31.70960	33.11690	38.33940	-0.00684607	-0.01110900	-0.01996930	-7.89148e-07
8023	31.65710	33.22470	38.31770	0.00809844	-0.04864610	-0.00160340	-7.89148e-07
8023	31.67830	33.22540	38.32960	-0.00013359	0.01090990	-0.01434770	-7.89148e-07
8024	31.92610	33.09820	38.39320	0.00980202	0.01933340	-0.04545980	-7.89148e-07
8024	31.87440	33.12380	38.36750	-0.02591620	0.01415340	-0.05226300	-7.89148e-07
8024	31.81990	33.16860	38.35500	-0.03848720	0.02534540	-0.06836430	-7.89148e-07
8024	31.98890	33.16570	38.39800	-0.01391680	-0.02483050	-0.04318110	-7.89148e-07
8024	31.88720	33.18210	38.37950	-0.01347630	0.03236780	-0.03947200	-7.89148e-07
8024	31.93030	33.18230	38.37800	0.05001620	0.01889380	-0.02820930	-7.89148e-07
8024	31.89870	33.15750	38.37320	0.00750598	0.01760030	-0.03675740	-7.89148e-07
8024	32.04320	33.15610	38.40930	0.00281814	-0.01357950	-0.01859450	-7.89148e-07
8024	31.82640	33.16820	38.36430	0.00914525	0.01043280	-0.03918400	-7.89148e-07
8024	31.82810	33.17990	38.36370	0.00640377	0.00695725	-0.03800810	-7.89148e-07
8024	31.88840	33.09730	38.38050	-0.02112500	-0.00519655	-0.03327190	-7.89148e-07
8024	31.84900	33.12160	38.37270	-0.00694081	0.00976864	-0.03109770	-7.89148e-07
8024	31.76630	33.11720	38.34360	-0.00084354	-0.01389650	-0.04626810	-7.89148e-07
8024	31.75410	33.12190	38.34450	0.01557420	0.04023300	-0.04594100	-7.89148e-07
8024	31.75440	33.14690	38.34490	-0.00193703	-0.03306670	-0.05741360	-7.89148e-07
8024	31.66960	33.15830	38.33190	-0.01136690	-0.01844350	-0.02878830	-7.89148e-07
8024	31.61710	33.23220	38.31810	0.02031130	-0.00807400	-0.02700260	-7.89148e-07
8024	31.70330	33.18100	38.33580	0.01647420	0.03586470	-0.05788140	-7.89148e-07
8024	31.68220	33.16990	38.31890	0.04287550	-0.06448330	-0.03723030	-7.89148e-07
8024	31.70950	33.18110	38.33520	0.01035750	-0.02846570	-0.05001140	-7.89148e-07
8024	31.73870	33.12110	38.33160	0.03059160	0.02161740	-0.04482880	-7.89148e-07
8024	31.71930	33.18260	38.32820	-0.00998604	0.01698310	-0.07672360	-7.89148e-07
8024	31.70130	33.13410	38.33960	0.03238240	-0.01717940	-0.02265920	-7.89148e-07
8024	31.59530	33.19650	38.29960	0.07195360	0.00508368	-0.01672900	-7.89148e-07
8024	31.72050	33.17340	38.34130	0.02781300	0.00395013	-0.02524230	-7.89148e-07
8024	31.62250	33.17630	38.31950	0.07198240	0.01575310	-0.02962640	-7.89148e-07
8024	31.63670	33.16050	38.32310	0.03405760	0.01367420	-0.03501120	-7.89148e-07
8024	31.67220	33.20240	38.32720	0.03247990	0.00277540	-0.04788850	-7.89148e-07
8024	31.71240	33.12340	38.34320	0.00850979	0.01774240	-0.03178630	-7.89148e-07
8024	31.62090	33.21690	38.30820	-0.00343637	-0.00439505	-0.06376000	-7.89148e-07
8025	31.95370	33.18230	38.39400	0.00926023	0.01775710	-0.00054708	-7.89148e-07
8025	31.88480	33.18500	38.37470	0.01321770	0.03118540	-0.05485250	-7.89148e-07
8025	31.86280	33.12630	38.36880	-0.08745740	-0.01551800	-0.06642560	-7.89148e-07
8025	31.92540	33.17140	38.39090	-0.00936562	-0.02395770	-0.02702830	-7.89148e-07
8025	31.76770	33.14080	38.33580	0.00122967	0.01076210	-0.04012320	-7.89148e-07
8025	31.86710	33.15720	38.37620	0.07327830	-0.01612250	0.01034790	-7.89148e-07
8025	31.79290	33.18830	38.35880	0.02646770	-0.04449140	0.00438468	-7.89148e-07
8025	31.83760	33.19550	38.36150	0.01096900	0.01299560	-0.01425600	-7.89148e-07
8025	31.87760	33.15900	38.37080	0.02447710	0.03001220	-0.02839170	-7.89148e-07
8025	31.86080	33.15110	38.37130	0.03760450	0.00472864	-0.00050995	-7.89148e-07
8025	31.75240	33.17950	38.34620	0.02816020	-0.00656659	0.00677010	-7.89148e-07
8025	31.66830	33.17070	38.33250	-0.00280169	-0.04172710	0.00786104	-7.89148e-07
8025	31.72590	33.16390	38.31950	0.05445130	0.04597100	-0.02983310	-7.89148e-07
8025	31.65190	33.11870	38.31600	0.06464790	-0.04953700	-0.00082849	-7.89148e-07
8025	31.64030	33.21670	38.30370	0.01144360	-0.03112100	-0.04641710	-7.89148e-07
8025	31.58760	33.13390	38.30870	0.02155220	-0.01744000	-0.02930220	-7.89148e-07
8025	31.70080	33.22250	38.33410	-0.00852147	-0.02285960	-0.00155332	-7.89148e-07
8025	31.64430	33.23590	38.32150	0.00464939	-0.01817410	-0.00523862	-7.89148e-07
8025	31.60360	33.20370	38.30770	0.00102320	-0.02800770	-0.01687420	-7.89148e-07
8025	31.61580	33.22320	38.31040	0.03080170	0.01740980	0.00496085	-7.89148e-07
8025	31.59500	33.15090	38.31440	-0.02284300	-0.01773830	-0.01322540	-7.89148e-07
8025	31.63390	33.12080	38.32070	-0.00345297	0.00268365	-0.00645662	-7.89148e-07
8025	31.64720	33.20270	38.31560	0.00398443	-0.01655410	-0.01512990	-7.89148e-07
8025	31.61750	33.17520	38.31740	0.01996560	-0.02686490	-0.02643940	-7.89148e-07
8025	31.62450	33.13980	38.31910	-0.01728100	-0.02949670	-0.00949791	-7.89148e-07
8025	31.68630	33.14470	38.33630	-0.00645308	0.00114279	-0.01039640	-7.89148e-07
8025	31.62360	33.18040	38.32100	0.02349810	0.03143570	0.01013730	-7.89148e-07
8025	31.60440	33.20390	38.31160	0.02761420	-0.01140040	-0.00076824	-7.89148e-07
8025	31.65940	33.21360	38.31960	0.02440820	0.00302790	-0.01181360	-7.89148e-07
8025	31.75220	33.14120	38.34920	0.00192639	-0.01147780	-0.01694490	-7.89148e-07
8025	31.68470	33.18100	38.33690	0.01195460	-0.03040120	0.00307427	-7.89148e-07
8025	31.68980	33.21460	38.33730	0.01616470	0.00402686	0.02277360	-7.89148e-07
8026	31.96790	33.10890	38.39370	0.01428510	0.00063022	-0.04997850	-7.89148e-07
8026	31.96870	33.16820	38.38520	0.02107730	0.04408200	-0.03029060	-7.89148e-07
8026	31.95140	33.10460	38.39710	0.00847670	-0.01479100	-0.00333378	-7.89148e-07
8026	31.89370	33.15100	38.38390	0.02515040	-0.02479100	-0.03642430	-7.89148e-07
8026	31.82580	33.16840	38.35780	0.01135730	0.05307160	-0.06030940	-7.89148e-07
8026	31.88560	33.18780	38.38130	0.04158180	0.00748300	-0.07128830	-7.89148e-07
8026	31.83570	33.12570	38.36620	-0.00819755	-0.03324780	-0.04931270	-7.89148e-07
8026	31.82660	33.15650	38.36830	0.01919040	-0.04219370	-0.01711690	-7.89148e-07
8026	31.86830	33.13080	38.37910	0.01509050	0.02828540	-0.02091050	-7.89148e-07
8026	31.92240	33.11240	38.38290	0.00843902	-0.00647412	-0.03259820	-7.89148e-07
8026	31.82020	33.18880	38.36610	-0.00661379	0.01057580	-0.03739340	-7.89148e-07
8026	31.90570	33.17590	38.37990	0.00767818	-0.03798850	-0.02049240	-7.89148e-07
8026	31.70600	33.18780	38.33260	0.06786480	0.04988310	-0.01885480	-7.89148e-07
8026	31.73550	33.14640	38.33550	0.00662109	-0.00594376	-0.06248990	-7.89148e-07
8026	31.59800	33.16830	38.30970	0.01104050	-0.00731926	-0.03119530	-7.89148e-07
8026	31.62530	33.18630	38.32120	0.02865170	0.03021600	-0.01890480	-7.89148e-07
8026	31.64150	33.17810	38.31720	0.03117050	0.01695720	-0.02361840	-7.89148e-07
8026	31.71450	33.17980	38.34310	0.00847689	-0.01741440	-0.02604970	-7.89148e-07
8027	31.83230	33.15360	38.37010	0.01237230	-0.03651060	-0.03127740	-7.89148e-07
8027	31.96230	33.15650	38.39000	0.00386912	-0.01956150	-0.01339620	-7.89148e-07
8027	31.93250	33.18240	38.37380	-0.00995159	0.02374160	-0.04910550	-7.89148e-07
8027	31.77590	33.12560	38.35980	0.00539987	-0.05161980	-0.00287764	-7.89148e-07
8027	31.90250	33.17060	38.37620	-0.04669960	-0.02308080	-0.03538470	-7.89148e-07
8027	31.85590	33.13750	38.37420	0.03278810	-0.02804420	-0.02512970	-7.89148e-07
8027	31.77400	33.14290	38.34400	0.05055860	-0.03070330	-0.04095010	-7.89148e-07
8027	31.79190	33.12170	38.36310	0.00074543	-0.02973230	-0.00561735	-7.89148e-07
8027	31.59390	33.21250	38.31170	-0.02547740	-0.05755910	-0.01313250	-7.89148e-07
8027	31.73210	33.12150	38.34650	0.05095910	0.00197457	0.00042577	-7.89148e-07
8027	31.67240	33.15750	38.33110	-0.01450720	0.01667070	-0.01994520	-7.89148e-07
8027	31.70610	33.12390	38.33700	0.02102620	0.03482600	0.00500540	-7.89148e-07
8027	31.59660	33.24620	38.31160	0.01198450	-0.03213280	0.00339394	-7.89148e-07
8027	31.61070	33.14490	38.31170	-0.01916220	-0.01459710	-0.05123750	-7.89148e-07
8027	31.59180	33.14110	38.30740	0.00273632	-0.02002880	-0.03543810	-7.89148e-07
8027	31.66330	33.15430	38.31880	0.02838840	-0.01170420	-0.00802532	-7.89148e-07
8027	31.68860	33.12690	38.33980	-0.02197460	0.01723380	-0.00849806	-7.89148e-07
8027	31.63930	33.23220	38.30680	-0.01080590	-0.01890520	-0.02773970	-7.89148e-07
8027	31.57910	33.13810	38.30580	-0.00230055	-0.00032344	-0.01615890	-7.89148e-07
8027	31.61680	33.21680	38.30990	0.05235730	-0.04496850	-0.00413660	-7.89148e-07
8027	31.58410	33.15430	38.30540	-0.03292550	0.02462140	-0.04422960	-7.89148e-07
8027	31.62080	33.12110	38.31650	-0.02752230	0.00409482	-0.03850810	-7.89148e-07
8027	31.63230	33.20100	38.29930	0.00434565	-0.03149840	-0.04146200	-7.89148e-07
8027	31.58970	33.13650	38.30640	0.00996408	-0.02102390	-0.01283990	-7.89148e-07
8027	31.62210	33.20920	38.31520	0.00692088	-0.02690100	-0.01372180	-7.89148e-07
8027	31.67160	33.16620	38.33450	-0.04613970	0.00310876	-0.01568790	-7.89148e-07
8027	31.69300	33.14270	38.32640	-0.00393358	-0.04309480	-0.02508840	-7.89148e-07
8027	31.69050	33.15310	38.33900	0.04161130	-0.03222450	0.01547150	-7.89148e-07
8027	31.62240	33.15230	38.30490	0.03170180	-0.02990450	-0.03688100	-7.89148e-07
8027	31.80110	33.20230	38.35740	-0.03264670	-0.02689950	-0.01619480	-7.89148e-07
8028	31.87670	33.19710	38.37410	-0.00975341	0.01481850	-0.03860070	-7.89148e-07
8028	31.92300	33.09750	38.38850	0.03246680	-0.02171750	-0.04814810	-7.89148e-07
8028	31.88870	33.18720	38.36740	0.05674760	-0.01776650	-0.03181710	-7.89148e-07
8028	31.82780	33.16450	38.36780	0.01900510	-0.01597610	-0.03908410	-7.89148e-07
8028	31.81260	33.14850	38.35470	0.03933620	0.00019377	-0.02942010	-7.89148e-07
8028	31.89340	33.17020	38.37980	0.01989910	-0.01190580	-0.03784980	-7.89148e-07
8028	31.77110	33.20410	38.35530	-0.02783660	-0.01338150	-0.06560270	-7.89148e-07
8028	31.84000	33.13140	38.36820	-0.01673070	0.00945479	-0.05218530	-7.89148e-07
8028	31.85700	33.18990	38.36560	-0.03344670	0.01149970	-0.04746760	-7.89148e-07
8028	31.78010	33.21320	38.34960	-0.00415008	-0.00156756	-0.03726630	-7.89148e-07
8028	31.77360	33.18060	38.35270	0.01957980	-0.01243130	-0.02722000	-7.89148e-07
8028	31.78620	33.12140	38.36190	0.00779309	0.03083120	-0.03071070	-7.89148e-07
8028	31.75310	33.17350	38.33930	0.03744790	0.01391400	-0.02909990	-7.89148e-07
8028	31.70510	33.18070	38.32250	0.03779400	-0.00356021	-0.04685110	-7.89148e-07
8028	31.67990	33.21480	38.31710	-0.00607286	-0.02989160	-0.07293440	-7.89148e-07
8028	31.60700	33.20200	38.31670	-0.00975771	0.02177290	-0.04584030	-7.89148e-07
8028	31.63260	33.15090	38.32200	0.01832540	-0.00831952	-0.00845070	-7.89148e-07
8028	31.59370	33.17250	38.30700	0.04218820	-0.06682330	-0.02864120	-7.89148e-07
8028	31.72370	33.11760	38.33270	0.00542659	-0.00800209	-0.04645810	-7.89148e-07
8028	31.68380	33.16910	38.33500	0.01471840	0.00341574	-0.02464470	-7.89148e-07
8028	31.61550	33.18210	38.31480	0.02294670	-0.01695250	-0.02562380	-7.89148e-07
8028	31.57580	33.13840	38.30970	0.03225660	0.02355200	-0.01959320	-7.89148e-07
8028	31.70700	33.15660	38.34000	0.02294870	0.01795080	-0.03056600	-7.89148e-07
8028	31.67390	33.17170	38.32660	0.01605290	0.02558010	-0.02660400	-7.89148e-07
8028	31.72110	33.17720	38.34490	0.02680110	0.00069106	-0.01451380	-7.89148e-07
8028	31.68590	33.16680	38.33560	-0.07319790	0.01906230	-0.05128660	-7.89148e-07
8029	31.84640	33.15670	38.36620	-0.00061197	-0.00541377	-0.01890630	-7.89148e-07
8029	31.93970	33.17290	38.39060	0.03250820	0.05798800	-0.01358580	-7.89148e-07
8029	31.82640	33.20270	38.36800	-0.01908840	0.00912398	-0.02834460	-7.89148e-07
8029	31.97000	33.16050	38.39660	-0.00417080	-0.05297780	-0.01923370	-7.89148e-07
8029	31.89710	33.16390	38.36390	-0.04322510	-0.01171860	-0.07067400	-7.89148e-07
8029	31.90960	33.12750	38.38650	0.02857340	0.00081908	-0.02809440	-7.89148e-07
8029	31.99970	33.13800	38.39690	0.00253920	0.01510160	-0.04478000	-7.89148e-07
8029	31.81130	33.18240	38.35660	-0.03329620	0.02297220	-0.02812250	-7.89148e-07
8029	31.82930	33.15490	38.36930	0.04742820	-0.06108210	-0.00485002	-7.89148e-07
8029	31.88740	33.12100	38.37580	0.01998470	-0.00292200	-0.01147660	-7.89148e-07
8029	31.80540	33.20080	38.35610	0.06165750	-0.00172416	0.00446828	-7.89148e-07
8029	31.75680	33.19860	38.35320	-0.00618888	0.00980066	0.00001875	-7.89148e-07
8029	31.66010	33.18540	38.32040	0.01372950	0.05407300	-0.02103490	-7.89148e-07
8029	31.66550	33.22020	38.32480	0.07440010	0.04218390	-0.02668230	-7.89148e-07
8029	31.69590	33.18360	38.32990	-0.01124140	0.05983580	-0.01753160	-7.89148e-07
8029	31.59260	33.12440	38.31200	0.02755970	-0.00164627	-0.02893150	-7.89148e-07
8029	31.80960	33.18280	38.36260	-0.08773000	-0.03530520	-0.03800840	-7.89148e-07
8029	31.72740	33.19400	38.34690	-0.01296880	0.05417090	-0.00198291	-7.89148e-07
8029	31.62220	33.20520	38.31050	0.05518890	0.05766050	-0.00623904	-7.89148e-07
8029	31.66940	33.15270	38.33230	0.01030710	0.01168430	0.00723552	-7.89148e-07
8029	31.62990	33.17460	38.30520	-0.00079709	-0.02864230	-0.04645290	-7.89148e-07
8029	31.59220	33.12700	38.30360	0.02422060	-0.05330440	-0.02000200	-7.89148e-07
8029	31.62210	33.22630	38.31860	-0.01044130	0.05171610	-0.00915024	-7.89148e-07
8030	31.76150	33.15320	38.35380	-0.01466800	-0.01793090	-0.03298310	-7.89148e-07
8030	31.89950	33.15070	38.37010	0.01512420	0.02056290	-0.05885800	-7.89148e-07
8030	31.99440	33.12140	38.39580	0.00934797	-0.00851314	-0.02602930	-7.89148e-07
8030	32.00590	33.13560	38.40740	0.03044310	-0.04809210	0.00106464	-7.89148e-07
8030	31.90490	33.17080	38.37270	0.04071420	-0.04304380	-0.05751530	-7.89148e-07
8030	32.02750	33.15840	38.40250	-0.04253850	-0.00197926	-0.03791880	-7.89148e-07
8030	31.82380	33.16700	38.36250	-0.00282521	-0.00286197	-0.05433480	-7.89148e-07
8030	31.84750	33.10690	38.36110	0.03197600	-0.00872128	-0.02684890	-7.89148e-07
8030	31.86790	33.14640	38.37280	0.05812220	-0.03384710	-0.00609582	-7.89148e-07
8030	31.84120	33.13160	38.37090	0.00809382	-0.00830064	-0.03284720	-7.89148e-07
8030	31.83410	33.17040	38.37100	-0.01049160	-0.01374280	-0.03406630	-7.89148e-07
8030	31.81350	33.15550	38.36590	-0.03338670	0.00886518	-0.05134540	-7.89148e-07
8030	31.79260	33.16080	38.36200	0.04523090	0.02232750	-0.00781627	-7.89148e-07
8030	31.74880	33.15540	38.33030	0.03111480	0.02918680	-0.04746530	-7.89148e-07
8030	31.75940	33.13050	38.34900	0.04188550	0.00231009	-0.00632266	-7.89148e-07
8030	31.72330	33.15260	38.32300	0.02460660	-0.03387690	-0.07041520	-7.89148e-07
8030	31.64290	33.14290	38.31430	0.03024050	-0.02086080	-0.02577920	-7.89148e-07
8030	31.69300	33.22350	38.33720	0.04100220	0.04058500	-0.02712970	-7.89148e-07
8030	31.66490	33.19800	38.32250	0.00602497	0.01708630	-0.05004510	-7.89148e-07
8030	31.81150	33.19370	38.36350	0.01435820	-0.01446170	-0.01221300	-7.89148e-07
8030	31.66730	33.22610	38.32350	0.00754998	0.07868710	-0.03972720	-7.89148e-07
8030	31.69070	33.18090	38.33590	0.02681930	-0.03556320	-0.01465500	-7.89148e-07
8030	31.61060	33.17430	38.31510	0.00967203	-0.04622710	-0.03717890	-7.89148e-07
8030	31.64010	33.18050	38.32370	0.02049140	-0.03700800	-0.01194060	-7.89148e-07
8030	31.59880	33.17330	38.31540	0.03898550	0.01639000	-0.00401233	-7.89148e-07
8030	31.64850	33.23770	38.32590	0.02369200	0.00560797	-0.03606980	-7.89148e-07
8030	31.64360	33.11940	38.31620	0.01133320	-0.01798750	-0.03126160	-7.89148e-07
8031	31.87570	33.13340	38.38070	0.02372360	0.01823800	-0.02938850	-7.89148e-07
8031	31.87510	33.16660	38.38080	-0.02681320	-0.02030300	-0.01426700	-7.89148e-07
8031	31.92370	33.16170	38.38370	0.01491930	-0.04648030	-0.00883384	-7.89148e-07
8031	31.92420	33.12700	38.39010	-0.01472020	0.02188130	-0.00772164	-7.89148e-07
8031	31.96450	33.14810	38.39640	0.00903790	0.01297820	-0.00934088	-7.89148e-07
8031	31.87500	33.17060	38.37330	0.03287380	-0.03731330	-0.00331745	-7.89148e-07
8031	31.79360	33.20940	38.36120	-0.03687840	-0.03687000	-0.01389150	-7.89148e-07
8031	31.76000	33.21470	38.34110	0.04371680	-0.04589750	-0.00850819	-7.89148e-07
8031	31.70340	33.13570	38.33760	-0.02619080	-0.05198780	-0.01921870	-7.89148e-07
8031	31.72580	33.18860	38.34470	0.00024886	0.03571110	-0.04065980	-7.89148e-07
8031	31.71340	33.18930	38.33410	0.05812770	0.01592470	0.00113087	-7.89148e-07
8031	31.61750	33.12240	38.31970	-0.01616600	-0.02989370	-0.01973860	-7.89148e-07
8031	31.69320	33.21120	38.33570	0.01196130	0.03054080	0.00301906	-7.89148e-07
8031	31.61320	33.21380	38.31640	-0.00973279	0.04016030	-0.00912448	-7.89148e-07
8031	31.62050	33.12070	38.30570	0.00061160	-0.01185660	-0.04409940	-7.89148e-07
8031	31.63820	33.21850	38.31650	-0.01941390	-0.01629140	-0.04342360	-7.89148e-07
8031	31.60310	33.13870	38.31640	0.01750230	0.01653730	-0.00573905	-7.89148e-07
8031	31.68850	33.16280	38.33840	0.00949077	-0.00661307	-0.01385150	-7.89148e-07
8031	31.59660	33.18830	38.31270	0.00918011	-0.01666810	-0.02237380	-7.89148e-07
8032	31.77980	33.20600	38.35640	0.00411428	0.02980820	-0.01749580	-7.89148e-07
8032	31.94950	33.11720	38.39090	0.01258170	-0.03824010	-0.01253620	-7.89148e-07
8032	32.01060	33.12330	38.39900	-0.01229010	-0.01367250	-0.03065790	-7.89148e-07
8032	31.86620	33.13500	38.35990	-0.02010190	0.02772060	-0.05585100	-7.89148e-07
8032	31.92190	33.11110	38.37920	0.02493100	-0.00067934	-0.02306370	-7.89148e-07
8032	31.89530	33.10510	38.37940	0.00574821	0.01369890	-0.02454230	-7.89148e-07
8032	31.86870	33.10900	38.37730	-0.02512650	0.01540870	-0.04455650	-7.89148e-07
8032	31.82980	33.16650	38.36820	0.03749930	0.00381031	-0.00272384	-7.89148e-07
8032	31.61400	33.19160	38.30700	0.01303270	-0.02669420	-0.03065670	-7.89148e-07
8032	31.74390	33.20870	38.34470	0.04011540	-0.01089570	-0.04605090	-7.89148e-07
8032	31.74940	33.12170	38.34920	-0.00705483	0.00973105	-0.03017650	-7.89148e-07
8032	31.72530	33.22460	38.33200	0.02427190	0.01701320	-0.03381130	-7.89148e-07
8032	31.70230	33.19900	38.33420	0.01322990	-0.00330099	-0.04290700	-7.89148e-07
8032	31.61740	33.19110	38.31300	0.01836140	-0.00417073	-0.02952940	-7.89148e-07
8032	31.59260	33.16380	38.31350	0.01076000	-0.05354680	-0.01840610	-7.89148e-07
8032	31.80230	33.19790	38.36100	-0.01750320	0.04873170	-0.02725450	-7.89148e-07
8032	31.59770	33.24090	38.30250	0.06718950	-0.00049810	-0.01129230	-7.89148e-07
8032	31.60630	33.12910	38.31880	0.04167030	0.03355170	-0.00544167	-7.89148e-07
8032	31.59500	33.17350	38.29410	0.01168030	0.03263750	-0.05093580	-7.89148e-07
8032	31.63500	33.20630	38.31880	0.00815551	-0.01463000	-0.01569410	-7.89148e-07
8032	31.65700	33.17650	38.32640	0.01767170	0.01004100	-0.00873175	-7.89148e-07
8032	31.69720	33.12760	38.33740	-0.01155110	-0.00478142	-0.03892930	-7.89148e-07
8032	31.83510	33.20130	38.37000	-0.02347350	-0.02551870	-0.02092110	-7.89148e-07
8032	31.64860	33.16100	38.32510	-0.04118090	0.00906522	-0.03878120	-7.89148e-07
8032	31.67810	33.22540	38.33230	0.00876020	-0.01118750	-0.03024550	-7.89148e-07
8032	31.70490	33.13970	38.33600	0.00689540	0.01981800	-0.02766690	-7.89148e-07
8032	31.64360	33.14190	38.32140	-0.00723410	0.04346770	-0.03505930	-7.89148e-07
8033	31.88410	33.18870	38.37680	0.00927207	0.01337420	-0.03651610	-7.89148e-07
8033	31.85220	33.14730	38.36300	0.01248540	-0.02897060	-0.02639960	-7.89148e-07
8033	31.81930	33.18460	38.36600	0.02014250	-0.05758580	0.00549699	-7.89148e-07
8033	32.02610	33.12460	38.40440	0.02008670	-0.02751020	-0.01401810	-7.89148e-07
8033	31.87670	33.13870	38.37900	0.00474928	-0.03437830	-0.00631644	-7.89148e-07
8033	31.71840	33.14820	38.34070	0.03573280	0.04497740	-0.00799549	-7.89148e-07
8033	31.75000	33.16410	38.34140	-0.00907742	-0.00243376	-0.02728470	-7.89148e-07
8033	31.74640	33.11170	38.35060	-0.00603097	0.00211166	-0.00692523	-7.89148e-07
8033	31.70250	33.12890	38.33850	-0.00335187	-0.02257980	-0.00866876	-7.89148e-07
8033	31.68960	33.20110	38.33620	-0.05685890	0.02712480	-0.02185670	-7.89148e-07
8033	31.61810	33.20490	38.31520	-0.02154310	0.01197690	-0.02267830	-7.89148e-07
8033	31.65010	33.20170	38.31600	0.01016920	0.00403414	-0.01702780	-7.89148e-07
8033	31.72890	33.15360	38.34610	0.01717170	-0.01399720	-0.00090967	-7.89148e-07
8033	31.57750	33.13880	38.30470	-0.01442150	0.00466514	-0.02866060	-7.89148e-07
8033	31.63370	33.16820	38.31940	0.03281450	0.05950290	-0.01114660	-7.89148e-07
