8000	31.92000	33.11690	38.37510	0.06819390	0.04630180	-0.29109800	-7.89148e-07
8000	31.97440	33.13440	38.37910	0.00292917	0.11998300	-0.14430400	-7.89148e-07
8000	31.97050	33.09160	38.40180	0.02853190	-0.03551920	-0.16210900	-7.89148e-07
8000	32.00370	33.09020	38.24970	0.19966700	-0.11228800	-0.35608800	-7.89148e-07
8000	31.94160	33.10170	38.31520	-0.25750000	0.09472310	-0.39512000	-7.89148e-07
8000	31.70560	33.15310	38.32700	0.14727200	-0.00154606	-0.31964800	-7.89148e-07
8000	31.69240	33.14610	38.33640	0.16236900	-0.01586900	-0.27218200	-7.89148e-07
8000	31.85450	33.13390	38.37340	0.14605300	-0.03325350	-0.16828500	-7.89148e-07
8000	31.65330	33.21220	38.32740	0.10460500	-0.02980510	-0.28015400	-7.89148e-07
8000	31.90170	33.17620	38.36050	-0.18229900	0.03226730	-0.36777600	-7.89148e-07
8000	31.63690	33.13120	38.26160	0.26875700	0.06582840	-0.22375400	-7.89148e-07
8000	31.65070	33.21870	38.25750	0.26636600	-0.25022300	-0.30421000	-7.89148e-07
8000	31.59470	33.20090	38.28190	0.13814000	-0.22976100	-0.31899400	-7.89148e-07
8000	31.70030	33.18720	38.33600	0.17873700	-0.02943210	-0.26950800	-7.89148e-07
8000	31.69070	33.13820	38.26800	0.19115200	0.00620196	-0.41733900	-7.89148e-07
8000	31.63260	33.16780	38.27740	0.06561930	-0.10196100	-0.34701300	-7.89148e-07
8000	31.80490	33.11930	38.35440	0.14927000	0.03961680	-0.21938600	-7.89148e-07
8000	31.87580	33.15990	38.37050	0.08364240	-0.00317397	-0.18333700	-7.89148e-07
8000	31.76250	33.17010	38.33130	0.17264800	-0.02026280	-0.29820100	-7.89148e-07
8000	31.90320	33.18570	38.30920	-0.25732900	0.31112300	-0.36169600	-7.89148e-07
8000	31.77800	33.10860	38.35120	0.14918800	0.02229270	-0.23750800	-7.89148e-07
8000	31.68600	33.16220	38.33220	0.12099900	0.05951710	-0.29072400	-7.89148e-07
8000	31.74310	33.17280	38.32190	0.20668000	0.00044499	-0.32210700	-7.89148e-07
8000	31.86540	33.16080	38.33090	-0.03515020	0.00643790	-0.26200000	-7.89148e-07
8000	31.78300	33.13840	38.32190	-0.01447860	0.05524460	-0.30511200	-7.89148e-07
8000	31.74980	33.12930	38.34120	0.15987200	-0.00988405	-0.27550900	-7.89148e-07
8000	31.78870	33.18360	38.33300	0.06917830	0.06700590	-0.22900900	-7.89148e-07
8000	31.73070	33.17680	38.30040	0.20033800	-0.04828100	-0.39685800	-7.89148e-07
8000	31.74500	33.15620	38.26850	0.19594200	0.03104340	-0.48465100	-7.89148e-07
8000	31.72740	33.15780	38.29960	0.19815400	0.01971520	-0.39178700	-7.89148e-07
8000	31.68260	33.13610	38.31900	0.11828300	0.02840290	-0.31026100	-7.89148e-07
8000	31.74600	33.13680	38.34670	0.13622700	0.04948090	-0.27702600	-7.89148e-07
8000	31.64440	33.19120	38.27210	0.15040700	0.08118120	-0.44351500	-7.89148e-07
8000	31.78020	33.18580	38.34220	0.10184100	0.00788356	-0.20972200	-7.89148e-07
8000	31.64580	33.14500	38.31780	0.16990800	0.02762010	-0.27012900	-7.89148e-07
8000	31.72020	33.14930	38.31360	0.19438900	0.00243770	-0.34972600	-7.89148e-07
8000	31.82550	33.20620	38.36290	0.11735600	0.02891620	-0.20242500	-7.89148e-07
8000	31.84890	33.17690	38.36810	0.08418830	-0.03150000	-0.21362400	-7.89148e-07
8000	31.91570	33.18800	38.37520	0.09668270	0.04812060	-0.17099400	-7.89148e-07
8000	31.80680	33.18050	38.32610	0.15265300	0.07022950	-0.28300700	-7.89148e-07
8000	31.75400	33.18900	38.33710	0.18700000	0.04110530	-0.27930100	-7.89148e-07
8000	31.78590	33.18610	38.35110	0.17359100	0.02979230	-0.23081400	-7.89148e-07
8000	31.75950	33.14440	38.29330	0.20899400	0.03209950	-0.38405300	-7.89148e-07
8000	31.75100	33.21680	38.30270	0.18410100	-0.02982440	-0.40757600	-7.89148e-07
8000	31.81400	33.20650	38.36100	0.14841600	0.04732130	-0.20566400	-7.89148e-07
8000	31.94810	33.18390	38.38180	0.20012400	0.20724300	-0.15074500	-7.89148e-07
8000	31.79120	33.19540	38.34180	0.18278900	-0.00354961	-0.25021900	-7.89148e-07
8000	31.80430	33.14410	38.35870	0.11798200	0.05744410	-0.22637100	-7.89148e-07
8000	31.79350	33.16320	38.35970	0.16738500	0.01525880	-0.20915400	-7.89148e-07
8000	31.85710	33.16150	38.34110	-0.04101120	-0.06740370	-0.43744200	-7.89148e-07
8000	31.79930	33.19220	38.24370	0.15610400	0.14101800	-0.32478400	-7.89148e-07
8000	31.72790	33.16550	38.34460	0.15529400	-0.06310350	-0.29851000	-7.89148e-07
8001	31.92490	33.13420	38.34730	0.15470800	0.16599600	-0.11648500	-7.89148e-07
8001	31.92490	33.14080	38.36590	0.10219500	0.11696000	-0.09324720	-7.89148e-07
8001	31.99030	33.09920	38.40150	0.00259244	-0.00047191	0.01712430	-7.89148e-07
8001	31.71550	33.16200	38.28660	0.09211070	-0.00169868	-0.03399800	-7.89148e-07
8001	31.66630	33.22900	38.32190	0.01046510	-0.02322630	0.03601970	-7.89148e-07
8001	31.69060	33.17350	38.30160	0.02626640	-0.02059500	-0.02435910	-7.89148e-07
8001	31.67730	33.20820	38.31470	0.00732547	0.01017170	-0.00890173	-7.89148e-07
8001	31.69670	33.16920	38.31850	0.02322150	-0.03787830	-0.00658739	-7.89148e-07
8001	31.67410	33.20850	38.31720	0.02751060	-0.02392080	0.01347230	-7.89148e-07
8001	31.73800	33.21050	38.32730	0.02928850	-0.03785810	-0.01594600	-7.89148e-07
8001	31.70500	33.19690	38.34080	-0.00270175	-0.02428690	0.01247850	-7.89148e-07
8001	31.73100	33.20740	38.27310	0.03522690	-0.05379710	-0.06430980	-7.89148e-07
8001	31.72670	33.21380	38.28290	0.08565090	0.00168723	-0.08818740	-7.89148e-07
8001	31.66200	33.23270	38.30030	-0.03101940	-0.03633910	0.07183140	-7.89148e-07
8001	31.70630	33.14850	38.29170	0.00309293	0.02820060	-0.06386460	-7.89148e-07
8001	31.71460	33.15950	38.34140	0.01861090	-0.02153280	0.03042850	-7.89148e-07
8001	31.68550	33.20040	38.33310	0.00645261	-0.00650974	0.00840480	-7.89148e-07
8001	31.96520	33.16620	38.28890	0.26284800	-0.18971600	0.03623810	-7.89148e-07
8001	31.65540	33.19470	38.32950	-0.05657860	-0.01394340	0.08465500	-7.89148e-07
8001	31.71690	33.18170	38.31520	0.00139322	-0.06617040	-0.04617850	-7.89148e-07
8001	31.67440	33.23080	38.30150	0.01656450	-0.04496340	-0.01061410	-7.89148e-07
8001	31.71600	33.14190	38.28650	0.03491390	0.01766760	-0.04174140	-7.89148e-07
8001	31.67870	33.21270	38.32170	0.00936395	-0.09587670	0.00594849	-7.89148e-07
8001	31.70670	33.17570	38.33890	-0.03935960	-0.00873744	-0.00421581	-7.89148e-07
8001	31.72220	33.17500	38.30550	0.01073640	-0.04181710	-0.06328510	-7.89148e-07
8001	31.72370	33.21040	38.31200	0.00196280	-0.01317170	-0.07157700	-7.89148e-07
8001	31.72560	33.21730	38.32170	-0.00931333	-0.04568960	-0.05797060	-7.89148e-07
8001	31.70420	33.12920	38.32430	0.01037880	-0.02501030	0.01604600	-7.89148e-07
8001	31.74420	33.11900	38.30710	0.00062191	0.00660276	-0.01143480	-7.89148e-07
8001	31.70460	33.19150	38.27340	0.01029060	-0.00699746	-0.03842810	-7.89148e-07
8001	31.71740	33.13350	38.28240	-0.00093399	-0.02686720	-0.04082380	-7.89148e-07
8001	31.71380	33.11740	38.34540	-0.01241300	0.00459174	0.04344550	-7.89148e-07
8001	31.71850	33.17230	38.27800	0.04078710	0.00699308	-0.04568760	-7.89148e-07
8001	31.67310	33.22750	38.29450	0.00145204	0.01886090	-0.02934980	-7.89148e-07
8001	31.69790	33.22640	38.28030	0.04337160	-0.02383540	-0.03954030	-7.89148e-07
8001	31.68020	33.21160	38.29130	0.04295940	-0.01371800	-0.01891220	-7.89148e-07
8001	31.72020	33.22360	38.29230	0.10345200	-0.01857730	-0.06093430	-7.89148e-07
8001	31.70380	33.15370	38.31460	0.03171730	-0.05134410	-0.00483918	-7.89148e-07
8001	31.73470	33.19130	38.27000	-0.00439759	-0.02402130	-0.04393600	-7.89148e-07
8001	31.87700	33.15290	38.37270	-0.05336850	0.11502200	-0.35303600	-7.89148e-07
8001	31.67680	33.21470	38.28650	-0.01949900	-0.00911013	-0.00498631	-7.89148e-07
8001	31.72070	33.21810	38.31980	-0.07392610	-0.07026510	-0.08712940	-7.89148e-07
8001	31.66800	33.21750	38.31550	-0.01497820	-0.02047330	0.00611537	-7.89148e-07
8001	31.81390	33.15460	38.35710	-0.05932710	-0.00247242	0.14806800	-7.89148e-07
8001	31.69430	33.17790	38.32260	-0.03215940	0.03487430	-0.02754990	-7.89148e-07
8001	31.68340	33.13370	38.30290	-0.02117760	-0.03682500	0.05385510	-7.89148e-07
8001	31.69880	33.12270	38.31030	-0.01451210	-0.01379700	-0.00116788	-7.89148e-07
8001	31.70300	33.19050	38.28180	0.07109910	-0.03885320	-0.03842330	-7.89148e-07
8001	31.70780	33.12170	38.32830	0.01713250	-0.02198400	0.03376170	-7.89148e-07
8001	31.66650	33.18890	38.30230	0.01412430	0.00801739	0.06659930	-7.89148e-07
8001	31.69120	33.15940	38.33890	0.00689643	-0.07144220	0.03539110	-7.89148e-07
8001	31.71030	33.13530	38.29810	-0.00449552	-0.01602350	-0.05037350	-7.89148e-07
8001	31.70020	33.20540	38.33540	0.00347389	0.00208117	0.00372420	-7.89148e-07
8001	31.71580	33.21910	38.27310	0.04593200	-0.04950800	-0.06155790	-7.89148e-07
8001	31.70180	33.13130	38.32680	0.02456030	-0.04411230	0.02926950	-7.89148e-07
8001	31.67330	33.17470	38.30710	-0.00685361	-0.00747446	0.01341090	-7.89148e-07
8001	31.74900	33.19310	38.34460	-0.03237060	0.01548310	0.05265460	-7.89148e-07
8001	31.68890	33.22230	38.29470	0.02764540	0.01093050	-0.05256460	-7.89148e-07
8001	31.69200	33.17290	38.32040	0.04493390	0.00652721	0.00991022	-7.89148e-07
8001	31.70330	33.17680	38.28250	0.04944690	-0.03654090	-0.03305680	-7.89148e-07
8001	31.68930	33.22720	38.29150	0.05928070	0.02817980	-0.03910330	-7.89148e-07
8001	31.68770	33.20280	38.30310	0.02897570	-0.03386180	-0.02847380	-7.89148e-07
8001	31.70300	33.21570	38.27800	0.04268990	-0.04018390	0.06697080	-7.89148e-07
8001	31.68790	33.20980	38.29370	0.02471170	-0.07405290	-0.03764770	-7.89148e-07
8001	31.71740	33.18780	38.27250	0.03622000	-0.00366896	-0.03243220	-7.89148e-07
8001	31.69740	33.22710	38.32200	0.01675370	0.01444430	-0.02670680	-7.89148e-07
8001	31.68970	33.17670	38.29990	0.01606810	-0.02728000	-0.03353310	-7.89148e-07
8001	31.70570	33.16010	38.28710	0.03103910	0.00488088	-0.05144070	-7.89148e-07
8001	31.71180	33.13750	38.28600	0.06996720	-0.02567220	-0.01058030	-7.89148e-07
8001	31.78940	33.20600	38.32470	-0.02310850	-0.00802080	0.04207970	-7.89148e-07
8001	31.70620	33.21950	38.27140	0.00025529	-0.01953660	-0.00057686	-7.89148e-07
8001	31.72900	33.19860	38.27450	0.03278520	-0.02673230	-0.05956860	-7.89148e-07
8001	31.70170	33.15320	38.29270	0.04120060	-0.01457360	-0.03642280	-7.89148e-07
8001	31.82120	33.20530	38.34990	-0.07972770	-0.03824460	0.13503000	-7.89148e-07
8001	31.69870	33.19230	38.31120	0.00215877	-0.05244670	-0.04149720	-7.89148e-07
8001	31.70820	33.22570	38.29360	0.09000750	0.01051760	-0.05084990	-7.89148e-07
8001	31.68930	33.17390	38.32510	-0.00561304	-0.06061690	-0.00420412	-7.89148e-07
8001	31.79540	33.17630	38.35110	-0.08117310	-0.02947720	0.09031070	-7.89148e-07
8001	31.77840	33.18110	38.29550	-0.04848590	0.01654330	-0.00798391	-7.89148e-07
8001	31.67500	33.21840	38.31770	-0.00943124	-0.01959880	-0.01554350	-7.89148e-07
8001	31.80390	33.19920	38.33140	-0.06432560	-0.02750790	0.05190710	-7.89148e-07
8001	31.70250	33.14400	38.31740	-0.04778140	-0.31682300	0.29668900	-7.89148e-07
8001	31.68170	33.21920	38.33130	0.05259240	-0.00014286	0.02561770	-7.89148e-07
8001	31.77890	33.12900	38.36050	-0.08750610	0.01020650	0.10702700	-7.89148e-07
8001	31.72630	33.21080	38.27930	0.02498260	-0.02584570	-0.09331310	-7.89148e-07
8001	31.74850	33.18860	38.35090	-0.06648270	0.03418980	0.06388540	-7.89148e-07
8001	31.92140	33.17330	38.37270	-0.09878070	-0.02179990	0.07790000	-7.89148e-07
8001	32.03360	33.16710	38.29570	-0.20457900	-0.38150300	-0.19222200	-7.89148e-07
8001	31.68240	33.22960	38.33250	0.07014690	0.01319770	0.03472470	-7.89148e-07
8001	31.81760	33.19270	38.34480	-0.42962500	0.06769090	-0.01971580	-7.89148e-07
8001	31.75030	33.15690	38.28710	0.04453480	-0.03910900	-0.05529910	-7.89148e-07
8001	31.73160	33.14950	38.31270	0.14965700	0.08497330	0.06551470	-7.89148e-07
8001	31.77330	33.19180	38.28670	-0.02921120	-0.01331890	-0.02217240	-7.89148e-07
8001	31.81200	33.18620	38.35130	-0.07319400	-0.05339450	0.11310900	-7.89148e-07
8001	31.65580	33.18810	38.30370	-0.10943500	0.19749100	0.33934000	-7.89148e-07
8001	31.71320	33.17160	38.31780	0.04056530	-0.00348324	-0.01385570	-7.89148e-07
8001	31.68210	33.11920	38.32700	0.00436343	-0.05619090	0.08556990	-7.89148e-07
8001	31.77890	33.11760	38.30780	-0.07573940	-0.00834896	0.03215510	-7.89148e-07
8002	31.96660	33.10310	38.39990	0.09763640	-0.29530400	-0.43445400	-7.89148e-07
8002	32.00430	33.12130	38.27520	0.07177030	-0.05745540	-0.39067500	-7.89148e-07
8002	31.70550	33.14930	38.30320	0.04953930	-0.01187660	-0.23336500	-7.89148e-07
8002	31.65250	33.17350	38.32830	0.07026090	0.01577240	-0.12909200	-7.89148e-07
8002	31.89500	33.15540	38.28500	0.44664500	-0.04648580	-0.17820400	-7.89148e-07
8002	31.88250	33.13450	38.28310	-0.01745550	-0.16996300	-0.37232500	-7.89148e-07
8002	31.68830	33.22380	38.33510	0.12181600	-0.00536070	-0.17862500	-7.89148e-07
8002	31.91490	33.16290	38.35080	0.28266600	-0.05454950	-0.19400000	-7.89148e-07
8002	31.72060	33.16980	38.29840	0.10454600	0.02473430	-0.20376000	-7.89148e-07
8002	31.72610	33.15280	38.31500	0.12522200	-0.07566390	-0.20260400	-7.89148e-07
8002	31.70960	33.17440	38.33840	0.09454950	-0.00961940	-0.18717700	-7.89148e-07
8002	31.69650	33.16640	38.30070	0.11889700	0.00976315	-0.18199800	-7.89148e-07
8002	31.72310	33.16030	38.31640	0.05218510	-0.00979759	-0.23834700	-7.89148e-07
8002	31.67450	33.20420	38.30680	0.04525510	0.00498270	-0.20312800	-7.89148e-07
8002	31.70250	33.14510	38.30550	0.12511800	0.01195440	-0.19848700	-7.89148e-07
8002	31.74360	33.15340	38.32780	0.08764690	-0.03012980	-0.16294700	-7.89148e-07
8002	31.70250	33.17620	38.32320	0.08939810	-0.00085366	-0.21169400	-7.89148e-07
8002	31.72070	33.21290	38.29680	0.07708980	0.04271210	-0.20081600	-7.89148e-07
8002	31.72980	33.16280	38.31010	0.08152870	0.00469482	-0.22154700	-7.89148e-07
8002	31.74320	33.22140	38.34180	0.10860000	-0.01698290	-0.13356800	-7.89148e-07
8002	31.70030	33.20000	38.31670	0.13842100	-0.05097300	-0.19284700	-7.89148e-07
8002	31.71220	33.15560	38.33000	0.07655870	0.00405788	-0.20718000	-7.89148e-07
8002	31.70820	33.13590	38.33270	0.06317850	-0.04347560	-0.19516100	-7.89148e-07
8002	31.68410	33.15530	38.31480	0.04883660	-0.04666990	-0.20405700	-7.89148e-07
8002	31.68990	33.20280	38.29680	0.03443810	-0.02770840	-0.20027400	-7.89148e-07
8002	31.65020	33.17630	38.24430	0.26721100	-0.30738600	-0.33716800	-7.89148e-07
8002	31.70410	33.21520	38.32650	0.13559100	0.00046440	-0.18609800	-7.89148e-07
8002	31.67220	33.17710	38.33240	0.06113870	0.00780136	-0.17555100	-7.89148e-07
8002	31.71820	33.12010	38.32920	0.08303810	0.01932990	-0.19200300	-7.89148e-07
8002	31.72760	33.14100	38.32280	0.13058800	0.00419409	-0.18039900	-7.89148e-07
8002	31.70700	33.14800	38.31620	0.10984000	-0.01549340	-0.20633700	-7.89148e-07
8002	31.74660	33.17710	38.33250	0.05631720	0.02667080	-0.15666600	-7.89148e-07
8002	31.61090	33.19820	38.22250	0.28483400	-0.14303600	-0.17411800	-7.89148e-07
8002	31.74010	33.17860	38.31400	0.14933600	-0.01488460	-0.16716100	-7.89148e-07
8002	31.70280	33.22270	38.30000	0.10099500	-0.02318350	-0.20842200	-7.89148e-07
8002	31.74540	33.18830	38.33260	0.10711700	-0.05365620	-0.14697800	-7.89148e-07
8002	31.69890	33.19110	38.30260	0.07685040	-0.07827540	-0.20766800	-7.89148e-07
8002	31.72740	33.18510	38.26810	-0.08246330	-0.15364600	-0.48730000	-7.89148e-07
8002	31.73710	33.21510	38.33670	0.08837220	-0.00288281	-0.16668800	-7.89148e-07
8002	31.87740	33.11650	38.37610	0.32171400	0.03320110	-0.37501800	-7.89148e-07
8002	31.76330	33.18840	38.27310	0.16811100	-0.20875500	-0.33249800	-7.89148e-07
8003	31.81740	33.15390	38.35740	0.17865400	-0.16949600	-0.27150800	-7.89148e-07
8003	31.67180	33.23310	38.28590	0.34086600	-0.32680100	-0.02647500	-7.89148e-07
8003	31.89030	33.10220	38.34940	0.07192070	-0.07998610	-0.07345610	-7.89148e-07
8003	31.92450	33.12700	38.38060	0.00061896	-0.13417000	-0.08777320	-7.89148e-07
8003	31.92240	33.13680	38.34960	-0.04837490	-0.42558300	-0.27022900	-7.89148e-07
8003	31.95680	33.09550	38.29500	-0.07398690	0.13184200	-0.33520200	-7.89148e-07
8003	31.99600	33.14850	38.37610	-0.00751740	0.23827300	-0.11319900	-7.89148e-07
8003	31.91140	33.18530	38.31090	0.27504900	0.44154500	-0.06123550	-7.89148e-07
8003	31.63790	33.14490	38.29430	0.03163560	0.06354620	0.08324740	-7.89148e-07
8003	31.69280	33.16460	38.33950	-0.09502630	-0.03439990	0.11560200	-7.89148e-07
8003	31.59320	33.14800	38.30780	0.03541270	0.20016400	-0.13520900	-7.89148e-07
8003	31.80070	33.16630	38.31420	0.32919000	0.26794400	0.03768780	-7.89148e-07
8003	31.70890	33.14130	38.34010	-0.06954090	-0.03873270	0.11244700	-7.89148e-07
8003	31.60720	33.15850	38.30840	0.18128800	-0.00757990	-0.00980894	-7.89148e-07
8003	31.64420	33.14410	38.21780	0.35073900	0.15430900	-0.02261640	-7.89148e-07
8003	31.66120	33.20520	38.31860	-0.03767380	-0.12705100	0.00890252	-7.89148e-07
8003	31.72530	33.11310	38.33560	-0.00486562	0.00437030	0.11180400	-7.89148e-07
8003	31.79040	33.21180	38.27730	0.26575600	-0.11127300	-0.05273600	-7.89148e-07
8003	31.69700	33.19480	38.29880	0.11215700	0.37419500	-0.11640000	-7.89148e-07
8003	31.63280	33.22920	38.24920	-0.21283800	-0.32777400	-0.16984100	-7.89148e-07
8003	31.78030	33.20340	38.34480	-0.21268200	-0.25602100	-0.16677300	-7.89148e-07
8003	31.74260	33.17800	38.22680	0.38876100	-0.06234880	-0.06229080	-7.89148e-07
8003	31.72520	33.12830	38.34110	-0.03742960	-0.02016930	0.11044200	-7.89148e-07
8004	31.95360	33.09340	38.38350	0.06469280	0.00259494	-0.12694500	-7.89148e-07
8004	31.99130	33.13600	38.40480	0.18642500	-0.09923610	-0.04261720	-7.89148e-07
8004	31.96820	33.11000	38.39370	0.20834600	-0.00272225	-0.03433520	-7.89148e-07
8004	31.94810	33.10900	38.37300	0.13638000	-0.01573390	-0.11243000	-7.89148e-07
8004	31.88320	33.10300	38.36480	0.20182000	0.02371790	-0.22787600	-7.89148e-07
8004	31.92690	33.11160	38.32570	0.09413630	0.02241830	-0.21621000	-7.89148e-07
8004	31.99920	33.10190	38.39230	0.01776690	-0.01241970	-0.12056400	-7.89148e-07
8004	31.91250	33.12590	38.38530	0.09143750	0.07771210	-0.12156600	-7.89148e-07
8004	31.93160	33.11430	38.38890	0.05155850	0.04932660	-0.15063600	-7.89148e-07
8004	31.97480	33.13680	38.29560	0.06134910	-0.11716600	-0.33404600	-7.89148e-07
8004	31.96180	33.09170	38.30020	0.23287100	0.26548100	-0.20492100	-7.89148e-07
8004	31.97140	33.13380	38.32520	0.00493649	0.25749000	-0.26759000	-7.89148e-07
8004	31.91490	33.12160	38.25260	0.42274300	0.12335800	-0.22861600	-7.89148e-07
8004	31.98860	33.11030	38.39650	0.03697260	-0.00801366	-0.11436100	-7.89148e-07
8004	31.96240	33.16310	38.26260	0.29266700	-0.06064810	-0.30311300	-7.89148e-07
8004	31.68430	33.18980	38.32350	0.11438300	0.00630614	-0.22934600	-7.89148e-07
8004	31.95180	33.17160	38.36830	-0.25532000	-0.26552500	-0.30536300	-7.89148e-07
8004	31.68310	33.16760	38.26630	0.19114900	0.23639300	-0.36890700	-7.89148e-07
8004	31.95800	33.13250	38.35520	0.08488260	-0.00155583	-0.14876800	-7.89148e-07
8004	31.84760	33.13120	38.36020	0.13305600	-0.01240050	-0.19275100	-7.89148e-07
8004	31.84030	33.13190	38.36090	0.09939020	0.04495720	-0.18834000	-7.89148e-07
8004	31.70510	33.22640	38.32570	0.11662000	-0.00912409	-0.24782400	-7.89148e-07
8004	31.93460	33.16360	38.38660	0.05563490	0.01078490	-0.12958900	-7.89148e-07
8004	31.67040	33.14330	38.33140	0.10930300	0.06515320	-0.17825400	-7.89148e-07
8004	32.01930	33.17090	38.40810	0.18678500	0.26337800	-0.11930200	-7.89148e-07
8004	31.71410	33.17000	38.30840	0.16193800	0.01084060	-0.34412500	-7.89148e-07
8004	31.74810	33.11340	38.33860	0.07065290	0.02495980	-0.21175900	-7.89148e-07
8004	31.68410	33.13640	38.20820	0.03406740	-0.11005900	-0.46380900	-7.89148e-07
8004	31.80680	33.11870	38.29890	0.10259700	0.05557670	-0.32369700	-7.89148e-07
8004	31.87870	33.16200	38.36830	0.11924200	0.00276131	-0.15022900	-7.89148e-07
8004	31.74890	33.19290	38.34890	0.06064160	0.00493299	-0.19339000	-7.89148e-07
8004	31.64200	33.19360	38.32100	0.13325300	-0.00395116	-0.25188000	-7.89148e-07
8004	31.86210	33.12580	38.37930	0.13444400	-0.00356027	-0.13590200	-7.89148e-07
8004	31.62990	33.13480	38.30110	0.33279200	-0.39124500	-0.18013200	-7.89148e-07
8004	31.66990	33.13070	38.33460	0.09687770	0.01285340	-0.22876000	-7.89148e-07
8004	31.68950	33.21680	38.32680	0.12960300	-0.03583670	-0.21867400	-7.89148e-07
8004	31.71380	33.14530	38.30600	0.11131900	0.00503647	-0.27688200	-7.89148e-07
8004	31.70950	33.14690	38.33120	0.13945000	-0.00476664	-0.22523900	-7.89148e-07
8004	31.70140	33.21840	38.32950	0.12862000	-0.00327799	-0.23173800	-7.89148e-07
8004	31.81160	33.20030	38.36410	0.11252000	0.04513820	-0.19159200	-7.89148e-07
8004	31.73260	33.12640	38.34640	0.06786670	0.03964580	-0.21106600	-7.89148e-07
8004	31.70920	33.17740	38.30970	0.15236900	-0.00291469	-0.33722400	-7.89148e-07
8004	31.81100	33.20600	38.35730	0.10635300	-0.00078487	-0.21627600	-7.89148e-07
8004	31.69790	33.18480	38.33900	0.10804900	-0.01087250	-0.21871100	-7.89148e-07
8004	31.67660	33.16820	38.16250	0.33082700	0.13503400	-0.40111300	-7.89148e-07
8004	31.71180	33.12870	38.30650	0.14965300	0.00789246	-0.24899700	-7.89148e-07
8004	31.70600	33.14120	38.32170	0.15697200	-0.04128970	-0.28432500	-7.89148e-07
8004	31.71110	33.15410	38.34090	0.08778860	0.00731720	-0.23488000	-7.89148e-07
8004	31.69410	33.17830	38.33850	0.11057900	-0.00450637	-0.26570500	-7.89148e-07
8004	31.74410	33.20610	38.33080	0.05803390	0.01517400	-0.24950900	-7.89148e-07
8004	31.88500	33.18900	38.29010	-0.09467140	0.09980110	-0.41563900	-7.89148e-07
8004	31.77750	33.20200	38.34270	0.14055400	0.00345472	-0.25022100	-7.89148e-07
8004	31.84990	33.17950	38.37340	0.07684260	-0.00858071	-0.17496500	-7.89148e-07
8004	31.73040	33.15340	38.23130	0.40905600	0.14874100	-0.26861200	-7.89148e-07
8004	31.86480	33.16700	38.30370	0.10461000	0.02848150	-0.26760400	-7.89148e-07
8004	31.74680	33.18690	38.34740	0.05042130	0.05117890	-0.20286500	-7.89148e-07
8004	31.90060	33.17970	38.37580	0.07064210	0.00514704	-0.15080300	-7.89148e-07
8004	31.77390	33.14550	38.34730	0.14268800	-0.00351629	-0.24144900	-7.89148e-07
8004	31.86710	33.15060	38.35840	0.06130530	-0.00115779	-0.18855500	-7.89148e-07
8004	31.97690	33.13240	38.25480	0.20828100	-0.11407900	-0.33011200	-7.89148e-07
8004	31.78600	33.14950	38.34150	0.09704040	0.05351750	-0.25674800	-7.89148e-07
8005	31.96030	33.12480	38.33990	-0.07176610	0.10583200	-0.39515100	-7.89148e-07
8005	31.94190	33.09450	38.39160	-0.03083030	-0.05574680	0.09867930	-7.89148e-07
8005	32.04210	33.14640	38.39640	0.03131330	-0.01276130	0.04040690	-7.89148e-07
8005	31.83900	33.12890	38.37290	0.36031000	-0.36014400	0.16626500	-7.89148e-07
8005	31.84810	33.14250	38.37330	0.21246000	0.26069900	-0.07629240	-7.89148e-07
8005	31.68440	33.20590	38.32400	-0.03864750	0.00183021	0.10537400	-7.89148e-07
8005	31.62820	33.15720	38.31860	0.05410910	-0.22853500	-0.01949550	-7.89148e-07
8005	31.69810	33.22110	38.32840	-0.04134130	-0.02555240	0.02326110	-7.89148e-07
8005	31.72000	33.12880	38.34520	-0.03178790	-0.05548260	0.11291800	-7.89148e-07
8005	31.71700	33.16370	38.29740	-0.04042890	-0.06759440	0.04696860	-7.89148e-07
8005	32.04620	33.16770	38.36970	0.17796400	0.23365100	-0.02561360	-7.89148e-07
8005	31.70270	33.19800	38.33110	0.01142140	-0.00459048	0.06127790	-7.89148e-07
8005	31.91330	33.17190	38.36840	-0.34215200	-0.00102781	-0.01975060	-7.89148e-07
8005	31.70600	33.18520	38.29710	-0.00695833	-0.02610670	0.04805110	-7.89148e-07
8005	31.72310	33.21960	38.28650	0.00003986	-0.02478840	-0.01970180	-7.89148e-07
8005	32.03130	33.13390	38.39780	0.00165914	-0.01476680	0.03726310	-7.89148e-07
8005	31.71610	33.11350	38.34050	-0.08997340	-0.00759638	0.17031700	-7.89148e-07
8005	31.75070	33.21170	38.30830	-0.05809420	-0.03099730	0.02762670	-7.89148e-07
8005	31.62960	33.14530	38.30600	0.07863270	0.43513000	-0.20265000	-7.89148e-07
8005	31.69760	33.15730	38.32160	-0.03925400	0.01469180	0.13452100	-7.89148e-07
8005	31.66940	33.23200	38.31940	-0.05945180	-0.04964490	0.14528800	-7.89148e-07
8005	31.76190	33.20760	38.30970	-0.08315540	-0.02894660	0.05667820	-7.89148e-07
8005	31.59820	33.22860	38.29660	-0.31188600	0.06825460	0.10902800	-7.89148e-07
8005	31.70310	33.17100	38.31560	-0.06765170	-0.05986530	0.06381000	-7.89148e-07
8005	31.71340	33.13740	38.31970	-0.05186910	-0.05330670	0.13083800	-7.89148e-07
8005	31.72780	33.13320	38.31910	-0.01690900	-0.03849320	0.11147700	-7.89148e-07
8005	31.74780	33.19730	38.32970	-0.03768540	-0.01042090	0.08884900	-7.89148e-07
8005	31.69230	33.22200	38.31700	-0.03244870	-0.07678050	0.06359730	-7.89148e-07
8005	31.70090	33.21720	38.32230	0.00081388	0.02505370	0.03546650	-7.89148e-07
8005	31.69750	33.21880	38.29570	-0.01066560	-0.00924933	0.03273430	-7.89148e-07
8005	31.71180	33.20870	38.28560	0.00887808	-0.00511569	-0.02048780	-7.89148e-07
8005	31.78870	33.20790	38.34710	-0.06948830	-0.07741220	0.17466800	-7.89148e-07
8005	31.73100	33.22160	38.31470	-0.02773580	0.01341280	-0.01731370	-7.89148e-07
8005	31.76630	33.20960	38.32400	-0.03293570	-0.02587700	0.11055400	-7.89148e-07
8005	31.74920	33.18080	38.29250	0.00352508	-0.02230270	0.01850880	-7.89148e-07
8005	31.74370	33.18570	38.30020	0.05419330	-0.20066200	0.09841300	-7.89148e-07
8005	31.78210	33.19920	38.35540	-0.08460920	-0.07139010	0.19303100	-7.89148e-07
8005	31.91230	33.14990	38.36570	-0.09433190	0.05641910	0.03927100	-7.89148e-07
8006	31.93970	33.14750	38.36770	-0.13559400	0.02685430	-0.20203000	-7.89148e-07
8006	31.92080	33.14340	38.38230	-0.35290800	0.19906600	-0.34387900	-7.89148e-07
8006	31.90850	33.16450	38.38630	0.01651760	0.07063620	-0.34550600	-7.89148e-07
8006	31.61490	33.21980	38.22360	0.05341270	-0.00621258	-0.41679400	-7.89148e-07
8006	31.82080	33.20750	38.33540	0.39498300	-0.00264222	-0.15196800	-7.89148e-07
8006	31.91110	33.18710	38.35720	0.03213670	-0.24680600	-0.34941600	-7.89148e-07
8006	31.90490	33.12770	38.24410	0.13756000	0.07609720	-0.36701200	-7.89148e-07
8006	31.98290	33.14360	38.39170	0.30837200	0.16052500	-0.04744750	-7.89148e-07
8006	31.86250	33.13160	38.27050	0.20500700	0.14135400	-0.31390200	-7.89148e-07
8006	31.63630	33.17680	38.29400	0.06414670	-0.11701300	-0.50516700	-7.89148e-07
8006	32.00290	33.13450	38.39360	-0.08743290	0.00060893	-0.11698500	-7.89148e-07
8006	31.71040	33.15690	38.33710	0.10020600	-0.02009010	-0.17669600	-7.89148e-07
8006	31.68710	33.22880	38.32380	0.09953400	0.00178444	-0.19339800	-7.89148e-07
8006	31.59570	33.17590	38.27400	-0.08752580	-0.11672000	-0.37843100	-7.89148e-07
8006	31.72150	33.17030	38.34550	0.07245380	0.01667030	-0.19767900	-7.89148e-07
8006	31.84380	33.14190	38.36880	-0.06532380	-0.05700710	-0.28433000	-7.89148e-07
8006	31.72290	33.14480	38.33660	0.12227000	-0.00816787	-0.17394800	-7.89148e-07
8006	31.62790	33.16190	38.31990	0.30335100	0.25582900	-0.14560100	-7.89148e-07
8006	31.69170	33.20500	38.32720	0.05787920	0.01702580	-0.20974100	-7.89148e-07
8006	31.71120	33.20000	38.30080	0.05342520	-0.02866710	-0.23709100	-7.89148e-07
8006	31.76080	33.21740	38.31660	0.19361000	0.05170160	-0.34690500	-7.89148e-07
8006	31.75710	33.15940	38.33760	0.00628121	-0.25192500	-0.30205500	-7.89148e-07
8006	31.68950	33.21980	38.33020	0.03402820	-0.00892352	-0.21933700	-7.89148e-07
8006	31.69430	33.22040	38.31740	0.09430580	-0.41653900	-0.28445000	-7.89148e-07
8006	31.72700	33.22230	38.31980	0.13039800	-0.00948930	-0.21890700	-7.89148e-07
8006	31.72940	33.22270	38.32510	0.09473790	0.00385264	-0.21259500	-7.89148e-07
8006	31.86000	33.16580	38.34810	0.29659500	0.01049890	-0.19180800	-7.89148e-07
8006	31.71030	33.18600	38.32070	0.04715630	-0.00757190	-0.25450300	-7.89148e-07
8006	31.69450	33.20360	38.31320	0.08055330	0.02308480	-0.20941200	-7.89148e-07
8007	31.92990	33.09660	38.29510	0.15112600	-0.24863300	-0.18254900	-7.89148e-07
8007	32.03460	33.09860	38.33210	0.25023200	0.00253552	-0.32606300	-7.89148e-07
8007	32.06740	33.12440	38.24170	0.22018700	-0.25500900	-0.39592600	-7.89148e-07
8007	31.90360	33.14120	38.36330	0.30753000	-0.19089300	-0.23800700	-7.89148e-07
8007	31.91080	33.13510	38.37530	0.28262900	0.04597870	-0.05925220	-7.89148e-07
8007	31.96200	33.09600	38.34110	-0.30418300	-0.31989800	-0.24893800	-7.89148e-07
8007	31.75850	33.12060	38.31650	0.11466100	0.04292640	-0.14576200	-7.89148e-07
8007	31.88290	33.11600	38.38120	0.10125400	-0.08067090	-0.18239800	-7.89148e-07
8007	31.93550	33.15410	38.35740	-0.09916420	0.13134600	-0.26411400	-7.89148e-07
8007	31.60760	33.23570	38.26520	0.04456360	-0.07392740	-0.43328200	-7.89148e-07
8007	31.84300	33.10560	38.33010	0.20012300	-0.23832400	0.00145038	-7.89148e-07
8007	31.77320	33.13990	38.32240	0.08270260	-0.29794300	-0.04960060	-7.89148e-07
8007	31.74360	33.16580	38.32250	-0.03014500	-0.05903670	0.05353390	-7.89148e-07
8007	31.63660	33.14590	38.27930	0.10116800	-0.04315120	0.00434833	-7.89148e-07
8007	31.72430	33.21080	38.30550	-0.09162500	-0.03380950	-0.25654800	-7.89148e-07
8007	31.74020	33.16490	38.33310	0.09052090	0.31145300	-0.05951340	-7.89148e-07
8007	31.84030	33.15410	38.36650	0.10162700	-0.11770600	-0.14551200	-7.89148e-07
8007	31.82890	33.19220	38.31710	0.05774930	-0.36158500	-0.12130900	-7.89148e-07
8007	31.82460	33.16130	38.36390	0.08941240	-0.11603600	0.05311180	-7.89148e-07
8007	31.92870	33.17030	38.37250	0.18271600	0.14160400	-0.02296920	-7.89148e-07
8007	31.95350	33.12400	38.39120	-0.00094973	0.03085900	-0.19540300	-7.89148e-07
8007	31.96890	33.14140	38.35620	-0.08781840	-0.06363990	-0.17527000	-7.89148e-07
8008	32.03290	33.11900	38.40440	-0.18303800	0.05645010	-0.27598500	-7.89148e-07
8008	31.92420	33.11120	38.37160	0.31850200	0.04091740	-0.18252300	-7.89148e-07
8008	31.72940	33.21310	38.14960	0.11387600	0.04300420	-0.52095900	-7.89148e-07
8008	31.92320	33.11230	38.27610	-0.02876160	-0.23199200	-0.49144500	-7.89148e-07
8008	32.00810	33.10340	38.37520	0.15059000	0.06131090	-0.14136900	-7.89148e-07
8008	31.97850	33.17640	38.28760	0.22684000	0.06659040	-0.48992900	-7.89148e-07
8008	31.95460	33.10620	38.37960	0.05078760	-0.00099878	-0.12203600	-7.89148e-07
8008	31.94890	33.09960	38.36900	0.32187000	0.04354180	-0.03045740	-7.89148e-07
8008	31.62920	33.12060	38.25190	0.30862200	0.17243400	-0.30537900	-7.89148e-07
8008	31.77670	33.12210	38.35890	0.51789300	0.08793250	-0.00192591	-7.89148e-07
8008	31.67160	33.18390	38.30920	0.11471000	0.01487240	-0.24154600	-7.89148e-07
8008	31.67310	33.18800	38.32200	0.09425020	0.02473850	-0.22652400	-7.89148e-07
8008	31.68350	33.23130	38.33170	0.12177500	-0.02176610	-0.22012900	-7.89148e-07
8008	31.68190	33.16700	38.32440	0.08601780	-0.01521190	-0.23258500	-7.89148e-07
8008	31.71980	33.14590	38.34080	0.14291400	-0.03464480	-0.18089100	-7.89148e-07
8008	31.71280	33.20300	38.33050	0.12179700	-0.04249130	-0.21575500	-7.89148e-07
8008	31.85140	33.12920	38.37510	0.11796500	-0.00922220	-0.13946600	-7.89148e-07
8008	31.61340	33.13590	38.31100	0.49665100	0.07323220	0.06211440	-7.89148e-07
8008	31.75750	33.18370	38.32550	0.07988470	0.00882098	-0.21343000	-7.89148e-07
8008	31.75910	33.20450	38.33740	0.11049000	0.04377430	-0.16508900	-7.89148e-07
8008	31.71910	33.16150	38.30150	0.12755100	0.01941750	-0.24246700	-7.89148e-07
8008	31.71650	33.11800	38.33620	0.12431800	-0.02688340	-0.21635600	-7.89148e-07
8008	31.73580	33.14150	38.33820	0.11525900	0.01454030	-0.23659000	-7.89148e-07
8008	31.72780	33.22040	38.32740	0.17942700	0.01260790	-0.20341100	-7.89148e-07
8008	31.94610	33.14830	38.25220	0.18544600	-0.00978865	-0.31327700	-7.89148e-07
8008	31.86820	33.17410	38.37200	0.11659400	-0.02377820	-0.14361600	-7.89148e-07
8008	31.68610	33.22740	38.21090	0.40471300	0.13965500	-0.20810200	-7.89148e-07
8008	31.90870	33.16290	38.37650	0.05620240	0.02548630	-0.14583300	-7.89148e-07
8008	31.75000	33.20660	38.30130	0.12081300	0.04197930	-0.26454300	-7.89148e-07
8008	31.66610	33.19770	38.29940	0.44296300	-0.24461700	-0.12796100	-7.89148e-07
8008	31.90370	33.19220	38.34200	0.02424790	0.03642400	-0.19516300	-7.89148e-07
8008	31.82990	33.17850	38.36780	0.12073200	0.02228320	-0.15889800	-7.89148e-07
8008	31.73460	33.11670	38.28180	0.18829600	-0.00943541	-0.33939600	-7.89148e-07
8008	31.73750	33.21630	38.33970	0.10247300	0.03156190	-0.26215300	-7.89148e-07
8008	31.88920	33.17370	38.35720	0.13397700	0.02860530	-0.16818100	-7.89148e-07
8008	31.86550	33.17280	38.37630	-0.08581340	0.14277500	-0.26807700	-7.89148e-07
8008	31.74280	33.22100	38.32710	0.17445300	-0.00487496	-0.26128500	-7.89148e-07
8008	31.76780	33.14880	38.33850	0.11627600	0.00556672	-0.23791000	-7.89148e-07
8008	31.76500	33.15670	38.33590	0.11920900	0.03250380	-0.24652900	-7.89148e-07
8008	32.01430	33.13680	38.38230	-0.22261800	-0.06290590	-0.28275400	-7.89148e-07
8009	31.83240	33.18260	38.29100	0.47960500	0.13279900	0.04099330	-7.89148e-07
8009	31.97830	33.09370	38.38630	-0.03734910	-0.03591280	0.02116550	-7.89148e-07
8009	31.93850	33.11720	38.39440	-0.03651500	-0.01608690	0.04885520	-7.89148e-07
8009	31.60780	33.22720	38.31270	0.15896300	-0.08400080	0.23489700	-7.89148e-07
8009	31.87880	33.14280	38.32350	0.07948080	-0.51348600	0.09356170	-7.89148e-07
8009	31.68730	33.20510	38.32580	0.08791780	0.29468400	-0.14681200	-7.89148e-07
8009	31.68010	33.21180	38.28990	0.06096650	0.33572900	0.18890800	-7.89148e-07
8009	31.99490	33.13060	38.39920	-0.05420910	-0.02709130	0.02098910	-7.89148e-07
8009	31.60370	33.15080	38.31400	0.27313800	-0.19865000	0.36443600	-7.89148e-07
8009	31.81750	33.19650	38.36730	0.28427400	0.04471740	0.07493560	-7.89148e-07
8009	31.94110	33.18110	38.24280	-0.00054353	-0.37399900	-0.14986000	-7.89148e-07
8010	31.69520	33.15420	38.32890	0.24594800	0.13034500	-0.21790300	-7.89148e-07
8010	31.79130	33.13000	38.30410	-0.09536990	-0.00255623	-0.50179200	-7.89148e-07
8010	31.63470	33.15090	38.19520	0.13459200	0.10881700	-0.51395100	-7.89148e-07
8010	31.66530	33.21100	38.29870	0.33094800	0.09364490	-0.36610000	-7.89148e-07
8010	31.79840	33.16230	38.33810	0.45564900	0.04843460	-0.10330900	-7.89148e-07
8010	31.87800	33.11440	38.32710	0.09965520	0.04181760	-0.52780900	-7.89148e-07
8010	31.71370	33.11910	38.16440	0.19509100	0.28364300	-0.33981800	-7.89148e-07
8010	31.80080	33.16900	38.23780	0.33542200	-0.15624200	-0.14640100	-7.89148e-07
8010	31.73000	33.14300	38.34560	0.26607400	-0.27726300	-0.15784000	-7.89148e-07
8010	31.92130	33.12150	38.29770	-0.08520230	0.18352200	-0.31518800	-7.89148e-07
8010	31.85250	33.11040	38.29610	0.32808000	0.12573800	-0.28195300	-7.89148e-07
8010	31.93680	33.18500	38.35390	0.22460600	-0.27426800	-0.29592300	-7.89148e-07
8010	31.88870	33.18800	38.32260	0.22016100	0.14369800	-0.44962300	-7.89148e-07
8010	31.72370	33.17840	38.29810	0.11799100	0.01484060	-0.31913300	-7.89148e-07
8010	31.78930	33.16960	38.34230	0.40635900	-0.06257580	-0.23037100	-7.89148e-07
8010	31.85150	33.14230	38.31720	0.16973900	0.07626430	-0.39190900	-7.89148e-07
8010	31.93590	33.14360	38.39290	0.23049300	-0.07949620	-0.31306200	-7.89148e-07
8011	32.00610	33.11220	38.32900	0.01385010	0.26186100	-0.16082000	-7.89148e-07
8011	31.72500	33.20160	38.33790	0.09452100	0.24743800	-0.33065600	-7.89148e-07
8011	31.63270	33.19610	38.29110	-0.05665880	0.39667300	-0.05284460	-7.89148e-07
8011	31.88060	33.11300	38.32810	0.10638300	0.11751300	-0.19670300	-7.89148e-07
8011	31.73520	33.14720	38.30130	-0.17142000	-0.31821000	-0.27988900	-7.89148e-07
8011	31.90330	33.13100	38.35820	0.21818200	-0.01475500	0.03314170	-7.89148e-07
8011	31.81960	33.13010	38.29070	0.03247070	-0.23284400	-0.16511000	-7.89148e-07
8011	31.59760	33.18470	38.29630	-0.27583300	-0.17474800	-0.28752400	-7.89148e-07
8011	31.69970	33.15100	38.32020	0.11451300	-0.32523900	-0.22127500	-7.89148e-07
8011	31.94510	33.15610	38.32840	-0.14273600	-0.02208050	-0.20245500	-7.89148e-07
8011	31.68600	33.13610	38.19000	0.10745700	0.04449600	-0.20981000	-7.89148e-07
8011	31.59200	33.22220	38.30020	0.01245760	-0.00156265	0.05289040	-7.89148e-07
8011	31.98830	33.12420	38.27690	0.22406400	0.07914690	-0.34723000	-7.89148e-07
8011	31.81370	33.14950	38.35020	0.21244300	-0.06205270	-0.03736710	-7.89148e-07
8011	31.74920	33.19190	38.29380	0.16748400	-0.24694800	0.02667290	-7.89148e-07
8011	31.75660	33.20730	38.18230	0.08844770	0.19556700	-0.29546000	-7.89148e-07
8011	31.78250	33.18480	38.29410	0.22122200	-0.42254300	0.01230980	-7.89148e-07
8011	31.77000	33.12250	38.28230	0.04359360	-0.15582900	-0.13408600	-7.89148e-07
8011	31.69060	33.15290	38.28350	-0.34403300	0.17336100	-0.26906300	-7.89148e-07
8011	31.78480	33.20300	38.22690	0.06576290	-0.40494100	-0.18989600	-7.89148e-07
8011	31.74070	33.15280	38.18940	0.27547500	0.11663300	-0.20621000	-7.89148e-07
8012	31.95680	33.17980	38.31060	0.20674300	0.13696400	-0.31274400	-7.89148e-07
8012	31.98420	33.15580	38.38660	0.03498230	-0.08714630	-0.21575900	-7.89148e-07
8012	31.91230	33.11960	38.38340	-0.12918300	0.05540890	-0.18613900	-7.89148e-07
8012	31.94610	33.12000	38.38630	0.00338616	0.02746050	-0.06809140	-7.89148e-07
8012	31.84700	33.11960	38.35330	0.39234300	-0.06062060	-0.12241000	-7.89148e-07
8012	31.74800	33.17560	38.22150	0.04686900	-0.04824820	-0.50446600	-7.89148e-07
8012	32.01690	33.10360	38.40330	0.08449130	0.04519850	-0.05615390	-7.89148e-07
8012	31.67910	33.19140	38.25990	0.01243020	-0.27244400	-0.43245100	-7.89148e-07
8012	31.73570	33.15430	38.18300	0.28587500	-0.21748300	-0.34210700	-7.89148e-07
8012	31.67630	33.22280	38.32500	0.10674700	-0.00960499	-0.19288800	-7.89148e-07
8012	31.94670	33.14680	38.39140	0.07589880	-0.00618114	-0.08728260	-7.89148e-07
8012	31.67740	33.16360	38.32610	0.06364130	-0.04915490	-0.19292700	-7.89148e-07
8012	31.85650	33.19430	38.35760	0.31597700	-0.18649600	-0.37444300	-7.89148e-07
8012	31.71790	33.13760	38.28820	0.07893010	-0.02339560	-0.23362700	-7.89148e-07
8012	31.65370	33.23260	38.30830	0.12384100	-0.01597480	-0.18723600	-7.89148e-07
8012	31.67460	33.23240	38.32700	0.09505580	0.03910340	-0.19000200	-7.89148e-07
8012	31.90850	33.14400	38.38160	0.07005630	0.07121030	-0.09126910	-7.89148e-07
8012	31.62690	33.22970	38.32090	0.08272140	-0.00040837	-0.16423500	-7.89148e-07
8012	31.65340	33.18050	38.31210	0.12381000	0.05783050	-0.17428800	-7.89148e-07
8012	31.66610	33.20260	38.29710	0.01907760	0.02417590	-0.33572400	-7.89148e-07
8012	31.66850	33.20400	38.31790	0.11046200	-0.02752530	-0.18199000	-7.89148e-07
8012	31.66130	33.23580	38.32010	0.05182480	-0.02349340	-0.20851900	-7.89148e-07
8012	31.67850	33.15580	38.33600	0.11051900	0.00286896	-0.15430200	-7.89148e-07
8012	31.71790	33.15000	38.33730	0.09693460	-0.00858193	-0.18710500	-7.89148e-07
8012	31.73060	33.16230	38.30520	0.08124650	0.40784100	-0.35267100	-7.89148e-07
8012	31.71880	33.21970	38.25290	0.46919400	0.11468600	-0.12380700	-7.89148e-07
8012	31.70180	33.20280	38.26740	0.06390700	0.15289300	-0.37760400	-7.89148e-07
8012	31.74900	33.18320	38.27680	0.30008000	0.02535140	-0.26353400	-7.89148e-07
8012	31.81840	33.18810	38.36160	0.10513800	0.03076560	-0.14993700	-7.89148e-07
8012	31.72130	33.21490	38.32500	0.11532300	-0.02138620	-0.23705600	-7.89148e-07
8013	31.82760	33.10480	38.35360	0.27781500	0.34247100	-0.01585460	-7.89148e-07
8013	31.62750	33.22110	38.28530	-0.21145900	-0.21883700	-0.17115700	-7.89148e-07
8013	31.92370	33.13020	38.35530	0.26305400	-0.09576820	0.05021260	-7.89148e-07
8013	32.00240	33.16060	38.31770	-0.24843700	-0.09247020	-0.45985800	-7.89148e-07
8013	31.76320	33.12410	38.32880	0.06217370	-0.08659060	0.02025480	-7.89148e-07
8013	31.86850	33.19480	38.37570	0.17195500	0.39478400	-0.33801300	-7.89148e-07
8013	31.93890	33.11490	38.37130	0.09677350	0.12566500	0.00544345	-7.89148e-07
8013	31.83730	33.20330	38.31790	0.10049100	-0.20985400	0.05530320	-7.89148e-07
8013	31.88670	33.13130	38.24150	0.17231700	0.23092400	-0.17765400	-7.89148e-07
8013	31.90420	33.11600	38.37190	-0.42605600	-0.08729860	-0.14122100	-7.89148e-07
8013	31.59850	33.15540	38.24910	0.02111970	-0.00103644	-0.39178000	-7.89148e-07
8013	31.70900	33.15090	38.33940	0.10079900	-0.21720100	-0.25005200	-7.89148e-07
8013	31.59930	33.23420	38.30750	0.25071100	-0.05741960	-0.12787000	-7.89148e-07
8013	31.94680	33.15330	38.33970	-0.08633070	0.42326500	-0.27712400	-7.89148e-07
8013	31.76180	33.17200	38.33510	-0.28693600	0.26693400	-0.30400500	-7.89148e-07
8013	31.78460	33.15040	38.31990	0.33806100	0.20751000	0.02976750	-7.89148e-07
8013	31.88230	33.13810	38.29450	0.04561930	0.06191620	-0.26868200	-7.89148e-07
8013	31.81430	33.12020	38.29390	-0.04821000	0.24877800	-0.19202700	-7.89148e-07
8013	31.71630	33.14880	38.19680	-0.11298100	0.08416180	-0.44505700	-7.89148e-07
8013	31.96080	33.14550	38.29730	0.03848960	-0.31949300	-0.20003200	-7.89148e-07
8014	31.71010	33.12450	38.29790	0.46043300	0.11904500	-0.27109900	-7.89148e-07
8014	31.80840	33.12250	38.28130	0.17970700	-0.11862900	-0.29824300	-7.89148e-07
8014	31.99730	33.12700	38.39360	0.20325300	0.09301670	-0.13694800	-7.89148e-07
8014	32.05830	33.11070	38.21070	-0.08505480	0.12378200	-0.50409400	-7.89148e-07
8014	31.89650	33.12490	38.35280	0.12547000	-0.07686420	-0.28965400	-7.89148e-07
8014	31.78140	33.12800	38.35500	-0.11810300	0.14247700	-0.42369500	-7.89148e-07
8014	31.60800	33.17270	38.23150	0.15431300	-0.13657100	-0.49883200	-7.89148e-07
8014	31.91100	33.18460	38.35160	0.01660820	0.11334900	-0.38598400	-7.89148e-07
8014	31.65130	33.12360	38.18360	-0.05215380	0.15162000	-0.51090300	-7.89148e-07
8014	31.65330	33.15710	38.24150	0.01287420	0.26387900	-0.33737500	-7.89148e-07
8014	31.63800	33.13380	38.31260	-0.10390500	0.06327730	-0.47322700	-7.89148e-07
8014	31.66800	33.16590	38.25250	0.11127400	0.28592300	-0.29288100	-7.89148e-07
8014	31.63840	33.23400	38.20580	0.27512200	-0.03974280	-0.36471900	-7.89148e-07
8014	31.64530	33.18630	38.30100	0.35906900	0.07353350	-0.35308600	-7.89148e-07
8014	31.66450	33.13170	38.31550	0.27129600	-0.34560400	-0.23745700	-7.89148e-07
8014	31.91430	33.11700	38.27140	0.10515400	-0.18009100	-0.32961800	-7.89148e-07
8014	31.90420	33.15870	38.37580	0.06269540	-0.02724640	-0.04444430	-7.89148e-07
8014	32.01910	33.09100	38.40490	0.00589693	0.05044570	-0.02330740	-7.89148e-07
8014	31.95980	33.14900	38.39410	-0.00988861	0.07987520	-0.03698050	-7.89148e-07
8014	31.71370	33.13990	38.29890	0.32383800	0.12937900	-0.22521900	-7.89148e-07
8015	31.99820	33.13240	38.32300	0.35399600	0.16425100	-0.04387830	-7.89148e-07
8015	32.00880	33.12740	38.31740	0.04264630	0.24037100	-0.28358500	-7.89148e-07
8015	31.71990	33.20740	38.25640	0.33913100	-0.00969392	0.02417460	-7.89148e-07
8015	31.60650	33.13150	38.27020	0.19902600	-0.09945400	-0.24950600	-7.89148e-07
8015	31.80980	33.10630	38.25720	0.26174800	0.00361379	-0.06990010	-7.89148e-07
8015	31.94240	33.10930	38.39130	0.01701890	-0.09421510	-0.03693410	-7.89148e-07
8015	31.77910	33.11540	38.26750	-0.15227300	0.26075400	-0.34610700	-7.89148e-07
8015	31.79900	33.15690	38.31160	0.13153800	-0.28961200	-0.08375700	-7.89148e-07
8015	31.81360	33.14090	38.32050	0.15306000	-0.21966400	-0.06207490	-7.89148e-07
8015	31.67320	33.14920	38.16570	-0.16590400	-0.12381400	-0.38852600	-7.89148e-07
8015	31.74600	33.12760	38.21670	-0.07501450	-0.24173300	-0.28953500	-7.89148e-07
8015	31.62210	33.22430	38.31160	0.03844290	0.25840900	-0.04378230	-7.89148e-07
8015	31.67850	33.22040	38.33330	-0.10244500	-0.16154800	-0.05914900	-7.89148e-07
8015	31.79560	33.16740	38.28390	0.16561500	0.12478800	-0.08299840	-7.89148e-07
8015	31.67460	33.19900	38.30640	0.03081930	-0.08324280	-0.01882480	-7.89148e-07
8015	31.60680	33.14600	38.31850	0.21163900	-0.15598000	0.19021400	-7.89148e-07
8015	31.83770	33.19180	38.34210	-0.08972810	-0.10810300	-0.22162400	-7.89148e-07
8015	31.78030	33.17760	38.31460	-0.13242500	0.08940400	-0.35088000	-7.89148e-07
8015	31.89110	33.15870	38.29920	-0.21567800	0.17204000	-0.31410200	-7.89148e-07
8015	31.76810	33.17040	38.27020	0.05459890	0.10711300	-0.22915300	-7.89148e-07
8015	31.78540	33.16590	38.26330	0.13675200	-0.35873800	-0.07916320	-7.89148e-07
8015	31.92110	33.17780	38.33570	-0.05061070	-0.05976640	-0.14057800	-7.89148e-07
8015	31.69070	33.22200	38.30750	-0.33533100	0.07610300	-0.13981400	-7.89148e-07
8015	31.86610	33.19110	38.31220	-0.32357600	-0.04730680	-0.21707500	-7.89148e-07
8016	32.00740	33.16420	38.30230	0.26952400	0.30096300	-0.27726700	-7.89148e-07
8016	31.85830	33.11110	38.32240	0.47867900	-0.11063600	-0.13035800	-7.89148e-07
8016	31.60480	33.13720	38.26360	0.14139200	-0.02785460	-0.15746300	-7.89148e-07
8016	31.81460	33.15220	38.24670	0.05305680	0.08568590	-0.50737700	-7.89148e-07
8016	31.86990	33.16420	38.36680	0.12148900	0.18500100	-0.35764100	-7.89148e-07
8016	32.01180	33.15990	38.37390	0.10817400	0.19351300	-0.08136370	-7.89148e-07
8016	31.92520	33.18930	38.36770	0.30457200	-0.38264900	-0.08050670	-7.89148e-07
8016	31.78140	33.20410	38.24050	0.08719610	0.25364000	-0.32240100	-7.89148e-07
8016	31.67940	33.21840	38.31260	0.08628380	0.01704550	-0.19478700	-7.89148e-07
8016	31.70340	33.21670	38.22640	0.45304800	-0.21645000	-0.21004800	-7.89148e-07
8016	31.67080	33.16070	38.33340	0.04172290	-0.02962220	-0.15487500	-7.89148e-07
8016	31.70080	33.18480	38.22210	-0.16400000	-0.03070310	-0.45043700	-7.89148e-07
8016	31.96220	33.14150	38.38950	-0.09167220	0.03870720	-0.12744100	-7.89148e-07
8016	31.89460	33.13760	38.38600	-0.05432740	0.15879500	-0.06935290	-7.89148e-07
8016	31.71860	33.18740	38.30940	0.08643790	-0.03190540	-0.22146000	-7.89148e-07
8016	31.80570	33.17000	38.36170	0.02523920	0.05666610	-0.12390300	-7.89148e-07
8016	31.81050	33.17840	38.33280	-0.18945900	-0.30676700	-0.38212400	-7.89148e-07
8016	31.71170	33.17380	38.33870	0.10262200	-0.01364260	-0.18952700	-7.89148e-07
8016	31.73570	33.14470	38.30690	-0.06008490	0.10917300	-0.38548700	-7.89148e-07
8016	31.70880	33.17800	38.30990	0.22172000	-0.07365440	-0.23892900	-7.89148e-07
8016	31.83220	33.18620	38.32200	0.14439800	0.19078300	-0.12936500	-7.89148e-07
8017	31.95410	33.12010	38.39050	0.18278300	0.08299280	-0.07958470	-7.89148e-07
8017	31.94290	33.14590	38.37190	0.22772900	0.12398700	-0.04139040	-7.89148e-07
8017	31.91800	33.15040	38.37440	-0.14826700	0.00713165	-0.11046100	-7.89148e-07
8017	31.93110	33.13510	38.39190	-0.00569244	0.04098560	0.01416860	-7.89148e-07
8017	31.98580	33.10350	38.39570	0.03392150	-0.04130560	-0.02120870	-7.89148e-07
8017	31.64330	33.16700	38.29140	-0.14151100	0.10045500	-0.03203320	-7.89148e-07
8017	31.71520	33.14850	38.32100	0.19972000	0.36620300	-0.01959170	-7.89148e-07
8017	31.68600	33.18690	38.25720	0.47058600	-0.07100060	0.21167000	-7.89148e-07
8017	31.76150	33.13830	38.35220	0.53210500	-0.08779310	0.02261140	-7.89148e-07
8017	31.85480	33.13660	38.37450	-0.13185200	-0.10508700	-0.02589740	-7.89148e-07
8017	31.63570	33.15840	38.23310	0.15759900	-0.13138700	-0.11904500	-7.89148e-07
8017	31.77950	33.12150	38.33000	-0.12334200	0.32667600	-0.14544100	-7.89148e-07
8017	31.96780	33.15130	38.30960	-0.08561610	-0.13529100	-0.18376700	-7.89148e-07
8017	31.61440	33.19530	38.31380	0.31816700	-0.10271400	0.15415500	-7.89148e-07
8017	31.64640	33.13190	38.17530	-0.02344180	0.15004900	-0.30291900	-7.89148e-07
8017	31.69900	33.15430	38.23870	0.06572740	0.36035800	-0.11484100	-7.89148e-07
8017	31.64070	33.12710	38.32570	-0.02452740	-0.03157890	0.09408930	-7.89148e-07
8017	31.92980	33.15770	38.33410	-0.27271600	-0.08270470	-0.20621700	-7.89148e-07
8017	31.71720	33.15400	38.33950	-0.13309300	0.29824800	0.12694600	-7.89148e-07
8018	32.03810	33.10900	38.32980	0.12422100	0.17603700	-0.17504300	-7.89148e-07
8018	31.59010	33.18490	38.28890	0.14294600	-0.13851900	-0.24435100	-7.89148e-07
8018	31.68610	33.19750	38.28970	0.20261700	0.01752110	-0.29548000	-7.89148e-07
8018	31.67260	33.13070	38.23580	0.05894010	-0.38668300	-0.31323400	-7.89148e-07
8018	31.92610	33.17350	38.37360	0.11463200	-0.13166000	-0.24151600	-7.89148e-07
8018	31.95200	33.11790	38.28050	0.28021600	0.11044700	-0.35873000	-7.89148e-07
8018	31.69650	33.19460	38.31430	0.42343100	-0.11905200	-0.17676700	-7.89148e-07
8018	31.70160	33.12840	38.22790	-0.18050600	-0.07601340	-0.40915800	-7.89148e-07
8018	31.70350	33.15700	38.31370	-0.11712500	0.02324740	-0.50548500	-7.89148e-07
8018	31.84780	33.12340	38.25810	-0.15637000	0.11609900	-0.48168500	-7.89148e-07
8018	31.70010	33.17300	38.27690	0.16479300	0.09032810	-0.20777000	-7.89148e-07
8018	31.68050	33.19350	38.32760	0.30788200	-0.35374400	-0.16823300	-7.89148e-07
8018	31.61810	33.12620	38.30890	0.18053600	-0.13266400	-0.37173600	-7.89148e-07
8018	31.66500	33.13590	38.33100	0.08480390	-0.15352200	-0.42502500	-7.89148e-07
8018	31.64700	33.17010	38.27490	0.16715900	0.16574500	-0.17558000	-7.89148e-07
8018	31.65950	33.17190	38.18980	0.11670600	-0.31981500	-0.40137400	-7.89148e-07
8018	31.75840	33.14880	38.27660	0.14459600	0.06344930	-0.29676800	-7.89148e-07
8018	31.90720	33.13400	38.32990	0.16314800	0.02134250	-0.26516900	-7.89148e-07
8018	31.85130	33.18860	38.28550	0.38855300	-0.08530830	-0.34755600	-7.89148e-07
8018	31.82740	33.15690	38.21120	0.25302400	-0.15468100	-0.26268300	-7.89148e-07
8018	31.77940	33.21240	38.30710	0.02978930	0.20556400	-0.36030200	-7.89148e-07
8018	31.97370	33.13750	38.40140	0.03773840	-0.05475390	-0.05547640	-7.89148e-07
8018	31.75070	33.20360	38.32610	0.30452800	-0.11983100	-0.41046200	-7.89148e-07
8018	31.73210	33.20090	38.33640	0.23421200	-0.32804700	-0.14228000	-7.89148e-07
8019	31.96420	33.11320	38.32180	-0.16701000	0.18246000	-0.25840600	-7.89148e-07
8019	32.02190	33.12460	38.34980	0.11057200	-0.21356800	-0.07180570	-7.89148e-07
8019	31.89750	33.10910	38.37520	0.02065350	0.01561390	-0.00990687	-7.89148e-07
8019	31.65920	33.13910	38.28470	-0.06904650	0.12178500	-0.13097700	-7.89148e-07
8019	31.93270	33.16340	38.36800	-0.05717690	0.11451900	-0.22619300	-7.89148e-07
8019	31.63360	33.19950	38.29550	0.25977300	0.31249700	0.05739960	-7.89148e-07
8019	31.87090	33.11130	38.35330	-0.09460520	0.00234381	-0.32659700	-7.89148e-07
8019	31.64940	33.12810	38.31240	0.07765070	0.45861100	-0.17528600	-7.89148e-07
8019	31.76000	33.13870	38.31490	0.14028100	0.20499000	-0.15454600	-7.89148e-07
8019	31.66330	33.13900	38.30530	0.21580700	0.08385660	-0.32310400	-7.89148e-07
8019	31.63850	33.19440	38.19760	0.36240500	0.29291000	-0.24833700	-7.89148e-07
8019	32.00350	33.17040	38.34080	-0.18715000	0.05214880	-0.28312300	-7.89148e-07
8019	31.86600	33.11930	38.32340	-0.27412700	-0.24982500	-0.19941100	-7.89148e-07
8019	31.68540	33.21050	38.28610	0.28885600	0.14807600	-0.00260976	-7.89148e-07
8019	31.65150	33.21060	38.31460	0.33638600	0.31979600	-0.12451500	-7.89148e-07
8019	31.69200	33.16490	38.21670	0.12726700	-0.14688000	-0.17431500	-7.89148e-07
8019	31.94280	33.16230	38.38390	0.06944450	-0.11218400	0.03473520	-7.89148e-07
8019	31.72150	33.20200	38.27920	0.20208300	0.34575000	-0.15197400	-7.89148e-07
8020	31.95820	33.11330	38.38220	0.06891770	0.00367746	-0.08092370	-7.89148e-07
8020	31.98980	33.10760	38.39020	0.09709610	0.10417800	-0.09118990	-7.89148e-07
8020	31.96290	33.11090	38.38690	0.24025700	0.10294200	-0.18033000	-7.89148e-07
8020	31.82660	33.11170	38.22340	0.39110700	0.13571700	-0.32618000	-7.89148e-07
8020	31.98230	33.14280	38.35490	0.18716300	0.09044010	-0.17985200	-7.89148e-07
8020	31.70140	33.22720	38.30310	-0.01796670	-0.12162600	-0.25802500	-7.89148e-07
8020	31.88010	33.15940	38.32510	-0.17590800	0.21833700	-0.38907200	-7.89148e-07
8020	31.79020	33.18860	38.34940	-0.04754890	-0.39678900	-0.32063200	-7.89148e-07
8020	31.74000	33.15610	38.27230	0.36123000	0.26183800	-0.15365200	-7.89148e-07
8020	31.77900	33.20050	38.33510	0.50770000	0.14573800	-0.00788375	-7.89148e-07
8020	31.59260	33.17690	38.30630	0.32102900	-0.11203400	-0.15716900	-7.89148e-07
8020	31.82690	33.12420	38.28570	-0.10680400	-0.00216392	-0.41398600	-7.89148e-07
8020	31.72300	33.20820	38.29110	0.11284800	-0.06388810	-0.37487600	-7.89148e-07
8020	31.74790	33.22000	38.31780	0.12961900	0.24105100	-0.20092300	-7.89148e-07
8020	31.66370	33.22440	38.30260	0.08675560	-0.01228260	-0.13487900	-7.89148e-07
8020	31.67470	33.18900	38.33300	0.07942100	-0.01601920	-0.13320000	-7.89148e-07
8020	31.84530	33.18600	38.34010	0.29292100	0.06081750	-0.21259100	-7.89148e-07
8020	31.63000	33.21850	38.26630	0.01888940	-0.33106200	-0.43323700	-7.89148e-07
8020	31.68010	33.22680	38.29630	0.12022000	-0.02690680	-0.34669900	-7.89148e-07
8020	31.71280	33.18440	38.30460	0.46760500	-0.19973200	-0.13485600	-7.89148e-07
8020	31.67490	33.22600	38.27720	-0.03735180	0.12990600	-0.30121100	-7.89148e-07
8020	31.63450	33.13730	38.32310	0.06961400	0.00771397	-0.12644900	-7.89148e-07
8020	31.65420	33.21740	38.32490	0.02171370	-0.02429660	-0.13947400	-7.89148e-07
8020	31.88980	33.17810	38.37110	0.08590040	0.07092000	-0.08941500	-7.89148e-07
8020	31.99550	33.12420	38.40340	-0.03819220	0.15012700	-0.06010840	-7.89148e-07
8021	31.93210	33.11660	38.37170	0.01366630	-0.00363494	-0.02994590	-7.89148e-07
8021	31.58960	33.15760	38.28250	0.20836200	-0.40867500	0.10443700	-7.89148e-07
8021	31.93750	33.09350	38.38960	-0.00611344	-0.05297240	0.00659399	-7.89148e-07
8021	31.59090	33.16240	38.27420	-0.04595690	0.36334900	-0.05896090	-7.89148e-07
8021	31.59780	33.18790	38.28820	-0.27023000	-0.09740830	-0.17275100	-7.89148e-07
8021	31.98380	33.17490	38.38740	0.29218500	0.00920001	0.06647110	-7.89148e-07
8021	31.82820	33.12020	38.33110	-0.01794000	0.21273100	-0.00879177	-7.89148e-07
8021	31.84110	33.10550	38.33280	0.05511420	0.29293700	-0.11045500	-7.89148e-07
8021	32.01910	33.16540	38.38660	0.16940000	-0.14853400	-0.15424700	-7.89148e-07
8021	31.81620	33.12760	38.36530	0.04701090	0.16535900	-0.26672900	-7.89148e-07
8021	31.74830	33.14070	38.34220	0.28370200	-0.11243100	0.15326600	-7.89148e-07
8021	31.60550	33.12640	38.26520	0.27855300	-0.13439500	-0.18711300	-7.89148e-07
8021	31.78380	33.13160	38.36110	-0.31443000	-0.11865600	-0.15079400	-7.89148e-07
8021	31.74360	33.21660	38.34280	0.07821120	-0.35179700	0.06143960	-7.89148e-07
8021	31.71790	33.13650	38.32870	-0.15280100	0.26950300	-0.20650200	-7.89148e-07
8021	31.61850	33.22750	38.22640	-0.20532400	-0.23313700	-0.16732400	-7.89148e-07
8021	31.69940	33.19670	38.30220	0.11318400	0.06371860	0.08947690	-7.89148e-07
8021	31.86660	33.12320	38.36440	-0.16135500	0.05082390	-0.04592460	-7.89148e-07
8021	31.70280	33.13340	38.34070	-0.08552270	-0.00465111	0.12027900	-7.89148e-07
8021	31.60940	33.22660	38.30530	-0.01393440	0.02784980	0.09835770	-7.89148e-07
8021	31.69770	33.16080	38.27680	-0.08378790	0.27258700	-0.24594400	-7.89148e-07
8021	31.68850	33.19990	38.26460	0.07883920	-0.18008600	-0.07978950	-7.89148e-07
8021	31.77070	33.13980	38.28400	-0.30277100	0.09529380	-0.21991500	-7.89148e-07
8021	31.66050	33.23510	38.32580	0.15378700	0.16778400	-0.22487900	-7.89148e-07
8021	31.79180	33.16060	38.27180	0.34676700	-0.12835400	-0.19558500	-7.89148e-07
8021	31.64850	33.12810	38.32910	-0.04638300	-0.02285770	0.10213500	-7.89148e-07
8021	31.73380	33.18230	38.34660	-0.07691940	-0.00066083	0.14332800	-7.89148e-07
8021	31.92470	33.12710	38.35170	0.05139860	0.08461650	-0.48088600	-7.89148e-07
8022	31.98760	33.08980	38.37930	0.14828100	-0.09370350	-0.07750040	-7.89148e-07
8022	31.63370	33.17570	38.31150	0.07479950	0.06015450	-0.28900400	-7.89148e-07
8022	32.01780	33.09050	38.36420	-0.03655520	-0.18547000	-0.16444000	-7.89148e-07
8022	31.94520	33.18510	38.38430	0.04211020	0.01432260	-0.07079800	-7.89148e-07
8022	31.82370	33.15100	38.34560	0.12201300	0.20449400	-0.23898300	-7.89148e-07
8022	31.76240	33.12650	38.33220	0.33719500	-0.00018231	-0.13416700	-7.89148e-07
8022	31.75970	33.13670	38.32850	-0.12008500	0.09083440	-0.29493400	-7.89148e-07
8022	31.61860	33.23970	38.30520	0.15886400	-0.00429430	-0.23684100	-7.89148e-07
8022	31.77160	33.14670	38.28350	-0.06549030	-0.08344960	-0.48302300	-7.89148e-07
8022	31.74090	33.11580	38.24790	0.19704700	0.12122000	-0.28616300	-7.89148e-07
8022	32.01550	33.15420	38.35410	-0.23828200	0.00189671	-0.25006700	-7.89148e-07
8022	31.59780	33.20320	38.29380	0.20371600	0.28444700	-0.05344880	-7.89148e-07
8022	31.69730	33.12580	38.27700	0.20177300	-0.00656361	-0.21823400	-7.89148e-07
8022	31.73110	33.12990	38.27090	0.14249000	0.01907460	-0.33188700	-7.89148e-07
8022	31.85390	33.15660	38.23700	-0.18488800	-0.09743630	-0.46470900	-7.89148e-07
8022	31.72600	33.19240	38.28910	0.19666600	0.02657530	-0.45354700	-7.89148e-07
8022	31.70580	33.11340	38.22080	0.24455200	-0.03391900	-0.39084200	-7.89148e-07
8022	31.72820	33.19240	38.29540	0.12474000	0.17085100	-0.46805600	-7.89148e-07
8022	31.77510	33.16110	38.22800	-0.03647700	-0.14449800	-0.44744700	-7.89148e-07
8022	31.74860	33.18170	38.21560	0.26261800	-0.23135200	-0.42006400	-7.89148e-07
8022	31.87090	33.19690	38.37580	0.32307000	-0.34760500	0.06583500	-7.89148e-07
8023	31.79580	33.12450	38.32280	-0.12989900	-0.27867200	-0.12263500	-7.89148e-07
8023	31.89960	33.11030	38.34500	0.18647500	-0.12743100	-0.24337600	-7.89148e-07
8023	31.96460	33.17230	38.37630	-0.15121700	-0.04504960	-0.37156600	-7.89148e-07
8023	31.99550	33.15190	38.30350	0.12455000	0.08846670	-0.32412100	-7.89148e-07
8023	31.77480	33.16800	38.34530	0.34647800	-0.28985100	-0.02004290	-7.89148e-07
8023	31.86660	33.15660	38.32760	-0.32867000	-0.25017400	-0.19369100	-7.89148e-07
8023	31.62700	33.15520	38.25410	-0.12611600	-0.27678600	-0.07858920	-7.89148e-07
8023	31.76430	33.18660	38.35270	-0.04198480	-0.29255400	-0.09303700	-7.89148e-07
8023	31.80620	33.16630	38.35110	-0.38293700	0.09674390	-0.14462900	-7.89148e-07
8023	31.87060	33.13410	38.33530	0.21372600	0.06387620	0.01684880	-7.89148e-07
8023	31.71450	33.18550	38.33310	0.08154580	0.11463000	0.01608200	-7.89148e-07
8023	31.85370	33.19140	38.34160	0.16935500	-0.12322400	-0.09489800	-7.89148e-07
8023	31.67080	33.16420	38.17150	-0.05519170	0.06986380	-0.26882700	-7.89148e-07
8023	31.86660	33.17810	38.24960	0.01534960	0.31183500	-0.17625600	-7.89148e-07
8023	31.79190	33.14310	38.21980	0.41412800	-0.18112300	-0.26231500	-7.89148e-07
8023	31.89560	33.13030	38.38440	-0.02640060	-0.05626160	0.01367830	-7.89148e-07
8023	31.66460	33.15570	38.30420	0.16297100	0.23576000	-0.25875100	-7.89148e-07
8024	31.96050	33.11180	38.39830	0.02249310	-0.00732243	-0.02185670	-7.89148e-07
8024	31.94410	33.11280	38.39300	-0.15506300	0.34523800	-0.15871400	-7.89148e-07
8024	31.87760	33.14940	38.35140	0.35371100	0.17363600	-0.11737000	-7.89148e-07
8024	31.96360	33.11920	38.33690	0.14878800	0.11372000	-0.14959100	-7.89148e-07
8024	31.64120	33.21750	38.32200	-0.06320730	0.31589500	-0.38232500	-7.89148e-07
8024	31.61160	33.22490	38.26030	0.08142000	-0.28339300	-0.30228200	-7.89148e-07
8024	31.77780	33.14590	38.32360	0.36316700	-0.14010300	-0.19138600	-7.89148e-07
8024	31.95460	33.18270	38.35290	0.31346300	-0.19593900	-0.08712670	-7.89148e-07
8024	31.84620	33.15470	38.33130	0.27168500	0.31394400	-0.15646400	-7.89148e-07
8024	31.59740	33.20100	38.29330	0.08233180	0.02185290	-0.25028200	-7.89148e-07
8024	31.72280	33.13730	38.33360	0.48564700	0.15069400	0.05885610	-7.89148e-07
8024	31.84050	33.14560	38.27160	0.22253300	0.21995700	-0.15788900	-7.89148e-07
8024	31.95260	33.15600	38.31750	0.00355455	-0.31814100	-0.33498900	-7.89148e-07
8024	31.69560	33.13630	38.30680	-0.17834700	-0.03279480	-0.35374400	-7.89148e-07
8024	31.80440	33.13420	38.23500	0.26664700	-0.04662840	-0.28959700	-7.89148e-07
8024	31.71470	33.12390	38.34370	0.09759190	0.00890566	-0.13409600	-7.89148e-07
8024	32.05430	33.14300	38.33820	-0.14223100	0.17045000	-0.21349500	-7.89148e-07
8024	32.04630	33.16200	38.37250	-0.32813600	0.25036200	-0.20407700	-7.89148e-07
8024	31.63200	33.15590	38.29290	0.53384800	0.01383870	-0.07660190	-7.89148e-07
8024	31.72860	33.12170	38.32010	0.12436200	0.02785470	-0.29957000	-7.89148e-07
8024	31.79290	33.15900	38.25260	0.31332800	-0.07766740	-0.35785100	-7.89148e-07
8024	31.82140	33.18590	38.30340	0.39420800	-0.05858510	-0.24011200	-7.89148e-07
8025	31.92520	33.12290	38.39020	0.03410990	0.02939420	-0.25912700	-7.89148e-07
8025	32.04630	33.11760	38.38580	-0.18251000	0.04889020	-0.19752200	-7.89148e-07
8025	32.05000	33.11650	38.37200	-0.01579860	0.04411810	-0.29722100	-7.89148e-07
8025	31.58660	33.15080	38.27480	0.08175330	0.49784800	0.04255600	-7.89148e-07
8025	31.77180	33.17820	38.33160	0.38212300	0.11386000	0.11833000	-7.89148e-07
8025	31.63690	33.21190	38.30640	0.06580360	-0.07646850	-0.01907250	-7.89148e-07
8025	31.62930	33.18670	38.29870	-0.03144270	0.09401620	-0.05407360	-7.89148e-07
8025	32.02590	33.09480	38.27980	0.21768100	-0.09325160	-0.49146800	-7.89148e-07
8025	31.90600	33.12670	38.30010	0.04811840	0.11798800	-0.21779300	-7.89148e-07
8025	31.69760	33.18160	38.33500	-0.00876951	0.01532200	0.02414310	-7.89148e-07
8025	31.66820	33.17930	38.31300	-0.14208800	0.25421200	-0.07300770	-7.89148e-07
8025	31.74270	33.15020	38.28630	0.08004200	0.11166200	-0.07058220	-7.89148e-07
8025	31.70730	33.14940	38.33820	-0.03114130	0.01783530	0.02898800	-7.89148e-07
8025	31.89620	33.17040	38.27430	0.09014870	0.10666600	-0.28904100	-7.89148e-07
8025	31.75780	33.17820	38.33540	-0.02446440	-0.20937100	-0.21946600	-7.89148e-07
8025	31.84750	33.18870	38.23880	-0.11388200	0.36837700	-0.32844500	-7.89148e-07
8025	31.63090	33.15280	38.29810	-0.03094160	-0.00504316	-0.35773400	-7.89148e-07
8025	31.76500	33.20430	38.21510	0.01118590	-0.34892000	-0.24429200	-7.89148e-07
8025	31.69150	33.22020	38.33270	-0.06745660	-0.00651849	0.07417720	-7.89148e-07
8025	31.85120	33.17780	38.32780	0.06236410	0.27653600	-0.20063300	-7.89148e-07
8025	32.05500	33.13270	38.26600	0.23361900	0.09812960	-0.34229000	-7.89148e-07
8026	31.98410	33.14470	38.40190	0.00764499	-0.02221400	-0.05205190	-7.89148e-07
8026	32.02870	33.10890	38.40040	0.01437910	0.33880500	-0.03688870	-7.89148e-07
8026	31.93210	33.11290	38.38310	0.02794050	-0.01174810	-0.05171890	-7.89148e-07
8026	31.90490	33.09580	38.37160	0.03538300	0.01123140	-0.04839770	-7.89148e-07
8026	32.00200	33.10140	38.39990	0.13296800	0.02371670	-0.07981740	-7.89148e-07
8026	31.61050	33.14620	38.27700	0.14018000	-0.11162500	-0.18613200	-7.89148e-07
8026	31.93490	33.10260	38.28460	0.08106990	0.14749800	-0.26303300	-7.89148e-07
8026	31.74450	33.12950	38.34830	0.27851200	-0.42480700	-0.14359400	-7.89148e-07
8026	31.94050	33.11150	38.32580	0.06274210	-0.00363477	-0.14897600	-7.89148e-07
8026	31.93480	33.10580	38.38940	0.01423440	0.02404220	-0.04657940	-7.89148e-07
8026	31.67810	33.16840	38.13860	0.12320700	0.02506440	-0.50075400	-7.89148e-07
8026	31.63500	33.12830	38.31020	0.37685000	-0.10411800	-0.24147600	-7.89148e-07
8026	31.65400	33.19410	38.27120	-0.05000810	0.07073500	-0.26353100	-7.89148e-07
8026	31.61760	33.22960	38.28790	0.40073000	-0.35155800	-0.09471100	-7.89148e-07
8026	31.86360	33.14040	38.35780	-0.00441691	-0.00264700	-0.14815500	-7.89148e-07
8026	31.81550	33.14110	38.32180	0.07258050	-0.36323100	-0.29039200	-7.89148e-07
8026	31.99020	33.16190	38.35580	0.08707340	-0.22828700	-0.19690100	-7.89148e-07
8026	31.69860	33.11850	38.33650	0.29039900	-0.15149000	-0.35351700	-7.89148e-07
8026	31.67940	33.23270	38.33350	0.11429200	-0.03912300	-0.09634220	-7.89148e-07
8026	31.71720	33.19990	38.15940	0.12590600	0.12848900	-0.49200300	-7.89148e-07
8026	31.75310	33.18440	38.18950	0.17910400	-0.05180990	-0.50179600	-7.89148e-07
8026	31.93320	33.17250	38.38370	-0.06892200	0.14985200	-0.18028000	-7.89148e-07
8026	31.70560	33.14870	38.33530	0.09945940	0.00821765	-0.11647300	-7.89148e-07
8026	31.77760	33.16070	38.35400	0.09805580	-0.02168700	-0.11532600	-7.89148e-07
8026	31.72210	33.17340	38.32860	0.22091100	0.32308700	-0.23051500	-7.89148e-07
8026	31.70410	33.13680	38.27660	0.00902530	0.10904400	-0.28373800	-7.89148e-07
8026	31.70760	33.18970	38.31250	0.33614100	0.07316450	-0.27981500	-7.89148e-07
8026	31.64100	33.18480	38.31880	0.07748180	-0.00787538	-0.11308700	-7.89148e-07
8026	31.65430	33.23260	38.31940	0.05857700	0.01445790	-0.13302700	-7.89148e-07
8026	31.59200	33.21350	38.28670	-0.05742520	0.07806060	-0.22324600	-7.89148e-07
8026	31.74330	33.19260	38.30550	0.10567100	-0.00622503	-0.19488800	-7.89148e-07
8026	31.59270	33.21230	38.28710	0.01047740	0.07681320	-0.20266600	-7.89148e-07
8026	31.72100	33.14130	38.30520	0.31479700	0.36484400	-0.25822600	-7.89148e-07
8026	31.72150	33.21990	38.33350	0.12361200	0.00075587	-0.13493900	-7.89148e-07
8026	31.70870	33.17840	38.34170	0.10130800	0.00763798	-0.13638000	-7.89148e-07
8026	31.68250	33.20750	38.32120	0.07251880	-0.03235810	-0.17252300	-7.89148e-07
8026	31.66820	33.14710	38.33270	0.07825500	0.03072300	-0.10403200	-7.89148e-07
8026	31.67160	33.21940	38.33210	0.21747100	-0.14371900	-0.38975000	-7.89148e-07
8026	31.70060	33.16870	38.34160	0.10123100	-0.00657531	-0.12479600	-7.89148e-07
8026	31.66150	33.20690	38.31720	0.05440870	-0.06411840	-0.12396600	-7.89148e-07
8026	31.72900	33.20770	38.34570	0.09312870	0.01287000	-0.13668200	-7.89148e-07
8026	31.75650	33.15310	38.33620	0.05853990	0.01910700	-0.13903200	-7.89148e-07
8026	31.70980	33.17130	38.34220	0.07013020	-0.05456730	-0.17667000	-7.89148e-07
8026	31.73270	33.22330	38.34620	0.07619430	0.01351260	-0.14422900	-7.89148e-07
8026	31.68820	33.21870	38.30240	0.09903290	-0.03690910	-0.16181400	-7.89148e-07
8026	31.72840	33.15140	38.32730	0.09877840	-0.01855460	-0.15548400	-7.89148e-07
8026	31.72790	33.20260	38.34170	0.10721900	-0.03864960	-0.14277600	-7.89148e-07
8027	31.95160	33.09710	38.39480	0.04755530	-0.00934326	-0.01704210	-7.89148e-07
8027	31.90770	33.17740	38.37380	-0.19311600	-0.33896300	-0.26210100	-7.89148e-07
8027	31.98630	33.15930	38.39990	0.00807680	0.01613080	0.00051580	-7.89148e-07
8027	31.95550	33.11160	38.29640	-0.19263400	0.04624420	-0.35854700	-7.89148e-07
8027	32.00380	33.17280	38.39220	0.15996100	0.32031300	-0.25564900	-7.89148e-07
8027	31.81140	33.15280	38.35420	0.07115880	-0.52038900	0.13541000	-7.89148e-07
8027	31.65060	33.22150	38.24140	-0.04127370	-0.33013100	-0.01067310	-7.89148e-07
8027	31.91530	33.18860	38.38380	0.01318230	-0.02240540	0.07247650	-7.89148e-07
8027	31.82850	33.17120	38.34190	0.33665000	-0.17231100	0.02277820	-7.89148e-07
8027	31.98560	33.15650	38.36990	-0.05956000	-0.16603400	-0.12112600	-7.89148e-07
8027	31.83420	33.13000	38.33450	-0.28947600	0.01507550	-0.27079000	-7.89148e-07
8027	31.59640	33.16670	38.25690	0.02391650	0.07745010	-0.22089500	-7.89148e-07
8027	31.80040	33.16630	38.30930	0.06094250	0.24739500	-0.29549400	-7.89148e-07
8027	31.72220	33.18490	38.34320	-0.15207100	-0.04159940	-0.01008210	-7.89148e-07
8027	31.86930	33.18580	38.32780	-0.08683010	-0.17577200	-0.01628560	-7.89148e-07
8027	31.75270	33.14680	38.32670	-0.02287130	0.05586490	0.01494000	-7.89148e-07
8027	31.86240	33.10560	38.35010	-0.14503100	0.29142700	-0.18460700	-7.89148e-07
8027	31.90710	33.15750	38.38060	-0.05652670	-0.21609300	-0.30382800	-7.89148e-07
8027	31.96320	33.17500	38.38780	0.30910100	-0.04382500	0.00733558	-7.89148e-07
8028	31.98250	33.11010	38.39010	0.06046860	0.02678860	-0.07449920	-7.89148e-07
8028	31.99150	33.11870	38.40420	-0.32272200	0.24398000	-0.27659800	-7.89148e-07
8028	31.64530	33.19640	38.32000	0.22716700	-0.10627700	-0.08512900	-7.89148e-07
8028	31.71060	33.19670	38.31380	0.26093500	-0.14699500	-0.18944100	-7.89148e-07
8028	31.81040	33.13750	38.26000	-0.11558600	0.34070900	-0.38482300	-7.89148e-07
8028	31.83950	33.16900	38.34170	-0.14739500	-0.02183030	-0.44868000	-7.89148e-07
8028	31.83600	33.13820	38.32930	0.47165600	0.12078800	-0.14400000	-7.89148e-07
8028	32.00210	33.16050	38.36850	0.18284900	-0.02192050	-0.40379500	-7.89148e-07
8028	31.92170	33.15340	38.29980	0.34835600	-0.27038700	-0.27660300	-7.89148e-07
8028	31.89430	33.14420	38.33860	-0.04627990	-0.21868000	-0.23760200	-7.89148e-07
8028	31.71410	33.18010	38.33640	0.28516700	-0.06700480	-0.14073300	-7.89148e-07
8028	31.87300	33.18300	38.37580	0.14717300	-0.32029900	-0.07739470	-7.89148e-07
8028	31.59660	33.15090	38.25770	0.20715000	0.24848900	-0.26492200	-7.89148e-07
8028	31.80320	33.17550	38.32390	0.17743000	-0.19605400	-0.25176800	-7.89148e-07
8028	31.66320	33.19080	38.19950	0.27543500	0.24960800	-0.30361600	-7.89148e-07
8028	31.68840	33.17640	38.33140	0.15232700	-0.02061240	-0.36203400	-7.89148e-07
8028	31.72010	33.14800	38.28500	0.30575100	-0.05314470	-0.29923000	-7.89148e-07
8028	31.65110	33.16500	38.28970	-0.26072700	-0.27639900	-0.34575800	-7.89148e-07
8028	31.72460	33.21100	38.16430	0.29863700	-0.19872200	-0.38617400	-7.89148e-07
8028	31.83330	33.10870	38.36850	0.41875300	0.09167280	-0.28633800	-7.89148e-07
8029	31.94220	33.09620	38.38780	0.02048570	-0.03709970	0.00622692	-7.89148e-07
8029	31.95220	33.12800	38.39760	0.03549450	-0.00117395	0.04258340	-7.89148e-07
8029	31.96270	33.10980	38.33210	0.05805450	-0.03339380	-0.14989000	-7.89148e-07
8029	31.94610	33.09470	38.37760	-0.04640840	0.07246500	-0.15501500	-7.89148e-07
8029	31.86440	33.09950	38.37180	0.00850792	-0.13004600	-0.02519020	-7.89148e-07
8029	31.97820	33.17970	38.36810	0.11226600	-0.13459500	-0.17677000	-7.89148e-07
8029	32.03080	33.15450	38.40770	-0.16103000	0.17263500	-0.37590600	-7.89148e-07
8029	31.90570	33.16430	38.37710	0.50553000	-0.14042800	0.11313000	-7.89148e-07
8029	31.70140	33.11500	38.29380	0.20372800	0.05637920	0.07182720	-7.89148e-07
8029	31.61800	33.22040	38.31840	0.01927990	-0.39400900	0.06092310	-7.89148e-07
8029	31.79080	33.15790	38.35610	0.26729700	0.39010500	-0.01871240	-7.89148e-07
8029	31.88460	33.12370	38.27180	0.32449500	-0.04304260	-0.06422410	-7.89148e-07
8029	31.68460	33.17810	38.31920	-0.26338800	0.29498100	-0.16215800	-7.89148e-07
8029	31.59780	33.15670	38.25310	-0.12156500	0.06549240	-0.12609500	-7.89148e-07
8029	31.86300	33.12000	38.27270	0.08013280	-0.09186670	-0.22645600	-7.89148e-07
8029	31.89720	33.14300	38.33550	0.16457000	0.01007920	-0.11437600	-7.89148e-07
8029	31.72450	33.12260	38.31710	0.03697950	0.24147000	-0.24964400	-7.89148e-07
8029	31.89480	33.17390	38.30010	0.28847100	-0.40466000	-0.12497600	-7.89148e-07
8029	31.71380	33.18830	38.20730	0.20247900	0.15056100	-0.09650550	-7.89148e-07
8029	31.89500	33.12810	38.38550	-0.39043900	0.06041840	-0.11293400	-7.89148e-07
8029	31.68970	33.20270	38.26190	-0.27312500	-0.25058700	-0.39754900	-7.89148e-07
8029	31.89690	33.19320	38.32050	0.11190200	-0.06090530	-0.02440020	-7.89148e-07
8029	31.79890	33.20480	38.26440	-0.15845200	0.23915100	-0.22869800	-7.89148e-07
8029	31.74060	33.18190	38.30670	0.15824100	0.14354800	-0.14653900	-7.89148e-07
8029	31.63830	33.13780	38.30020	0.24453300	-0.30647700	-0.02154730	-7.89148e-07
8029	31.62160	33.16560	38.31100	0.04808580	0.35956400	-0.18132300	-7.89148e-07
8029	31.74050	33.15760	38.34480	0.22452700	-0.14468000	-0.18432000	-7.89148e-07
8029	31.94080	33.17130	38.31050	-0.01209700	0.04651530	-0.26241900	-7.89148e-07
8029	32.00300	33.16040	38.25120	0.19872300	-0.30300300	-0.40459900	-7.89148e-07
8030	31.86820	33.12080	38.33190	0.36251200	0.07396330	-0.03678180	-7.89148e-07
8030	31.98320	33.15690	38.38310	0.32513600	0.25052600	-0.23695700	-7.89148e-07
8030	31.97700	33.17830	38.33380	0.12716300	0.09525790	-0.14858700	-7.89148e-07
8030	32.00410	33.09520	38.31000	0.07170690	-0.09952490	-0.22018000	-7.89148e-07
8030	31.97120	33.10680	38.36170	0.16480300	0.16350500	-0.13470700	-7.89148e-07
8030	31.93440	33.17160	38.32310	0.14801200	0.16674200	-0.17959700	-7.89148e-07
8030	31.80080	33.12060	38.36420	0.01985390	0.04910540	-0.10795200	-7.89148e-07
8030	31.95330	33.12850	38.37490	0.16506700	0.09458990	-0.13543400	-7.89148e-07
8030	31.85090	33.10580	38.37570	0.22629600	0.23577000	-0.27382100	-7.89148e-07
8030	32.01840	33.10150	38.28500	0.28383400	-0.11047300	-0.17707400	-7.89148e-07
8030	31.92540	33.18690	38.37400	0.26179400	0.19872700	0.01114000	-7.89148e-07
8030	31.95820	33.18150	38.29890	0.18287200	0.04023150	-0.17843800	-7.89148e-07
8030	31.73870	33.16150	38.32210	-0.14994800	0.06768220	-0.37640500	-7.89148e-07
8030	31.83580	33.12140	38.22660	0.30390400	-0.07104200	-0.35554500	-7.89148e-07
8030	31.98390	33.17570	38.33740	0.15326700	0.19298200	-0.17288200	-7.89148e-07
8030	31.82070	33.13920	38.36520	0.00888660	0.04451530	-0.12122400	-7.89148e-07
8030	31.91480	33.14000	38.24890	0.10925100	0.00347014	-0.33239600	-7.89148e-07
8030	31.65980	33.18390	38.30500	0.08648800	0.01590900	-0.16167700	-7.89148e-07
8030	31.72090	33.17810	38.29840	0.15613700	-0.41481000	-0.16831100	-7.89148e-07
8030	31.72250	33.18350	38.34410	0.09334700	-0.01437420	-0.17984600	-7.89148e-07
8030	31.68000	33.16660	38.32570	0.08833020	-0.01938090	-0.16541600	-7.89148e-07
8030	31.95360	33.16620	38.36730	0.11673000	-0.06402540	-0.14546100	-7.89148e-07
8030	31.69230	33.13840	38.32950	0.05374490	-0.01936100	-0.17792500	-7.89148e-07
8030	31.69270	33.21110	38.33670	0.08821830	-0.02252350	-0.17254600	-7.89148e-07
8030	31.68600	33.22870	38.29940	0.27954600	0.03381160	-0.35996800	-7.89148e-07
8030	31.71860	33.17000	38.33920	0.14417800	-0.03184710	-0.18179400	-7.89148e-07
8030	31.66110	33.18040	38.32720	0.12815100	-0.03899570	-0.13213600	-7.89148e-07
8030	31.72260	33.13900	38.32640	0.09597520	0.00439058	-0.18615900	-7.89148e-07
8030	31.71410	33.15120	38.24590	-0.01099220	0.23986800	-0.41008100	-7.89148e-07
8030	31.93870	33.16090	38.26100	0.20058300	-0.21442200	-0.29432800	-7.89148e-07
8030	31.71000	33.21810	38.32700	0.11131700	-0.03889540	-0.20014300	-7.89148e-07
8030	31.70910	33.21760	38.33540	0.09489340	-0.02689980	-0.19146600	-7.89148e-07
8030	31.63510	33.13110	38.31770	0.13738900	0.15875700	-0.35291400	-7.89148e-07
8030	31.65860	33.20990	38.32410	0.12399800	-0.01823740	-0.12549300	-7.89148e-07
8030	31.75700	33.21020	38.18540	0.22315600	-0.19805200	-0.33966100	-7.89148e-07
8030	31.64560	33.22440	38.32500	0.08170440	-0.00095565	-0.12236700	-7.89148e-07
8030	31.71910	33.15010	38.30350	0.14591600	-0.00253840	-0.26177700	-7.89148e-07
8030	31.74380	33.21280	38.32780	0.12904300	0.02879810	-0.18039400	-7.89148e-07
8030	31.80440	33.15730	38.35620	0.03046500	0.02176880	-0.11852800	-7.89148e-07
8030	31.75940	33.18610	38.35080	0.06971440	0.03969200	-0.15125600	-7.89148e-07
8031	32.03330	33.11900	38.34740	0.31882900	-0.05129960	-0.24439700	-7.89148e-07
8031	32.01430	33.10980	38.38780	0.07643620	-0.22988300	-0.03126780	-7.89148e-07
8031	31.91030	33.10500	38.37120	0.04322480	0.10077300	-0.02777940	-7.89148e-07
8031	31.94560	33.11300	38.37790	0.00952248	0.01462570	-0.50248200	-7.89148e-07
8031	31.86810	33.18060	38.33340	0.31513200	0.36395300	0.09948470	-7.89148e-07
8031	32.04320	33.14130	38.38710	-0.17449800	0.02562060	-0.43512000	-7.89148e-07
8031	31.90460	33.10590	38.35520	-0.13157900	0.27412900	-0.28321600	-7.89148e-07
8031	31.73640	33.12520	38.34560	-0.12837600	-0.06193910	-0.16027000	-7.89148e-07
8031	31.83190	33.13060	38.16260	0.40761200	-0.06361330	-0.27145800	-7.89148e-07
8031	31.95060	33.16770	38.39090	0.00414647	-0.01247280	0.00811363	-7.89148e-07
8031	31.88100	33.19490	38.36360	0.21233900	0.36299900	-0.02708170	-7.89148e-07
8031	31.61340	33.17630	38.31120	-0.21912600	0.23965100	-0.13479000	-7.89148e-07
8031	31.59500	33.17020	38.25610	0.22064600	-0.11090500	-0.14866500	-7.89148e-07
8031	31.71920	33.18580	38.29190	-0.03353910	0.00227669	0.12455600	-7.89148e-07
8031	31.86620	33.15970	38.29200	-0.06959180	0.00324363	-0.09451380	-7.89148e-07
8031	31.91830	33.17280	38.30030	0.06971630	0.02096860	-0.12448500	-7.89148e-07
8031	31.70750	33.14690	38.19240	-0.23597400	0.15278100	-0.34076000	-7.89148e-07
8031	31.81720	33.16790	38.25650	0.31452700	-0.33591100	-0.08055590	-7.89148e-07
8031	31.75250	33.13500	38.30770	-0.09074540	0.09016400	0.08623180	-7.89148e-07
8031	31.68080	33.13640	38.20710	0.32781900	-0.33525000	-0.25108400	-7.89148e-07
8032	32.04670	33.09150	38.33550	-0.03542670	0.21635900	-0.18624500	-7.89148e-07
8032	31.96640	33.09200	38.39160	0.08799440	0.06661050	-0.07732700	-7.89148e-07
8032	31.60060	33.13170	38.29670	-0.20067500	0.19214300	-0.29574900	-7.89148e-07
8032	32.02160	33.15850	38.30940	0.04577200	0.15736500	-0.21835700	-7.89148e-07
8032	31.94380	33.09310	38.36820	-0.04407120	0.43459900	-0.29383700	-7.89148e-07
8032	32.00610	33.13360	38.35670	-0.03388810	0.21902100	-0.20484400	-7.89148e-07
8032	31.74320	33.12580	38.33600	0.31822700	-0.00452505	-0.11224500	-7.89148e-07
8032	31.93050	33.15530	38.27990	0.42765700	-0.01627580	-0.12214800	-7.89148e-07
8032	31.63340	33.15020	38.28800	0.31941200	-0.10457600	-0.08386190	-7.89148e-07
8032	31.59910	33.14390	38.28290	0.13952600	0.08436910	-0.24747500	-7.89148e-07
8032	31.99890	33.17320	38.38510	-0.15475400	-0.06329640	-0.18199500	-7.89148e-07
8032	31.78520	33.10870	38.35390	-0.09852790	0.19857300	-0.34737500	-7.89148e-07
8032	31.64400	33.17680	38.28910	0.37107400	0.18758700	-0.03791080	-7.89148e-07
8032	31.61550	33.24190	38.22160	0.21493800	-0.03909070	-0.26240100	-7.89148e-07
8032	31.66570	33.15100	38.27030	0.00959589	-0.06280440	-0.42092400	-7.89148e-07
8032	31.87140	33.13230	38.35300	0.18617700	-0.22713800	-0.07922650	-7.89148e-07
8032	31.63830	33.21220	38.30870	-0.04118940	0.03568590	-0.41502100	-7.89148e-07
8032	31.74690	33.13520	38.16270	0.19244100	0.11765800	-0.42968700	-7.89148e-07
8032	31.75940	33.16870	38.24300	0.29216700	-0.32140700	-0.25943400	-7.89148e-07
8032	31.89120	33.17590	38.28250	0.24685600	-0.10333000	-0.20190300	-7.89148e-07
8032	31.78380	33.19030	38.33320	0.17988400	-0.23670400	-0.26711800	-7.89148e-07
8032	31.78540	33.20120	38.21790	0.17582900	-0.12536200	-0.39792400	-7.89148e-07
8032	31.85560	33.14180	38.28490	-0.10224900	-0.11316900	-0.35278900	-7.89148e-07
8032	31.78990	33.14990	38.31460	0.08993530	0.08000140	-0.38318800	-7.89148e-07
8033	31.93310	33.11770	38.39270	0.01024590	-0.01463350	0.01738220	-7.89148e-07
8033	31.91190	33.13020	38.38760	-0.00110474	0.01211520	0.02647830	-7.89148e-07
8033	31.98550	33.11060	38.31390	0.20658300	0.03322160	-0.10692000	-7.89148e-07
8033	31.95830	33.10920	38.37230	0.01836320	-0.13326000	-0.12651100	-7.89148e-07
8033	32.04260	33.16320	38.38980	-0.06343310	-0.09250240	-0.28129200	-7.89148e-07
8033	31.96570	33.15280	38.39770	-0.06893300	-0.20303100	-0.25734100	-7.89148e-07
8033	32.01630	33.12260	38.35050	0.09451360	0.07304200	-0.09186240	-7.89148e-07
8033	31.65000	33.17710	38.27030	0.03282710	-0.27150300	0.01622510	-7.89148e-07
8033	31.93160	33.14760	38.31120	0.10992500	-0.12587200	-0.24008200	-7.89148e-07
8033	31.68200	33.22330	38.24630	-0.25991900	-0.11713400	-0.15875600	-7.89148e-07
8033	31.60270	33.15180	38.22510	0.00758283	0.29663600	-0.06342860	-7.89148e-07
8033	31.63650	33.15790	38.25180	0.08940900	0.36924800	0.01290680	-7.89148e-07
8033	31.81690	33.14240	38.27690	-0.04870290	-0.12251700	-0.28119800	-7.89148e-07
8033	31.63680	33.15580	38.24060	0.04281050	-0.18033100	-0.18967300	-7.89148e-07
8033	31.89020	33.17670	38.34350	0.14044800	-0.06756610	-0.00112184	-7.89148e-07
8033	31.83270	33.18160	38.21310	0.11738600	-0.04918680	-0.21985900	-7.89148e-07
8033	31.61670	33.16290	38.19580	-0.06527200	0.19145600	-0.24906400	-7.89148e-07
8033	31.73830	33.17760	38.33760	0.36870000	-0.26256100	0.03369260	-7.89148e-07
8033	31.87210	33.15630	38.35970	0.18510600	-0.04671320	-0.05519750	-7.89148e-07
8033	31.71920	33.15470	38.27030	0.15911000	0.15956200	0.05916360	-7.89148e-07
8033	31.76930	33.17240	38.34970	-0.15916200	0.20164900	-0.33819100	-7.89148e-07
8033	31.69230	33.22840	38.26640	0.20480600	-0.06006990	0.00349783	-7.89148e-07
8033	31.75680	33.21530	38.30570	-0.03791490	0.13907700	0.02628470	-7.89148e-07
8033	31.83520	33.18820	38.27370	-0.19148400	-0.18472200	-0.21106800	-7.89148e-07
8033	31.72430	33.19580	38.29000	-0.26933900	0.12607000	-0.26032000	-7.89148e-07
8033	31.76480	33.20690	38.35190	-0.04873470	-0.02188690	0.08483880	-7.89148e-07
8034	31.92610	33.13630	38.38810	-0.00217175	-0.02620770	-0.05959550	-7.89148e-07
8034	31.92010	33.10580	38.39020	0.05975410	0.04286020	-0.04422730	-7.89148e-07
8034	31.90460	33.12210	38.32770	0.48485700	-0.15463300	-0.12411300	-7.89148e-07
8034	31.65010	33.22020	38.31930	0.06604780	-0.03855050	-0.17375700	-7.89148e-07
8034	31.63470	33.23840	38.31260	0.07954630	0.01228130	-0.16162700	-7.89148e-07
8034	31.91230	33.17290	38.38640	0.01242920	0.08546360	-0.06399770	-7.89148e-07
8034	31.69780	33.18190	38.27510	0.21014000	-0.17384500	-0.31827000	-7.89148e-07
8034	32.02410	33.17090	38.39390	-0.09878960	0.22907700	-0.16453700	-7.89148e-07
8034	31.68040	33.12470	38.20660	0.17498900	-0.18846500	-0.35404600	-7.89148e-07
8034	31.88530	33.16800	38.35900	-0.05442410	-0.42071200	-0.26226200	-7.89148e-07
8034	31.88900	33.14340	38.37030	0.27546000	0.04340150	-0.32558600	-7.89148e-07
8034	31.68520	33.14600	38.25000	-0.05185980	0.16135300	-0.50247800	-7.89148e-07
8034	31.62860	33.18780	38.27320	0.05915640	0.10090200	-0.47769600	-7.89148e-07
8034	31.67920	33.22340	38.32830	0.10379000	0.07209210	-0.21615700	-7.89148e-07
8034	31.71000	33.22570	38.30890	0.12839600	0.01047920	-0.25033900	-7.89148e-07
8034	32.00680	33.16150	38.36750	0.19007900	0.03588170	-0.05407690	-7.89148e-07
8034	31.67260	33.20970	38.33250	0.11758300	0.04989270	-0.22517400	-7.89148e-07
8034	31.73880	33.14970	38.21030	0.24252900	-0.31929600	-0.32608700	-7.89148e-07
8034	31.75990	33.13320	38.31710	0.01676460	-0.16687100	-0.27398200	-7.89148e-07
8034	31.78000	33.17560	38.25470	0.24053900	0.03695100	-0.35570600	-7.89148e-07
8034	31.66300	33.19090	38.33070	0.09534880	-0.03260850	-0.14268100	-7.89148e-07
8034	31.72300	33.21160	38.33080	0.28393700	-0.20350500	-0.25297900	-7.89148e-07
8034	31.70660	33.15490	38.25470	0.15647900	-0.17626000	-0.33934500	-7.89148e-07
8034	31.75470	33.16070	38.33400	-0.25038900	-0.18179100	-0.42116000	-7.89148e-07
8034	31.69630	33.17130	38.33530	0.08188830	-0.03787120	-0.20494600	-7.89148e-07
8034	31.66000	33.22870	38.32600	0.09232500	-0.03959640	-0.18841800	-7.89148e-07
8034	31.91410	33.18620	38.38350	-0.03635890	0.15565900	-0.15578900	-7.89148e-07
8034	31.89620	33.10260	38.32690	0.18070700	-0.08850500	-0.45532800	-7.89148e-07
