#
# Electrons precipitation process XRF for species O
# Simulation setup: southward IMF, same Solar wind as Aizawa et al. (2021)
# Simulation code: iPIC3D
# Simulation path: /home/flavorenti/Bureau/data_simu_iPIC3D/Mercury_SaeInit/PR1/minusBz-newbox/texts/
# Signature: Federico Lavorenti
#
nan	0.400	1.200	2.000	2.800	3.600	4.400	5.200	6.000	6.800	7.600	8.400	9.200	10.000	10.800	11.600	12.400	13.200	14.000	14.800	15.600	16.400	17.200	18.000	18.800	19.600	20.400	21.200	22.000	22.800	23.600	
-84.000	0.000e+00	0.000e+00	0.000e+00	0.000e+00	0.000e+00	0.000e+00	0.000e+00	0.000e+00	0.000e+00	0.000e+00	0.000e+00	0.000e+00	0.000e+00	0.000e+00	0.000e+00	0.000e+00	0.000e+00	0.000e+00	0.000e+00	0.000e+00	0.000e+00	0.000e+00	0.000e+00	0.000e+00	0.000e+00	0.000e+00	0.000e+00	0.000e+00	0.000e+00	0.000e+00	
-72.000	0.000e+00	6.041e-17	0.000e+00	0.000e+00	0.000e+00	0.000e+00	0.000e+00	0.000e+00	0.000e+00	0.000e+00	0.000e+00	0.000e+00	0.000e+00	3.660e-16	0.000e+00	5.771e-17	0.000e+00	0.000e+00	0.000e+00	0.000e+00	0.000e+00	0.000e+00	0.000e+00	0.000e+00	0.000e+00	0.000e+00	0.000e+00	0.000e+00	0.000e+00	0.000e+00	
-60.000	6.034e-14	4.596e-14	2.316e-14	2.624e-15	0.000e+00	0.000e+00	0.000e+00	0.000e+00	1.277e-17	2.231e-15	1.598e-14	2.709e-14	5.567e-14	9.999e-14	1.080e-13	1.281e-14	1.148e-15	0.000e+00	0.000e+00	0.000e+00	0.000e+00	0.000e+00	0.000e+00	0.000e+00	0.000e+00	0.000e+00	0.000e+00	0.000e+00	1.017e-14	4.893e-14	
-48.000	1.163e-13	1.201e-13	7.532e-14	2.164e-14	4.716e-15	0.000e+00	0.000e+00	1.695e-16	1.688e-15	8.544e-15	4.615e-14	9.372e-14	9.890e-14	4.993e-14	1.769e-14	2.307e-14	5.278e-14	7.496e-14	1.025e-13	9.739e-14	6.758e-14	1.249e-14	2.704e-16	0.000e+00	0.000e+00	4.182e-17	5.818e-16	3.066e-14	1.099e-13	1.309e-13	
-36.000	1.185e-13	1.231e-13	1.060e-13	6.454e-14	1.670e-14	9.280e-16	3.799e-15	1.042e-13	1.305e-13	7.391e-14	5.651e-14	4.537e-14	7.127e-14	1.523e-13	1.782e-13	3.528e-13	4.570e-13	4.179e-13	3.641e-13	3.059e-13	3.235e-13	3.958e-13	3.661e-13	1.026e-13	3.930e-15	1.468e-14	6.995e-14	1.393e-13	1.364e-13	1.236e-13	
-24.000	1.268e-13	1.768e-13	1.572e-13	2.175e-13	4.754e-14	1.806e-13	8.038e-13	8.246e-13	6.034e-13	1.916e-13	1.956e-14	8.841e-14	1.141e-13	2.343e-13	3.477e-13	1.721e-13	2.990e-13	2.087e-13	7.724e-14	2.416e-14	7.687e-14	2.266e-13	4.616e-13	5.060e-13	4.955e-13	3.398e-13	1.828e-13	1.298e-13	1.257e-13	1.142e-13	
-12.000	6.693e-13	8.110e-13	1.208e-12	1.345e-12	1.401e-12	2.195e-12	1.790e-12	1.057e-12	1.102e-12	3.769e-13	1.195e-14	5.294e-15	1.240e-14	2.719e-14	1.262e-13	8.379e-14	5.049e-16	5.113e-16	0.000e+00	9.230e-17	0.000e+00	0.000e+00	1.586e-14	1.864e-13	4.078e-13	7.551e-13	8.348e-13	8.703e-13	6.887e-13	6.605e-13	
0.000	1.382e-12	1.632e-12	1.960e-12	1.177e-12	1.640e-12	1.732e-12	4.290e-13	1.835e-13	7.066e-13	2.321e-13	1.919e-15	4.592e-16	6.670e-16	2.752e-16	1.537e-14	2.004e-14	0.000e+00	0.000e+00	1.130e-16	0.000e+00	0.000e+00	0.000e+00	0.000e+00	0.000e+00	2.274e-15	6.076e-14	2.776e-13	4.401e-13	5.686e-13	7.590e-13	
12.000	4.546e-13	9.905e-13	1.227e-12	5.202e-13	6.833e-13	3.801e-13	4.990e-15	2.438e-15	6.563e-14	1.486e-14	9.937e-16	2.332e-16	1.128e-16	3.328e-16	2.843e-16	0.000e+00	8.827e-17	0.000e+00	0.000e+00	0.000e+00	0.000e+00	0.000e+00	0.000e+00	0.000e+00	0.000e+00	8.952e-17	1.463e-15	5.212e-15	3.288e-15	3.428e-14	
24.000	3.041e-13	7.039e-13	9.341e-13	3.010e-13	3.937e-13	2.762e-13	1.170e-14	1.600e-15	1.733e-14	6.755e-15	7.803e-16	2.418e-16	2.121e-16	0.000e+00	0.000e+00	0.000e+00	0.000e+00	0.000e+00	0.000e+00	0.000e+00	0.000e+00	0.000e+00	0.000e+00	0.000e+00	0.000e+00	0.000e+00	2.013e-14	2.620e-14	4.378e-14	8.530e-14	
36.000	2.084e-12	2.236e-12	2.211e-12	1.969e-12	2.246e-12	2.368e-12	9.043e-13	5.748e-13	7.671e-13	2.046e-13	9.727e-15	1.666e-15	0.000e+00	0.000e+00	4.724e-15	2.650e-15	0.000e+00	1.167e-16	0.000e+00	0.000e+00	0.000e+00	0.000e+00	0.000e+00	3.312e-15	1.233e-13	3.676e-13	6.878e-13	9.675e-13	1.298e-12	1.600e-12	
48.000	2.150e-13	3.612e-13	2.934e-13	4.245e-13	3.648e-13	7.603e-13	1.084e-12	8.133e-13	6.922e-13	3.058e-13	1.287e-13	1.565e-13	2.013e-13	7.458e-14	4.598e-13	9.917e-14	3.750e-14	5.666e-14	1.653e-14	0.000e+00	1.498e-14	1.739e-13	2.933e-13	3.661e-13	4.048e-13	4.610e-13	5.337e-13	4.609e-13	2.603e-13	2.365e-13	
60.000	1.663e-13	2.008e-13	2.299e-13	2.510e-13	1.954e-13	1.413e-13	1.023e-13	1.202e-13	9.393e-14	1.641e-13	1.757e-13	2.463e-13	3.344e-13	4.765e-13	7.594e-13	9.123e-13	5.646e-13	3.576e-13	3.269e-13	3.429e-13	6.322e-13	6.600e-13	7.277e-13	5.342e-13	4.726e-13	5.248e-13	3.205e-13	2.554e-13	1.581e-13	1.730e-13	
72.000	2.819e-13	2.816e-13	2.573e-13	2.492e-13	1.878e-13	1.227e-13	4.602e-14	8.246e-15	1.418e-14	5.218e-14	7.610e-14	9.527e-14	1.360e-13	2.101e-13	1.423e-13	1.413e-13	1.729e-13	1.836e-13	1.970e-13	2.676e-13	2.130e-13	2.312e-13	1.136e-13	9.139e-14	1.432e-13	2.121e-13	2.791e-13	2.746e-13	3.090e-13	3.027e-13	
84.000	1.107e-13	1.077e-13	9.804e-14	8.657e-14	7.383e-14	6.385e-14	3.839e-14	3.130e-14	1.125e-14	1.055e-14	1.702e-14	1.544e-14	7.070e-15	1.672e-15	6.571e-15	1.473e-15	3.375e-15	3.415e-15	9.868e-16	3.932e-15	3.269e-15	7.244e-15	1.634e-14	2.528e-14	5.212e-14	6.539e-14	8.406e-14	8.431e-14	1.014e-13	1.173e-13	
