#
# Electrons precipitation process XRF for species Ca
# Simulation setup: northward IMF, same Solar wind as Aizawa et al. (2021)
# Simulation code: iPIC3D
# Simulation path: /home/flavorenti/Bureau/data_simu_iPIC3D/Mercury_SaeInit/PR1/Normal-newbox/texts/
# Signature: Federico Lavorenti
#
nan	0.400	1.200	2.000	2.800	3.600	4.400	5.200	6.000	6.800	7.600	8.400	9.200	10.000	10.800	11.600	12.400	13.200	14.000	14.800	15.600	16.400	17.200	18.000	18.800	19.600	20.400	21.200	22.000	22.800	23.600	
-84.000	6.875e-15	8.213e-15	4.969e-15	4.509e-15	4.278e-15	2.882e-15	2.568e-15	5.423e-15	5.323e-15	6.137e-15	8.528e-15	8.353e-15	6.630e-15	8.469e-15	5.350e-15	6.985e-15	8.822e-15	6.337e-15	4.718e-15	1.656e-15	2.219e-15	2.126e-15	2.188e-16	2.196e-15	1.443e-15	1.423e-15	2.419e-15	3.196e-15	6.397e-15	6.587e-15	
-72.000	6.420e-15	9.276e-15	9.052e-15	7.008e-15	7.090e-15	1.182e-14	1.392e-14	2.091e-14	4.285e-14	5.391e-14	4.846e-14	4.528e-14	4.344e-14	4.454e-14	4.029e-14	2.169e-14	9.283e-15	9.831e-16	0.000e+00	0.000e+00	4.299e-17	8.329e-17	1.096e-17	1.284e-15	1.653e-15	2.997e-15	3.307e-15	5.208e-15	6.901e-15	7.345e-15	
-60.000	2.970e-14	2.136e-14	3.479e-14	3.447e-14	2.267e-14	1.907e-14	3.141e-14	5.461e-14	7.792e-14	4.777e-14	2.973e-14	2.228e-14	3.229e-14	4.649e-14	5.480e-14	4.621e-14	2.464e-14	1.030e-14	6.441e-15	5.330e-15	3.803e-15	3.153e-15	2.832e-15	2.715e-15	2.022e-15	2.705e-15	5.499e-15	9.335e-15	1.952e-14	2.618e-14	
-48.000	3.237e-14	2.649e-14	3.193e-14	3.145e-14	1.911e-14	2.834e-14	4.924e-14	7.656e-14	5.242e-14	2.008e-14	1.279e-14	1.050e-14	8.332e-15	8.893e-15	9.449e-15	1.308e-14	9.528e-15	4.111e-15	2.187e-15	1.254e-15	1.678e-15	2.183e-15	2.250e-15	2.931e-15	3.683e-15	1.785e-14	3.543e-14	2.288e-14	4.618e-14	4.689e-14	
-36.000	2.857e-14	2.573e-14	3.478e-14	3.365e-14	3.172e-14	6.403e-14	8.866e-14	9.248e-14	2.271e-14	3.565e-15	1.324e-15	1.571e-15	2.060e-15	1.986e-15	1.152e-15	1.172e-15	4.239e-16	5.924e-16	7.943e-16	1.749e-15	3.612e-15	5.439e-15	5.689e-15	1.197e-14	2.593e-14	2.737e-14	1.576e-14	8.821e-15	1.271e-14	2.549e-14	
-24.000	9.357e-15	1.745e-14	3.355e-14	2.927e-14	5.610e-14	7.614e-14	1.597e-13	8.846e-14	1.305e-14	2.092e-16	0.000e+00	0.000e+00	1.282e-16	2.975e-16	2.669e-16	9.646e-16	5.585e-16	4.381e-16	5.775e-16	1.582e-15	3.710e-15	1.558e-15	9.146e-16	1.977e-15	3.431e-15	4.146e-15	6.016e-15	7.296e-15	7.721e-15	8.730e-15	
-12.000	1.400e-14	1.072e-14	7.018e-15	3.317e-15	2.774e-15	4.113e-15	1.398e-14	5.136e-15	6.313e-16	0.000e+00	0.000e+00	1.955e-17	1.325e-17	0.000e+00	0.000e+00	0.000e+00	0.000e+00	0.000e+00	0.000e+00	3.432e-17	9.127e-17	3.356e-17	6.904e-17	2.335e-16	7.225e-16	1.963e-15	3.604e-15	5.366e-15	1.044e-14	1.707e-14	
0.000	4.239e-15	2.064e-15	1.223e-15	2.374e-16	3.667e-16	9.637e-16	1.231e-15	4.106e-17	1.239e-18	4.542e-17	0.000e+00	0.000e+00	0.000e+00	0.000e+00	0.000e+00	0.000e+00	0.000e+00	0.000e+00	0.000e+00	0.000e+00	0.000e+00	0.000e+00	0.000e+00	7.395e-17	2.985e-16	6.889e-16	1.887e-15	2.518e-15	3.630e-15	4.124e-15	
12.000	7.946e-16	1.944e-16	1.564e-16	8.588e-17	1.155e-17	1.900e-17	2.894e-16	2.677e-16	0.000e+00	0.000e+00	0.000e+00	0.000e+00	0.000e+00	0.000e+00	0.000e+00	0.000e+00	0.000e+00	0.000e+00	0.000e+00	0.000e+00	0.000e+00	0.000e+00	0.000e+00	0.000e+00	3.110e-17	1.837e-16	3.209e-16	1.061e-16	2.656e-16	5.556e-16	
24.000	8.480e-17	4.632e-17	9.677e-18	2.526e-17	0.000e+00	0.000e+00	0.000e+00	0.000e+00	0.000e+00	0.000e+00	0.000e+00	0.000e+00	0.000e+00	0.000e+00	0.000e+00	0.000e+00	0.000e+00	0.000e+00	0.000e+00	0.000e+00	0.000e+00	0.000e+00	0.000e+00	0.000e+00	7.711e-17	1.054e-16	3.452e-16	1.162e-17	0.000e+00	1.188e-16	
36.000	2.210e-15	4.241e-17	0.000e+00	0.000e+00	0.000e+00	0.000e+00	5.332e-16	1.358e-15	0.000e+00	0.000e+00	0.000e+00	0.000e+00	0.000e+00	0.000e+00	0.000e+00	0.000e+00	0.000e+00	0.000e+00	0.000e+00	0.000e+00	0.000e+00	0.000e+00	5.217e-17	3.460e-16	1.353e-15	1.095e-15	1.295e-15	2.555e-15	1.756e-15	3.469e-15	
48.000	1.585e-14	1.623e-14	2.117e-14	4.643e-14	4.350e-14	4.792e-14	1.316e-13	4.872e-14	3.878e-16	0.000e+00	0.000e+00	0.000e+00	0.000e+00	0.000e+00	0.000e+00	1.206e-16	0.000e+00	1.038e-16	2.767e-16	7.074e-16	5.304e-16	7.611e-16	1.390e-15	2.665e-15	6.285e-15	9.927e-15	1.171e-14	1.657e-14	1.979e-14	2.213e-14	
60.000	7.324e-15	1.352e-14	2.797e-14	5.350e-14	1.337e-13	1.503e-13	1.766e-13	1.134e-13	9.231e-14	4.901e-14	3.165e-14	4.981e-14	4.324e-14	3.190e-14	2.844e-14	3.640e-14	1.201e-14	8.642e-15	1.983e-14	3.125e-14	5.510e-14	8.228e-14	7.204e-14	4.070e-14	6.927e-15	3.681e-15	2.606e-15	5.487e-16	1.015e-15	4.470e-15	
72.000	3.137e-14	3.401e-14	3.618e-14	4.651e-14	5.121e-14	3.022e-14	2.838e-14	4.053e-14	4.498e-14	3.907e-14	2.276e-14	1.528e-14	5.741e-14	9.147e-14	1.055e-13	8.436e-14	5.259e-14	1.784e-14	7.483e-15	6.301e-15	4.210e-15	1.964e-14	5.579e-14	9.063e-14	9.899e-14	3.757e-14	1.475e-14	1.587e-14	2.792e-14	4.024e-14	
84.000	3.516e-14	4.065e-14	4.203e-14	4.892e-14	3.473e-14	3.237e-14	2.067e-14	1.520e-14	1.174e-14	9.988e-15	1.248e-14	1.248e-14	2.281e-14	4.044e-14	6.266e-14	2.208e-14	5.718e-15	2.942e-15	5.112e-15	1.584e-14	8.013e-15	7.250e-15	1.453e-14	1.444e-14	2.167e-14	2.914e-14	3.666e-14	4.798e-14	6.514e-14	5.033e-14	
