#
# Electrons precipitation process EII for species K
# Simulation setup: northward IMF, same Solar wind as Aizawa et al. (2021)
# Simulation code: iPIC3D
# Simulation path: /home/flavorenti/Bureau/data_simu_iPIC3D/Mercury_SaeInit/PR1/Normal-newbox/texts/
# Signature: Federico Lavorenti
#
nan	0.400	1.200	2.000	2.800	3.600	4.400	5.200	6.000	6.800	7.600	8.400	9.200	10.000	10.800	11.600	12.400	13.200	14.000	14.800	15.600	16.400	17.200	18.000	18.800	19.600	20.400	21.200	22.000	22.800	23.600	
-84.000	4.126e-08	4.310e-08	5.274e-08	5.871e-08	6.791e-08	7.255e-08	7.605e-08	8.024e-08	1.331e-07	1.659e-07	1.966e-07	2.004e-07	1.727e-07	1.299e-07	1.159e-07	8.634e-08	5.540e-08	4.239e-08	3.110e-08	2.699e-08	2.608e-08	2.501e-08	3.110e-08	2.626e-08	2.787e-08	3.393e-08	3.747e-08	3.733e-08	3.731e-08	3.997e-08	
-72.000	3.960e-08	4.873e-08	6.204e-08	7.546e-08	9.963e-08	1.204e-07	1.106e-07	1.513e-07	3.461e-07	4.231e-07	4.886e-07	5.819e-07	4.468e-07	3.233e-07	3.097e-07	6.941e-07	4.064e-07	5.561e-08	2.271e-08	1.448e-08	1.740e-08	3.696e-08	5.821e-08	6.574e-08	7.440e-08	6.239e-08	5.292e-08	3.896e-08	3.767e-08	3.828e-08	
-60.000	5.144e-08	5.733e-08	9.182e-08	6.527e-08	5.459e-08	1.655e-07	2.369e-07	2.603e-07	3.648e-07	6.240e-07	1.034e-06	1.171e-06	8.021e-07	5.301e-07	3.916e-07	4.410e-07	7.191e-07	5.134e-07	2.017e-07	1.018e-07	5.431e-08	6.146e-08	8.857e-08	1.544e-07	2.033e-07	1.706e-07	9.121e-08	4.565e-08	3.148e-08	3.807e-08	
-48.000	4.006e-08	5.219e-08	5.865e-08	4.937e-08	3.294e-08	1.599e-07	2.894e-07	2.315e-07	3.203e-07	5.726e-07	8.878e-07	1.268e-06	1.508e-06	1.623e-06	1.498e-06	1.214e-06	1.098e-06	7.471e-07	2.969e-07	1.212e-07	1.334e-07	3.972e-07	5.820e-07	5.373e-07	3.290e-07	1.322e-07	4.722e-08	1.549e-08	2.515e-08	3.574e-08	
-36.000	1.213e-08	1.485e-08	2.886e-08	3.528e-08	5.627e-08	3.631e-07	6.322e-07	3.441e-07	5.598e-07	7.387e-07	7.563e-07	8.786e-07	8.870e-07	1.004e-06	9.869e-07	1.033e-06	9.927e-07	1.027e-06	9.105e-07	9.184e-07	9.644e-07	7.077e-07	4.671e-07	1.305e-07	3.643e-08	1.326e-08	6.699e-09	3.861e-09	4.469e-09	9.887e-09	
-24.000	3.426e-09	5.833e-09	1.431e-08	2.280e-08	8.102e-08	5.263e-07	1.494e-06	6.802e-07	2.336e-07	1.373e-08	5.848e-09	6.225e-09	7.027e-09	5.411e-09	2.527e-09	4.531e-09	1.966e-09	8.712e-10	1.281e-09	2.033e-09	3.735e-09	1.494e-09	8.216e-10	1.319e-09	2.144e-09	2.213e-09	3.621e-09	3.752e-09	3.762e-09	3.578e-09	
-12.000	9.855e-09	1.063e-08	8.326e-09	6.056e-09	4.715e-09	6.440e-09	3.566e-08	1.318e-08	4.402e-09	3.776e-09	1.823e-09	1.618e-09	5.923e-10	3.131e-10	3.250e-11	8.858e-11	3.308e-11	4.300e-11	3.091e-11	5.741e-11	7.335e-11	1.243e-10	1.053e-10	1.858e-10	7.556e-10	1.337e-09	3.008e-09	4.481e-09	7.524e-09	1.097e-08	
0.000	1.066e-08	7.254e-09	3.902e-09	1.691e-09	1.616e-09	3.001e-09	3.848e-09	2.289e-09	1.848e-09	1.675e-09	4.011e-10	3.973e-10	1.499e-10	7.137e-11	0.000e+00	3.235e-11	0.000e+00	0.000e+00	0.000e+00	0.000e+00	0.000e+00	2.347e-11	1.270e-11	8.954e-11	4.039e-10	1.215e-09	2.897e-09	4.384e-09	7.550e-09	1.112e-08	
12.000	4.677e-09	2.371e-09	1.022e-09	6.650e-10	6.114e-10	8.993e-10	1.752e-09	1.525e-09	1.015e-09	6.003e-10	1.085e-10	0.000e+00	0.000e+00	0.000e+00	9.300e-11	0.000e+00	0.000e+00	0.000e+00	0.000e+00	0.000e+00	2.243e-11	0.000e+00	0.000e+00	1.432e-11	1.045e-10	6.697e-10	8.159e-10	1.382e-09	1.680e-09	4.865e-09	
24.000	1.739e-09	9.044e-10	4.749e-10	3.450e-10	3.186e-10	9.888e-11	5.989e-10	7.035e-10	6.176e-10	1.529e-10	6.213e-11	-2.240e-10	0.000e+00	0.000e+00	0.000e+00	0.000e+00	0.000e+00	0.000e+00	0.000e+00	0.000e+00	0.000e+00	0.000e+00	0.000e+00	9.411e-11	6.427e-10	1.249e-09	8.940e-10	1.854e-10	4.967e-10	1.541e-09	
36.000	4.575e-09	7.555e-10	7.444e-10	7.047e-10	1.823e-10	4.137e-10	1.428e-09	3.003e-09	2.847e-10	0.000e+00	0.000e+00	0.000e+00	0.000e+00	0.000e+00	0.000e+00	0.000e+00	0.000e+00	0.000e+00	0.000e+00	0.000e+00	0.000e+00	0.000e+00	7.768e-11	4.976e-10	2.252e-09	3.645e-09	4.052e-09	5.063e-09	5.824e-09	9.023e-09	
48.000	8.945e-09	6.201e-09	8.400e-09	2.665e-08	4.498e-08	5.396e-08	1.175e-07	4.083e-08	4.033e-10	0.000e+00	0.000e+00	0.000e+00	0.000e+00	0.000e+00	0.000e+00	3.791e-11	0.000e+00	6.132e-11	1.364e-10	2.132e-10	1.793e-10	2.863e-10	6.506e-10	1.249e-09	3.326e-09	6.439e-09	8.490e-09	1.001e-08	1.018e-08	1.097e-08	
60.000	2.045e-09	4.004e-09	9.791e-09	4.167e-08	3.479e-07	4.792e-07	4.643e-07	3.350e-07	4.013e-07	3.337e-07	3.112e-07	3.173e-07	3.599e-07	4.076e-07	5.086e-07	4.650e-07	3.529e-07	2.377e-07	1.734e-07	1.226e-07	9.525e-08	5.704e-08	3.104e-08	1.428e-08	1.760e-09	9.590e-10	6.419e-10	1.262e-10	2.377e-10	1.088e-09	
72.000	2.249e-08	2.796e-08	3.858e-08	1.047e-07	3.127e-07	3.243e-07	4.422e-07	5.711e-07	8.163e-07	1.863e-06	2.261e-06	2.143e-06	1.510e-06	1.063e-06	1.175e-06	1.410e-06	1.417e-06	7.508e-07	2.725e-07	2.042e-07	2.103e-07	1.410e-07	1.045e-07	8.964e-08	6.514e-08	1.526e-08	4.941e-09	5.842e-09	1.183e-08	2.179e-08	
84.000	8.146e-08	1.262e-07	1.569e-07	1.824e-07	1.657e-07	1.403e-07	1.723e-07	2.420e-07	3.072e-07	3.602e-07	3.918e-07	3.389e-07	2.110e-07	2.094e-07	3.602e-07	3.144e-07	1.378e-07	4.174e-08	4.095e-08	8.469e-08	8.191e-08	7.239e-08	4.992e-08	4.265e-08	2.685e-08	1.940e-08	2.330e-08	3.956e-08	5.341e-08	6.429e-08	
