#
# Protons precipitation map
# Simulation setup: southward IMF, same Solar wind as Aizawa et al. (2021)
# Simulation code: iPIC3D
# Simulation path: /home/flavorenti/Bureau/data_simu_iPIC3D/Mercury_SaeInit/PR0/minusBz/texts/
# Output: Mean energy (Temperature) pcls per bin, units eV
# Output minimum: 1e-3
# Grid X-Axis (first row): local time [hours] from 0 to 24 with 50 equispaced bins
# Grid Y-Axis (first column): latitude [deg.] from -90 to 90 with 25 equispaced bins
# Signature: Federico Lavorenti
#
nan	0.240	0.720	1.200	1.680	2.160	2.640	3.120	3.600	4.080	4.560	5.040	5.520	6.000	6.480	6.960	7.440	7.920	8.400	8.880	9.360	9.840	10.320	10.800	11.280	11.760	12.240	12.720	13.200	13.680	14.160	14.640	15.120	15.600	16.080	16.560	17.040	17.520	18.000	18.480	18.960	19.440	19.920	20.400	20.880	21.360	21.840	22.320	22.800	23.280	23.760	
-86.400	0.000e+00	7.725e+01	1.052e+02	nan	nan	1.638e+00	0.000e+00	1.012e+02	0.000e+00	0.000e+00	0.000e+00	0.000e+00	1.110e+02	nan	1.520e+02	nan	0.000e+00	8.863e+00	nan	2.262e+01	8.357e+01	1.823e+01	0.000e+00	7.615e+02	1.097e+03	0.000e+00	9.894e+01	7.464e+01	0.000e+00	3.518e+01	nan	0.000e+00	2.115e+02	3.163e+01	2.603e+01	3.759e+01	1.460e+01	0.000e+00	0.000e+00	0.000e+00	0.000e+00	nan	4.374e+00	1.053e+02	nan	2.881e+01	nan	nan	nan	nan	
-79.200	1.519e+02	2.538e+01	1.548e+02	3.281e+01	3.432e+02	nan	0.000e+00	1.319e+02	0.000e+00	1.394e+02	0.000e+00	1.444e+02	5.383e+02	1.112e+03	1.097e+03	1.415e+03	7.736e+02	3.529e+02	7.709e+02	1.008e+03	9.144e+02	1.185e+03	9.600e+02	1.284e+03	1.108e+03	7.383e+02	9.765e+02	5.364e+02	2.414e+02	1.852e+02	5.749e+02	1.810e+02	7.647e+01	8.754e+01	8.957e+01	1.010e+02	6.831e+01	3.100e+01	3.599e+01	6.935e+01	1.549e+02	2.470e+01	7.775e+01	6.146e+01	0.000e+00	7.996e+00	0.000e+00	1.665e+02	3.541e-01	6.812e+01	
-72.000	nan	nan	0.000e+00	5.150e+00	1.663e+02	0.000e+00	0.000e+00	3.194e+02	9.599e+00	1.134e+03	6.770e+02	9.075e+02	1.286e+03	1.340e+03	7.979e+02	9.308e+02	7.281e+02	1.174e+03	1.006e+03	1.038e+03	1.365e+03	1.057e+03	1.073e+03	9.317e+02	7.154e+02	7.617e+02	5.136e+02	5.998e+02	3.978e+02	4.241e+02	3.598e+02	2.805e+02	1.915e+02	1.530e+02	1.042e+02	1.185e+02	1.237e+02	1.110e+02	8.768e+01	1.165e+02	7.763e+01	5.202e+01	4.364e+01	3.360e+02	0.000e+00	0.000e+00	6.579e+02	0.000e+00	nan	nan	
-64.800	2.858e+02	2.380e+02	2.876e+02	3.939e+02	0.000e+00	3.774e+02	3.147e+02	3.656e+02	1.801e+02	1.227e+03	9.513e+02	1.115e+03	1.071e+03	7.018e+02	5.910e+02	8.550e+02	1.250e+03	7.017e+02	8.881e+02	7.732e+02	8.040e+02	6.553e+02	5.034e+02	4.897e+02	4.545e+02	4.828e+02	4.463e+02	4.873e+02	4.059e+02	4.032e+02	3.797e+02	3.296e+02	2.220e+02	1.789e+02	1.506e+02	1.412e+02	1.103e+02	2.067e+02	1.467e+02	1.289e+02	1.607e+02	1.361e+02	5.080e+01	0.000e+00	3.494e+02	4.236e+01	3.264e+02	9.488e+00	9.785e+02	9.472e+02	
-57.600	8.277e+02	0.000e+00	9.122e+02	3.447e+02	4.319e+02	2.045e+02	1.910e+02	3.664e+02	9.060e+02	1.824e+02	1.257e+03	9.405e+02	8.389e+02	7.804e+02	6.093e+02	5.958e+02	7.852e+02	7.890e+02	7.128e+02	6.583e+02	4.994e+02	4.438e+02	4.752e+02	4.308e+02	4.573e+02	4.498e+02	4.474e+02	3.902e+02	3.476e+02	4.238e+02	4.253e+02	4.904e+02	3.354e+02	2.090e+02	1.844e+02	1.387e+02	1.788e+02	1.520e+02	1.571e+02	1.099e+02	2.358e+02	2.286e+02	1.167e+02	1.362e+02	8.823e+00	2.902e+02	3.677e+02	3.229e+01	4.639e+02	2.812e+02	
-50.400	2.634e+02	7.714e+02	5.360e+02	8.448e+02	8.014e+02	5.433e+02	1.086e+03	1.061e+03	8.158e+02	1.005e+03	7.102e+02	8.859e+02	6.546e+02	6.490e+02	5.188e+02	5.394e+02	5.553e+02	5.831e+02	5.890e+02	4.704e+02	5.152e+02	4.655e+02	5.360e+02	5.287e+02	4.885e+02	4.816e+02	4.016e+02	3.815e+02	3.045e+02	3.589e+02	7.509e+02	6.680e+02	3.330e+02	1.945e+02	1.422e+02	4.245e+02	1.135e+02	2.070e+02	1.731e+02	1.460e+02	3.859e+02	2.442e+02	1.071e+03	8.052e+02	1.112e+03	4.164e+02	8.574e+02	1.089e+03	9.987e+02	9.333e+02	
-43.200	6.475e+02	1.118e+03	1.204e+03	5.379e+02	8.246e+02	6.413e+02	6.814e+02	8.041e+02	1.223e+03	6.491e+02	9.105e+02	7.791e+02	5.093e+02	5.502e+02	5.704e+02	5.531e+02	6.802e+02	6.008e+02	6.662e+02	5.166e+02	5.014e+02	5.208e+02	3.646e+02	4.283e+02	4.634e+02	3.994e+02	3.329e+02	5.625e+02	3.716e+02	6.151e+01	0.000e+00	2.854e+02	2.102e+02	2.432e+02	5.484e+02	1.803e+02	2.672e+02	4.525e+02	3.384e+02	3.211e+02	6.057e+02	2.781e+02	1.018e+03	8.669e+02	4.878e+02	1.111e+03	9.364e+02	1.318e+03	1.494e+03	1.000e+03	
-36.000	2.740e+03	1.283e+03	1.309e+03	7.520e+02	8.925e+02	9.409e+02	6.795e+02	9.222e+02	7.449e+02	5.076e+02	6.378e+02	5.475e+02	5.332e+02	4.921e+02	5.443e+02	5.121e+02	5.882e+02	6.395e+02	4.900e+02	4.475e+02	4.315e+02	3.611e+02	3.247e+02	3.528e+02	3.852e+02	4.849e+02	2.754e+02	1.347e+03	1.006e+03	2.224e+03	7.917e+02	1.894e+02	nan	4.539e+02	1.707e+02	0.000e+00	6.916e+00	1.684e+01	0.000e+00	0.000e+00	1.451e+03	4.478e+02	2.316e+03	1.895e+03	1.873e+03	6.000e+02	2.054e+03	1.852e+03	2.824e+03	4.559e+02	
-28.800	5.599e+02	1.012e+03	8.375e+02	1.041e+03	1.147e+03	6.091e+02	9.272e+02	7.489e+02	6.312e+02	5.001e+02	5.569e+02	5.452e+02	4.804e+02	5.687e+02	4.397e+02	3.976e+02	3.745e+02	3.121e+02	3.111e+02	3.354e+02	4.007e+02	3.031e+02	2.884e+02	2.273e+02	3.393e+02	5.909e+02	2.715e+02	1.543e+03	6.258e+02	1.161e+03	7.286e+02	1.855e+03	8.693e+02	0.000e+00	1.296e+03	6.680e+02	5.338e+02	4.766e+02	6.117e+02	2.986e+02	1.602e+03	1.776e+02	2.859e+03	1.978e+03	1.867e+03	1.455e+03	1.479e+03	3.727e+02	2.008e+03	1.638e+03	
-21.600	8.065e+02	1.342e+03	8.497e+02	5.507e+02	7.145e+02	6.554e+02	5.390e+02	5.652e+02	4.877e+02	4.305e+02	4.438e+02	4.427e+02	3.818e+02	3.248e+02	3.248e+02	3.143e+02	3.275e+02	2.944e+02	2.654e+02	2.848e+02	2.086e+02	1.953e+02	2.499e+02	2.297e+02	2.725e+02	4.379e+02	3.332e+02	5.335e+02	1.499e+03	1.685e+03	1.500e+03	1.898e+03	6.641e+02	8.573e+02	4.434e+02	8.830e+02	5.136e+02	4.006e+02	8.523e+02	1.980e+03	1.485e+03	1.248e+03	7.686e+02	1.324e+03	2.611e+03	7.085e+02	1.752e+03	1.915e+03	1.790e+03	9.708e+02	
-14.400	1.084e+03	1.660e+03	1.520e+03	7.597e+02	9.307e+02	8.597e+02	7.873e+02	7.797e+02	7.376e+02	6.663e+02	7.014e+02	5.703e+02	5.989e+02	4.974e+02	5.211e+02	5.195e+02	5.153e+02	4.448e+02	3.896e+02	3.606e+02	3.295e+02	2.070e+02	2.100e+02	3.994e+02	5.864e+02	3.033e+02	1.330e+03	7.073e+02	7.031e+02	1.368e+03	9.039e+02	2.028e+03	1.138e+03	1.956e+03	2.168e+03	1.179e+03	1.029e+03	1.262e+03	2.016e+03	3.521e+03	2.642e+03	2.613e+03	1.712e+03	2.273e+03	2.387e+03	1.584e+03	1.788e+03	2.198e+03	2.174e+03	1.112e+03	
-7.200	1.888e+03	2.213e+03	1.692e+03	1.272e+03	1.493e+03	1.270e+03	1.216e+03	1.148e+03	1.105e+03	1.049e+03	9.867e+02	9.554e+02	9.249e+02	8.988e+02	8.593e+02	7.907e+02	8.009e+02	6.781e+02	6.529e+02	6.289e+02	5.080e+02	5.132e+02	5.731e+02	2.670e+02	2.240e+03	0.000e+00	2.774e+02	2.095e+03	1.104e+03	1.328e+03	1.785e+03	1.682e+03	9.556e+02	2.755e+03	7.750e+02	2.770e+03	4.258e+03	1.888e+03	1.976e+03	2.077e+03	2.787e+03	2.268e+03	2.361e+03	2.083e+03	2.316e+03	2.633e+03	2.750e+03	2.598e+03	2.314e+03	2.386e+03	
0.000	2.695e+03	2.555e+03	2.329e+03	1.682e+03	1.779e+03	1.701e+03	1.589e+03	1.498e+03	1.399e+03	1.376e+03	1.337e+03	1.325e+03	1.251e+03	1.230e+03	1.203e+03	1.127e+03	9.223e+02	9.044e+02	8.800e+02	7.831e+02	5.659e+02	5.538e+02	4.178e+02	8.300e+02	2.849e+03	1.713e+03	1.121e+03	1.644e+03	1.598e+03	1.609e+03	1.350e+03	1.522e+03	1.895e+03	2.067e+03	1.948e+03	3.682e+03	2.524e+03	1.920e+03	2.356e+03	1.994e+03	1.992e+03	2.758e+03	2.773e+03	2.617e+03	2.311e+03	2.928e+03	3.070e+03	3.520e+03	3.004e+03	3.308e+03	
7.200	3.060e+03	2.511e+03	2.353e+03	2.039e+03	1.874e+03	1.750e+03	1.631e+03	1.544e+03	1.470e+03	1.420e+03	1.361e+03	1.271e+03	1.182e+03	1.195e+03	1.195e+03	1.067e+03	1.011e+03	9.052e+02	9.574e+02	7.757e+02	9.736e+02	7.801e+02	9.118e+02	1.939e+03	1.531e+03	0.000e+00	1.652e+03	2.738e+03	1.444e+03	2.378e+03	1.734e+03	9.884e+02	1.531e+03	2.344e+03	2.957e+03	2.215e+03	1.647e+03	1.585e+03	2.332e+03	2.003e+03	2.539e+03	2.035e+03	2.021e+03	2.190e+03	2.090e+03	1.966e+03	2.195e+03	2.924e+03	2.842e+03	3.395e+03	
14.400	3.193e+03	2.830e+03	2.579e+03	2.027e+03	1.846e+03	1.728e+03	1.716e+03	1.636e+03	1.644e+03	1.598e+03	1.427e+03	1.359e+03	1.439e+03	1.311e+03	1.266e+03	1.291e+03	1.147e+03	1.002e+03	1.179e+03	9.428e+02	1.024e+03	1.362e+03	1.278e+03	7.954e+02	0.000e+00	1.154e+03	1.080e+03	4.387e+03	1.317e+03	1.234e+03	1.819e+03	1.903e+03	1.908e+03	2.228e+03	2.338e+03	2.900e+03	2.605e+03	1.950e+03	1.894e+03	1.492e+03	1.425e+03	1.417e+03	2.225e+03	1.963e+03	2.006e+03	1.568e+03	2.252e+03	2.663e+03	2.668e+03	2.979e+03	
21.600	3.466e+03	3.369e+03	2.949e+03	2.359e+03	2.160e+03	2.040e+03	1.947e+03	1.757e+03	1.826e+03	1.774e+03	1.728e+03	1.686e+03	1.840e+03	1.819e+03	1.550e+03	1.566e+03	1.499e+03	1.366e+03	1.432e+03	9.271e+02	1.455e+03	5.958e+02	7.906e+02	3.724e+03	3.355e+03	2.496e+03	8.991e+02	1.814e+03	1.897e+03	2.087e+03	3.689e+02	4.963e+02	2.414e+03	2.035e+03	2.421e+03	3.986e+02	1.638e+03	1.639e+03	9.638e+02	1.868e+03	1.656e+03	1.773e+03	2.429e+03	2.013e+03	2.354e+03	2.403e+03	2.994e+03	3.052e+03	2.529e+03	2.961e+03	
28.800	3.131e+03	2.600e+03	2.189e+03	2.105e+03	1.925e+03	1.808e+03	1.674e+03	1.690e+03	1.576e+03	1.558e+03	1.574e+03	1.521e+03	1.556e+03	1.454e+03	1.360e+03	1.178e+03	1.274e+03	9.822e+02	1.052e+03	9.666e+02	1.001e+03	3.766e+02	9.303e+02	1.153e+03	1.240e+03	1.522e+03	3.065e+03	2.551e+03	1.454e+03	1.739e+03	1.964e+03	1.408e+03	2.176e+03	2.258e+03	3.209e+03	1.792e+03	1.230e+03	1.955e+03	1.402e+03	1.622e+03	1.605e+03	1.911e+03	2.028e+03	2.499e+03	2.231e+03	2.655e+03	2.979e+03	2.571e+03	2.574e+03	3.088e+03	
36.000	2.051e+03	1.243e+03	1.350e+03	1.662e+03	1.076e+03	1.040e+03	1.073e+03	1.024e+03	1.047e+03	1.000e+03	9.676e+02	9.708e+02	9.341e+02	9.178e+02	9.284e+02	8.987e+02	8.215e+02	7.692e+02	7.398e+02	4.441e+02	6.291e+02	1.012e+03	4.007e+02	9.394e+01	1.367e+03	9.796e+02	1.574e+03	2.473e+03	2.080e+03	1.986e+03	1.308e+03	1.310e+03	2.650e+03	1.326e+03	1.347e+03	2.641e+03	1.306e+03	1.756e+03	2.871e+03	2.636e+03	1.979e+03	2.128e+03	2.320e+03	2.862e+03	2.222e+03	2.281e+03	2.249e+03	1.903e+03	2.280e+03	2.735e+03	
43.200	8.079e+02	6.950e+02	1.417e+03	1.355e+03	6.606e+02	8.664e+02	7.415e+02	6.701e+02	6.435e+02	5.868e+02	6.197e+02	5.988e+02	5.648e+02	5.398e+02	5.317e+02	5.979e+02	5.576e+02	5.633e+02	4.916e+02	5.008e+02	4.914e+02	3.734e+02	8.775e+02	2.801e+03	3.543e+02	3.170e+03	8.795e+02	3.878e+03	3.657e+03	1.934e+03	5.015e+02	2.081e+03	1.112e+03	1.760e+03	1.887e+03	1.305e+03	1.669e+03	1.483e+03	2.139e+03	1.783e+03	2.165e+03	1.901e+03	2.022e+03	2.284e+03	2.270e+03	2.300e+03	1.751e+03	1.262e+03	1.665e+03	1.454e+03	
50.400	1.190e+03	7.712e+02	1.018e+03	9.777e+02	1.060e+03	6.036e+02	7.186e+02	5.869e+02	4.305e+02	4.321e+02	4.706e+02	4.430e+02	3.978e+02	3.263e+02	2.676e+02	2.956e+02	3.498e+02	4.213e+02	4.495e+02	4.420e+02	3.035e+02	2.103e+02	1.122e+03	1.394e+03	1.211e+03	6.053e+02	1.787e+03	0.000e+00	9.471e+02	1.675e+03	0.000e+00	4.048e+02	1.063e+03	8.775e+02	1.680e+03	5.709e+02	1.599e+03	1.348e+03	1.174e+03	7.929e+02	2.791e+03	1.776e+03	1.367e+03	2.026e+03	2.152e+03	1.903e+03	1.741e+03	1.219e+03	1.292e+03	9.380e+02	
57.600	9.827e+02	3.568e+02	7.007e+02	9.922e+02	1.314e+03	8.299e+02	1.014e+03	6.277e+02	6.140e+02	5.417e+02	4.773e+02	4.091e+02	4.376e+02	4.641e+02	2.340e+02	1.860e+02	2.149e+02	2.411e+02	3.056e+02	3.296e+02	5.345e+02	5.206e+02	2.232e+02	3.082e+02	6.920e+02	1.923e+03	0.000e+00	1.189e+03	1.642e+03	3.652e+02	nan	0.000e+00	nan	0.000e+00	1.828e+02	1.051e+02	6.205e+02	2.597e+02	2.370e+03	nan	2.403e+02	6.516e+02	0.000e+00	1.369e+02	2.802e+02	1.723e+02	7.319e+02	6.043e+02	1.660e+03	8.247e+02	
64.800	2.056e+02	0.000e+00	3.953e+02	2.124e+03	1.156e+03	1.383e+03	1.086e+03	1.089e+03	3.942e+02	8.786e+02	8.328e+02	6.629e+02	8.407e+02	7.272e+02	6.674e+02	3.180e+02	2.860e+02	2.945e+02	3.003e+02	2.973e+02	2.576e+02	2.491e+02	2.153e+02	4.213e+02	5.417e+02	3.414e+02	9.667e+02	0.000e+00	nan	0.000e+00	nan	2.453e+02	1.370e+02	1.262e+02	6.668e+02	1.182e+02	2.821e+02	2.539e+02	0.000e+00	2.537e+02	4.735e+02	nan	1.310e+02	1.660e+02	4.867e+01	9.130e+02	7.300e+02	6.582e+01	6.404e+02	0.000e+00	
72.000	4.111e+02	3.429e+02	2.193e+02	7.314e+02	5.278e+02	1.409e+02	8.087e+02	6.844e+01	1.100e+02	2.785e+02	1.911e+02	9.347e+01	2.486e+02	5.553e+02	4.725e+02	4.674e+02	5.439e+02	4.458e+02	3.986e+02	3.815e+02	3.418e+02	3.224e+02	3.790e+02	4.234e+02	3.941e+02	3.933e+02	4.335e+02	4.543e+02	5.023e+02	5.966e+02	4.927e+02	3.060e+02	1.747e+02	2.099e+02	1.200e+02	1.912e+02	2.110e+02	1.205e+02	7.277e+01	1.322e+02	1.012e+02	6.576e+01	8.427e+01	1.653e+02	4.118e+01	1.282e+02	1.512e+02	7.942e+02	1.878e+02	2.056e+02	
79.200	1.641e+02	0.000e+00	8.467e+01	1.775e+01	4.792e+02	9.272e+02	5.824e+02	4.365e+02	8.608e+01	5.972e+01	6.402e+01	3.069e+02	4.310e+01	2.213e+02	1.783e+02	2.222e+02	1.515e+02	3.159e+02	3.891e+02	4.178e+02	4.378e+02	3.849e+02	3.938e+02	3.852e+02	3.179e+02	2.772e+02	3.425e+02	3.177e+02	3.743e+02	3.151e+02	2.731e+02	2.238e+02	2.129e+02	1.261e+02	1.227e+02	7.034e+01	1.360e+02	1.112e+02	1.143e+02	8.633e+01	2.921e+01	5.347e+01	4.455e+01	7.058e+01	6.431e+01	8.556e+01	1.953e+02	1.813e+02	3.060e+02	1.568e+02	
86.400	1.149e+02	0.000e+00	1.197e+02	0.000e+00	5.502e+01	8.630e+01	1.822e+01	4.174e+01	2.714e+01	4.691e+01	0.000e+00	3.491e+01	1.005e+02	8.788e+01	8.723e+01	1.477e+02	7.646e+01	7.021e+01	5.058e+01	2.266e+02	2.692e+02	3.629e+02	3.654e+02	2.237e+02	1.055e+02	3.559e+02	2.484e+02	1.995e+02	2.771e+02	2.139e+02	2.789e+02	2.679e+02	7.443e+01	1.089e+02	3.191e+01	2.705e+01	1.001e+02	8.902e+01	1.226e+02	1.157e+02	4.341e+01	7.692e+00	5.124e+01	0.000e+00	4.727e+01	0.000e+00	5.250e+01	4.773e+01	9.870e+00	0.000e+00	
