#
# Electrons precipitation map
# Simulation setup: southward IMF, same Solar wind as Aizawa et al. (2021)
# Simulation code: iPIC3D
# Simulation path: /home/flavorenti/Bureau/data_simu_iPIC3D/Mercury_SaeInit/PR1/minusBz-newbox/texts/
# Output: Mean energy (radial kinetic) pcls per bin, units eV
# Output minimum: 1e-3
# Grid X-Axis (first row): local time [hours] from 0 to 24 with 100 equispaced bins
# Grid Y-Axis (first column): latitude [deg.] from -90 to 90 with 50 equispaced bins
# Signature: Federico Lavorenti
#
nan	0.120	0.360	0.600	0.840	1.080	1.320	1.560	1.800	2.040	2.280	2.520	2.760	3.000	3.240	3.480	3.720	3.960	4.200	4.440	4.680	4.920	5.160	5.400	5.640	5.880	6.120	6.360	6.600	6.840	7.080	7.320	7.560	7.800	8.040	8.280	8.520	8.760	9.000	9.240	9.480	9.720	9.960	10.200	10.440	10.680	10.920	11.160	11.400	11.640	11.880	12.120	12.360	12.600	12.840	13.080	13.320	13.560	13.800	14.040	14.280	14.520	14.760	15.000	15.240	15.480	15.720	15.960	16.200	16.440	16.680	16.920	17.160	17.400	17.640	17.880	18.120	18.360	18.600	18.840	19.080	19.320	19.560	19.800	20.040	20.280	20.520	20.760	21.000	21.240	21.480	21.720	21.960	22.200	22.440	22.680	22.920	23.160	23.400	23.640	23.880	
-88.200	9.207e+01	4.738e+01	1.465e+02	4.542e+01	1.066e+02	nan	nan	2.265e+01	nan	nan	nan	nan	nan	4.414e+01	nan	nan	nan	nan	6.627e+01	nan	6.481e+00	3.623e+01	4.184e+01	nan	8.558e+01	nan	7.768e+01	nan	nan	1.239e+02	nan	nan	nan	7.994e+01	nan	nan	nan	7.991e+01	nan	nan	nan	nan	1.026e+01	5.304e+01	1.479e+01	nan	nan	5.562e+01	9.749e+01	nan	9.418e+01	nan	nan	nan	nan	nan	nan	4.343e+01	nan	nan	nan	4.196e+01	nan	6.664e+01	1.480e+01	nan	nan	nan	nan	nan	8.670e+00	nan	nan	3.615e+01	1.013e+02	6.553e+01	9.357e+01	8.458e+01	1.003e+02	5.537e+01	5.462e+01	8.560e+01	nan	nan	nan	3.259e+01	8.132e+01	5.323e+01	nan	nan	nan	1.452e+01	nan	2.501e+00	nan	nan	7.082e+01	nan	7.217e+01	nan	
-84.600	8.965e+01	nan	4.363e+01	2.933e+01	8.639e+01	nan	nan	8.305e+01	5.484e+01	4.342e+01	4.967e+01	8.350e+01	9.680e+01	nan	nan	2.629e+01	5.554e+01	4.547e+01	4.757e+01	2.857e+01	5.715e+01	2.276e+01	1.588e+01	5.789e+01	nan	nan	nan	nan	nan	1.921e+01	5.998e+01	5.272e+01	3.462e+01	4.818e+01	1.454e+01	3.122e+01	7.077e+01	nan	3.734e+01	7.258e+01	7.164e+01	nan	6.398e+01	9.762e+01	5.566e+01	nan	2.945e+01	1.891e+01	4.989e+01	3.667e+01	7.531e+01	1.019e+02	6.711e+01	8.258e+01	1.212e+02	6.481e+01	4.728e+01	nan	6.220e+01	1.184e+02	nan	5.151e+01	6.381e+01	1.191e+02	3.941e+01	4.060e+01	1.204e+01	nan	3.938e+01	4.281e+01	7.568e+01	6.739e+01	nan	nan	3.626e+01	1.149e+01	6.910e+01	4.870e+01	nan	8.621e+01	6.103e+00	1.005e+02	nan	7.445e+01	6.966e+01	8.440e+01	3.598e+01	3.920e+01	7.755e+01	nan	2.727e+01	5.805e+01	9.044e+01	2.842e+01	1.480e+02	1.172e+02	nan	7.188e+01	1.474e+01	6.102e+01	
-81.000	7.061e+01	7.346e+01	3.801e+01	7.443e-01	1.031e+02	8.970e+01	nan	3.817e+01	5.810e+01	nan	2.869e+01	7.274e+01	7.736e+01	7.230e+01	nan	3.997e+01	9.792e+01	9.555e+01	nan	1.236e+01	8.887e+01	7.023e+01	8.586e+01	2.393e+02	8.384e+01	2.766e+01	1.005e+02	1.851e+01	5.923e+01	5.996e+01	5.064e+01	nan	8.179e+01	1.615e+02	4.192e+01	2.961e+01	2.839e-01	5.016e+01	1.064e+02	5.050e+01	5.346e+01	1.766e+01	2.953e+01	1.257e+02	1.133e+02	6.093e+01	1.023e+02	6.133e+01	3.889e+01	1.028e+02	1.844e+01	8.415e+01	6.941e+01	1.023e+02	5.317e+01	5.278e+01	3.786e+01	1.733e+02	1.326e+02	9.104e+01	nan	9.283e+00	9.559e+00	3.832e+01	5.449e+01	1.188e+02	6.265e+01	1.171e+02	3.074e+01	6.571e+01	3.494e+01	4.973e+01	6.607e+01	8.775e+01	1.007e+02	4.443e+01	6.475e+01	5.973e+01	3.702e+01	4.173e+01	6.616e+01	1.343e+02	5.708e+01	1.781e+02	nan	4.907e+01	7.338e+01	8.779e+01	1.326e+02	3.008e+01	5.985e+01	8.380e+01	5.874e+01	7.592e+01	4.085e+01	7.596e+01	nan	3.063e+01	6.999e+01	nan	
-77.400	6.570e+01	7.195e+01	3.961e+01	8.884e+01	9.602e+01	1.101e+02	1.326e+02	4.534e+01	6.472e+01	6.668e+01	4.093e+01	5.386e+01	8.888e+01	1.690e+01	4.098e+01	1.309e+02	8.923e+01	5.268e+01	4.514e+01	4.457e+01	5.161e+01	1.299e+01	1.378e+02	5.706e+01	6.167e+01	7.377e+01	4.946e+01	5.178e+00	5.145e+01	1.477e+01	3.865e+01	3.115e+01	4.450e+01	6.752e+01	8.040e+01	5.067e+01	4.792e+01	3.173e+01	1.012e+02	1.229e+02	6.758e+01	3.752e+01	3.538e+01	1.054e+02	3.743e+01	7.528e+01	3.945e+01	4.062e+01	4.639e+01	5.026e+01	5.376e+01	7.207e+01	4.229e+01	5.357e+01	8.030e+01	4.352e+01	3.465e+01	3.622e+01	6.334e+01	6.268e+01	9.878e+01	3.812e+01	5.047e+01	5.453e+01	3.840e+01	6.735e+01	7.900e+01	7.617e+01	7.417e+01	5.182e+01	4.890e+01	4.005e+01	7.138e+01	4.200e+01	6.889e+01	1.292e+02	7.314e+01	5.035e+01	6.377e+01	4.803e+01	4.499e+01	6.692e+01	6.067e+01	1.061e+02	8.928e+01	6.374e+01	7.995e+01	6.128e+01	5.654e+01	6.262e+01	1.030e+02	9.560e+01	8.057e+01	1.170e+02	5.345e+01	8.024e+01	8.213e+01	6.806e+01	7.109e+01	9.244e+01	
-73.800	7.023e+01	7.531e+01	7.308e+01	6.452e+01	9.159e+01	8.427e+01	5.511e+01	4.929e+01	6.578e+01	7.468e+01	6.510e+01	5.423e+01	7.293e+01	6.316e+01	8.900e+01	5.331e+01	nan	5.444e+01	4.928e+01	7.951e+01	4.332e+01	8.631e+01	3.733e+01	9.633e+01	4.543e+00	2.357e+01	4.920e+01	5.552e+01	nan	2.122e+01	2.438e+01	1.651e-01	1.246e+02	3.084e+01	2.513e+01	3.421e+01	3.777e+01	4.384e+01	3.340e+01	5.068e+01	2.956e+01	1.172e+02	4.978e+01	3.372e+01	4.676e+01	3.528e+01	5.021e+01	2.840e+01	4.126e+01	3.913e+01	5.157e+01	4.982e+01	4.406e+01	4.199e+01	3.623e+01	4.627e+01	2.831e+01	4.828e+01	5.258e+01	6.222e+01	4.197e+01	4.218e+01	5.235e+01	5.403e+01	5.332e+01	4.409e+01	5.876e+01	2.844e+01	3.398e+01	7.010e+01	7.694e+01	5.037e+01	4.094e+01	7.067e+01	6.033e+01	3.973e+01	6.306e+01	7.244e+01	7.072e+01	6.810e+01	5.952e+01	4.044e+01	5.509e+01	7.558e+01	3.503e+01	4.107e+01	6.614e+01	6.098e+01	4.810e+01	6.345e+01	7.355e+01	5.486e+01	5.556e+01	6.327e+01	4.135e+01	4.796e+01	6.577e+01	7.376e+01	5.494e+01	7.138e+01	
-70.200	7.448e+01	7.673e+01	5.659e+01	7.918e+01	7.236e+01	6.599e+01	6.876e+01	7.063e+01	7.179e+01	6.695e+01	6.798e+01	5.648e+01	6.352e+01	4.160e+01	7.088e+01	4.824e+01	7.834e+01	5.332e+01	4.860e+01	6.004e+01	9.217e+01	6.100e+01	5.007e+01	4.424e+01	3.727e+01	3.107e+01	1.330e+02	8.575e+01	1.943e+01	2.443e+01	4.001e+01	5.596e+01	2.490e+01	4.007e+01	3.484e+01	5.070e+01	7.256e+01	3.073e+01	5.571e+01	2.761e+01	3.549e+01	4.849e+01	3.726e+01	4.192e+01	4.393e+01	4.245e+01	2.698e+01	4.176e+01	4.545e+01	4.369e+01	3.716e+01	4.560e+01	3.739e+01	2.787e+01	3.891e+01	5.725e+01	3.343e+01	4.153e+01	4.953e+01	5.132e+01	3.228e+01	3.589e+01	4.272e+01	3.528e+01	5.979e+01	5.606e+01	5.363e+01	4.721e+01	5.439e+01	5.153e+01	4.431e+01	5.460e+01	5.260e+01	2.873e+01	5.279e+01	7.903e+01	4.577e+01	3.603e+01	5.024e+01	3.896e+01	5.934e+01	1.388e+01	4.445e+01	1.092e+02	7.039e+01	5.432e+01	3.343e+01	6.375e+01	6.496e+01	3.531e+01	4.807e+01	3.988e+01	5.753e+01	5.525e+01	4.581e+01	6.166e+01	5.895e+01	5.871e+01	7.138e+01	6.286e+01	
-66.600	7.114e+01	9.907e+01	9.107e+01	9.143e+01	8.834e+01	8.488e+01	8.881e+01	7.967e+01	6.511e+01	6.440e+01	6.545e+01	4.462e+01	4.054e+01	4.806e+01	4.755e+01	6.025e+01	3.160e+01	5.495e+01	5.390e+01	7.616e+01	4.619e+01	4.866e+01	2.711e+01	5.257e+01	6.228e+00	6.263e+01	6.655e+01	3.383e+01	5.774e+01	6.023e+01	6.540e+01	4.267e+01	5.406e+01	4.094e+01	3.216e+01	4.920e+01	4.013e+01	3.104e+01	3.128e+01	3.342e+01	3.181e+01	3.900e+01	2.876e+01	3.902e+01	5.033e+01	4.210e+01	3.532e+01	4.134e+01	6.260e+01	6.532e+01	7.009e+01	4.006e+01	3.410e+01	3.385e+01	4.054e+01	4.156e+01	4.278e+01	4.316e+01	4.200e+01	3.693e+01	4.406e+01	4.365e+01	5.151e+01	4.404e+01	4.798e+01	4.519e+01	4.806e+01	5.994e+01	3.997e+01	4.775e+01	3.879e+01	5.848e+01	5.522e+01	4.849e+01	5.034e+01	4.172e+01	5.353e+01	5.396e+01	3.925e+01	6.405e+01	3.658e+01	2.139e-02	8.257e+01	3.861e+01	6.614e+01	3.897e+01	6.375e+01	4.271e+01	3.982e+01	3.966e+01	6.073e+01	5.153e+01	4.684e+01	4.094e+01	4.884e+01	5.026e+01	4.998e+01	6.120e+01	7.147e+01	8.025e+01	
-63.000	1.032e+02	1.126e+02	1.144e+02	1.181e+02	1.178e+02	1.114e+02	7.750e+01	6.627e+01	6.713e+01	5.477e+01	5.660e+01	5.184e+01	3.760e+01	3.661e+01	3.765e+01	5.194e+01	6.433e+01	3.023e+01	4.879e+01	2.251e+01	3.542e+01	4.011e+01	5.895e+01	9.693e+01	5.264e+01	8.839e+01	3.320e+01	4.091e+01	4.139e+01	2.550e+01	2.659e+01	3.622e+01	3.817e+01	4.116e+01	3.679e+01	4.889e+01	4.086e+01	3.591e+01	3.987e+01	3.811e+01	4.187e+01	4.712e+01	5.967e+01	5.562e+01	6.046e+01	6.021e+01	7.822e+01	6.813e+01	7.947e+01	9.363e+01	8.411e+01	5.617e+01	4.530e+01	4.152e+01	3.574e+01	3.894e+01	3.895e+01	4.067e+01	4.136e+01	3.845e+01	4.128e+01	4.493e+01	4.735e+01	5.543e+01	5.026e+01	4.202e+01	5.489e+01	4.848e+01	4.321e+01	4.954e+01	4.783e+01	4.215e+01	4.293e+01	3.417e+01	4.114e+01	4.645e+01	4.042e+01	2.639e+01	6.434e+01	5.089e+01	6.562e+01	4.923e+01	1.477e+01	8.466e+01	5.591e+01	4.358e+01	5.722e+01	3.904e+01	3.881e+01	2.839e+01	3.931e+01	3.236e+01	3.032e+01	3.699e+01	4.455e+01	6.374e+01	6.644e+01	7.207e+01	8.260e+01	9.475e+01	
-59.400	8.818e+01	8.342e+01	9.628e+01	9.420e+01	8.654e+01	6.826e+01	5.546e+01	6.429e+01	5.836e+01	3.864e+01	3.355e+01	3.084e+01	3.202e+01	2.236e+01	2.558e+01	1.751e+01	2.556e+01	2.231e+01	3.659e+01	5.600e+00	6.412e+01	2.187e+01	2.191e+01	1.908e+01	2.093e+01	2.706e+01	3.029e+01	2.923e+01	3.986e+01	3.743e+01	4.369e+01	4.168e+01	3.045e+01	4.718e+01	6.027e+01	5.265e+01	5.129e+01	5.564e+01	6.690e+01	6.948e+01	6.373e+01	9.140e+01	1.038e+02	9.787e+01	1.031e+02	1.087e+02	1.125e+02	1.332e+02	1.550e+02	1.177e+02	8.027e+01	5.894e+01	4.577e+01	4.563e+01	3.838e+01	4.254e+01	4.470e+01	4.428e+01	4.747e+01	4.506e+01	4.268e+01	4.812e+01	4.405e+01	4.641e+01	4.678e+01	5.240e+01	5.166e+01	4.351e+01	5.030e+01	3.767e+01	3.457e+01	5.908e+01	4.238e+01	4.176e+01	4.318e+01	3.725e+01	4.183e+01	4.356e+01	3.730e+01	5.996e+01	5.211e+01	3.223e+01	3.062e+01	5.769e+01	3.422e+01	4.291e+01	4.223e+01	4.837e+01	5.556e+01	3.253e+01	2.401e+01	2.112e+01	2.688e+01	3.011e+01	3.414e+01	5.276e+01	5.302e+01	6.227e+01	6.606e+01	8.504e+01	
-55.800	5.398e+01	5.824e+01	4.776e+01	4.599e+01	3.172e+01	3.253e+01	4.470e+01	4.669e+01	3.039e+01	2.971e+01	2.176e+01	1.990e+01	1.713e+01	2.471e+01	2.042e+01	1.690e+01	1.324e+01	1.765e+01	5.800e+01	3.984e+01	7.846e+00	7.973e+01	1.771e+01	1.919e+01	1.457e+01	4.605e+01	2.175e+01	3.800e+01	3.523e+01	4.648e+01	4.020e+01	4.056e+01	4.807e+01	5.678e+01	4.881e+01	5.449e+01	4.378e+01	3.855e+01	6.538e+01	9.820e+01	1.298e+02	1.985e+02	2.168e+02	2.098e+02	1.430e+02	1.029e+02	9.086e+01	6.658e+01	5.557e+01	4.705e+01	3.940e+01	4.072e+01	3.883e+01	5.486e+01	4.769e+01	3.981e+01	3.761e+01	3.277e+01	3.771e+01	3.830e+01	3.145e+01	3.912e+01	4.632e+01	4.038e+01	3.771e+01	3.964e+01	4.026e+01	4.094e+01	4.498e+01	3.951e+01	3.247e+01	3.647e+01	5.108e+01	5.219e+01	4.243e+01	4.168e+01	3.540e+01	4.929e+01	5.494e+01	2.744e+01	2.866e+01	5.143e+01	3.443e+01	2.704e+01	3.607e+01	1.940e+01	3.106e+01	2.179e+01	1.828e+01	1.563e+01	1.507e+01	1.322e+01	1.609e+01	1.896e+01	2.107e+01	2.792e+01	2.959e+01	3.546e+01	3.782e+01	4.599e+01	
-52.200	1.306e+01	1.692e+01	1.274e+01	2.885e+01	7.575e+01	2.772e+01	3.131e+01	4.647e+01	4.486e+01	2.987e+01	2.506e+01	3.735e+01	3.193e+01	3.042e+01	3.109e+01	2.612e+01	2.120e+01	2.599e+01	1.863e+01	2.996e+01	7.099e-01	4.198e+01	4.830e+01	7.604e+00	3.861e+01	4.928e+01	2.929e+01	4.274e+01	5.096e+01	5.675e+01	4.794e+01	4.680e+01	4.447e+01	4.087e+01	3.754e+01	3.718e+01	3.270e+01	4.405e+01	6.204e+01	5.440e+01	4.947e+01	5.597e+01	5.479e+01	5.279e+01	4.062e+01	2.993e+01	2.211e+01	2.126e+01	2.275e+01	2.277e+01	2.525e+01	2.279e+01	2.515e+01	2.148e+01	2.216e+01	1.916e+01	1.851e+01	1.920e+01	1.580e+01	2.069e+01	2.099e+01	2.059e+01	2.316e+01	2.215e+01	2.272e+01	2.513e+01	2.634e+01	3.153e+01	3.663e+01	3.270e+01	5.166e+01	4.163e+01	4.743e+01	2.886e+01	4.298e+01	4.982e+01	4.676e+01	3.843e+01	4.889e+01	2.442e+01	4.420e+01	3.151e+01	3.667e+01	2.034e+01	8.755e+00	2.095e+01	2.129e+01	1.440e+01	8.386e+00	1.148e+01	7.718e+00	8.399e+00	1.010e+01	9.003e+00	1.536e+01	9.088e+00	7.756e+00	1.597e+01	1.526e+01	2.003e+01	
-48.600	7.914e+01	4.498e+01	6.684e+01	7.486e+01	8.427e+01	3.462e+01	2.050e+01	4.041e+01	4.657e+01	7.948e+01	7.479e+01	6.159e+01	3.755e+01	3.437e+01	3.115e+01	3.116e+01	2.535e+01	2.090e+01	9.749e+00	2.318e+01	4.447e+00	nan	3.192e+01	6.300e+00	4.127e+01	2.241e+01	3.504e+01	3.843e+01	6.298e+01	4.755e+01	7.468e+01	3.837e+01	3.315e+01	3.674e+01	3.938e+01	4.286e+01	5.380e+01	4.581e+01	4.181e+01	4.425e+01	4.047e+01	3.554e+01	3.150e+01	2.449e+01	2.488e+01	2.358e+01	2.577e+01	2.099e+01	2.004e+01	2.627e+01	2.688e+01	2.217e+01	2.019e+01	3.033e+01	2.169e+01	2.512e+01	2.206e+01	2.403e+01	3.955e+01	3.529e+01	2.923e+01	3.423e+01	2.403e+01	2.365e+01	3.300e+01	3.412e+01	1.754e+01	2.402e+01	2.176e+01	2.706e+01	2.281e+01	3.743e+01	3.247e+01	3.319e+01	3.810e+01	3.698e+01	4.466e+01	5.036e+01	3.463e+01	3.186e+01	3.803e+01	1.615e+01	3.135e+01	1.357e+01	2.782e+01	1.275e+01	1.241e+01	1.042e+01	8.668e+00	8.696e+00	8.146e+00	9.893e+00	8.246e+00	1.172e+01	2.009e+01	1.785e+01	2.586e+01	3.495e+01	2.773e+01	3.763e+01	
-45.000	1.318e+02	1.297e+02	1.949e+02	1.759e+02	1.624e+02	1.213e+02	1.039e+02	1.048e+02	1.361e+02	9.933e+01	1.031e+02	6.665e+01	7.350e+01	6.191e+01	6.733e+01	4.810e+01	2.771e+01	3.572e+01	5.992e+01	3.470e+01	3.128e+01	3.010e+01	8.926e+00	3.066e+01	1.442e+02	3.935e+01	5.114e+01	5.570e+01	5.858e+01	6.479e+01	5.700e+01	3.973e+01	7.983e+01	5.916e+01	7.548e+01	8.283e+01	9.009e+01	8.928e+01	1.422e+02	8.236e+01	7.852e+01	5.832e+01	5.624e+01	6.210e+01	5.192e+01	5.165e+01	6.258e+01	8.004e+01	1.474e+02	1.383e+02	8.844e+01	1.054e+02	1.046e+02	1.195e+02	1.302e+02	1.529e+02	1.627e+02	1.390e+02	1.321e+02	1.386e+02	1.426e+02	1.121e+02	1.368e+02	1.284e+02	1.494e+02	1.004e+02	9.997e+01	1.117e+02	9.696e+01	7.184e+01	4.432e+01	2.817e+01	2.900e+01	2.523e+01	2.685e+01	2.546e+01	2.474e+01	2.847e+01	3.074e+01	3.113e+01	1.476e+01	2.598e+01	2.419e+01	1.453e+01	1.762e+01	1.441e+01	1.395e+01	1.498e+01	1.490e+01	1.719e+01	2.382e+01	3.135e+01	4.068e+01	6.221e+01	5.810e+01	1.053e+02	1.170e+02	1.145e+02	1.262e+02	1.371e+02	
-41.400	3.277e+02	2.751e+02	3.647e+02	4.010e+02	2.646e+02	2.729e+02	2.516e+02	2.518e+02	1.696e+02	1.349e+02	1.132e+02	1.157e+02	1.254e+02	7.442e+01	9.803e+01	5.852e+01	5.237e+01	5.376e+01	4.455e+01	3.602e+01	3.628e+01	6.667e+01	1.159e+01	1.157e+01	2.960e+01	5.123e+01	6.367e+01	5.091e+01	5.769e+01	4.329e+01	9.483e+01	8.747e+01	1.039e+02	1.285e+02	1.496e+02	1.863e+02	3.044e+02	2.729e+02	1.849e+02	1.322e+02	9.057e+01	1.195e+02	1.169e+02	1.109e+02	1.611e+02	2.667e+02	4.197e+02	4.148e+02	3.082e+02	2.847e+02	3.497e+02	3.222e+02	2.595e+02	2.986e+02	4.053e+02	3.590e+02	4.438e+02	4.067e+02	4.166e+02	3.816e+02	3.144e+02	4.596e+02	5.112e+02	4.790e+02	4.141e+02	4.652e+02	4.008e+02	3.238e+02	3.329e+02	2.564e+02	2.274e+02	1.601e+02	9.559e+01	5.389e+01	4.025e+01	3.453e+01	2.592e+01	2.557e+01	2.918e+01	2.452e+01	2.256e+01	2.359e+01	2.916e+01	2.405e+01	2.202e+01	2.706e+01	2.954e+01	3.679e+01	5.534e+01	6.223e+01	8.112e+01	1.044e+02	1.243e+02	1.692e+02	2.062e+02	2.318e+02	3.010e+02	2.858e+02	2.914e+02	3.259e+02	
-37.800	6.652e+02	6.522e+02	5.759e+02	6.306e+02	5.238e+02	3.868e+02	4.202e+02	4.188e+02	2.760e+02	2.860e+02	2.613e+02	1.306e+02	1.472e+02	1.510e+02	1.281e+02	1.013e+02	1.032e+02	7.165e+01	5.447e+01	6.203e+01	4.559e+01	4.867e+01	4.599e+01	5.179e+01	6.900e+01	4.044e+01	1.597e+02	7.598e+01	1.306e+02	1.233e+02	1.798e+02	2.138e+02	2.209e+02	3.264e+02	2.321e+02	2.446e+02	4.019e+02	1.831e+02	1.335e+02	1.235e+02	1.736e+02	1.848e+02	2.327e+02	1.716e+02	2.335e+02	4.109e+02	4.400e+02	3.507e+02	4.047e+02	3.343e+02	3.828e+02	4.575e+02	3.151e+02	4.094e+02	4.518e+02	4.750e+02	6.288e+02	6.148e+02	6.735e+02	7.000e+02	7.551e+02	1.006e+03	9.277e+02	9.554e+02	1.046e+03	1.029e+03	1.086e+03	9.903e+02	8.945e+02	7.819e+02	6.919e+02	5.984e+02	4.269e+02	2.876e+02	2.048e+02	1.093e+02	6.014e+01	4.890e+01	3.711e+01	3.584e+01	3.087e+01	3.429e+01	3.398e+01	4.268e+01	4.698e+01	5.341e+01	7.378e+01	9.686e+01	1.192e+02	1.514e+02	2.185e+02	2.620e+02	2.984e+02	3.958e+02	4.724e+02	4.806e+02	5.072e+02	5.194e+02	6.189e+02	5.349e+02	
-34.200	8.945e+02	8.173e+02	8.692e+02	7.130e+02	5.271e+02	6.327e+02	6.025e+02	5.493e+02	4.250e+02	5.405e+02	5.266e+02	4.922e+02	3.691e+02	2.648e+02	1.806e+02	1.652e+02	1.510e+02	9.102e+01	1.027e+02	8.812e+01	6.263e+01	4.866e+01	5.782e+01	8.969e+01	1.845e+02	2.067e+02	3.196e+02	3.239e+02	3.216e+02	4.207e+02	4.913e+02	4.446e+02	5.908e+02	3.381e+02	2.034e+02	2.140e+02	3.042e+02	2.905e+02	2.088e+02	1.445e+02	1.742e+02	2.354e+02	3.104e+02	2.451e+02	3.718e+02	5.267e+02	5.121e+02	4.750e+02	4.582e+02	6.290e+02	5.764e+02	6.237e+02	6.459e+02	6.570e+02	7.308e+02	9.626e+02	9.283e+02	1.056e+03	1.134e+03	1.337e+03	1.408e+03	1.360e+03	1.555e+03	1.596e+03	1.728e+03	1.800e+03	1.834e+03	1.622e+03	1.598e+03	1.544e+03	1.356e+03	1.195e+03	9.443e+02	7.625e+02	5.213e+02	4.407e+02	3.876e+02	2.658e+02	1.261e+02	7.818e+01	6.895e+01	5.766e+01	7.040e+01	1.019e+02	1.243e+02	1.525e+02	1.845e+02	2.175e+02	2.782e+02	3.568e+02	4.133e+02	5.165e+02	6.946e+02	7.789e+02	8.850e+02	8.889e+02	9.484e+02	8.358e+02	7.859e+02	7.883e+02	
-30.600	1.120e+03	1.155e+03	1.152e+03	1.032e+03	7.398e+02	7.968e+02	7.393e+02	6.327e+02	6.443e+02	7.156e+02	7.268e+02	5.711e+02	6.336e+02	7.667e+02	7.025e+02	2.923e+02	1.593e+02	8.612e+01	7.269e+01	5.287e+01	6.315e+01	7.671e+01	1.741e+02	2.811e+02	2.719e+02	3.289e+02	3.304e+02	2.948e+02	3.365e+02	3.175e+02	2.952e+02	3.725e+02	4.246e+02	3.469e+02	2.507e+02	3.457e+02	2.298e+02	3.141e+02	2.285e+02	1.971e+02	2.613e+02	5.229e+02	6.523e+02	6.830e+02	7.544e+02	7.885e+02	7.092e+02	5.632e+02	7.475e+02	9.503e+02	8.715e+02	7.458e+02	9.521e+02	1.083e+03	1.257e+03	1.556e+03	1.809e+03	1.567e+03	1.444e+03	1.933e+03	1.926e+03	2.139e+03	2.258e+03	2.239e+03	2.165e+03	2.160e+03	2.365e+03	2.389e+03	2.328e+03	2.379e+03	2.298e+03	2.051e+03	1.769e+03	1.506e+03	1.130e+03	8.416e+02	9.338e+02	1.027e+03	7.426e+02	4.197e+02	3.081e+02	2.042e+02	1.992e+02	2.742e+02	3.204e+02	3.757e+02	4.175e+02	4.473e+02	5.550e+02	6.661e+02	7.094e+02	8.822e+02	9.778e+02	1.145e+03	1.259e+03	1.235e+03	1.122e+03	1.201e+03	1.104e+03	1.054e+03	
-27.000	1.474e+03	1.246e+03	1.207e+03	1.039e+03	9.058e+02	9.790e+02	9.463e+02	6.616e+02	7.887e+02	8.669e+02	1.006e+03	9.473e+02	7.525e+02	6.985e+02	5.709e+02	2.571e+02	1.430e+02	7.975e+01	3.164e+01	3.160e+01	4.253e+01	2.178e+02	5.050e+02	3.012e+02	3.341e+02	3.108e+02	2.368e+02	2.891e+02	2.885e+02	2.982e+02	2.918e+02	2.639e+02	3.325e+02	2.849e+02	4.279e+02	3.379e+02	4.197e+02	2.207e+02	2.164e+02	3.519e+02	6.972e+02	8.331e+02	1.118e+03	1.051e+03	1.087e+03	1.226e+03	1.150e+03	9.124e+02	1.110e+03	1.293e+03	1.035e+03	1.006e+03	2.934e+02	1.626e+03	2.094e+03	1.967e+03	2.421e+03	2.327e+03	2.024e+03	1.561e+03	2.003e+03	2.261e+03	2.021e+03	1.903e+03	1.730e+03	1.179e+03	1.430e+03	2.199e+03	2.282e+03	2.661e+03	2.750e+03	2.761e+03	2.628e+03	2.441e+03	2.028e+03	1.613e+03	1.518e+03	1.497e+03	1.439e+03	1.413e+03	1.064e+03	7.833e+02	5.953e+02	6.201e+02	6.619e+02	7.236e+02	8.746e+02	9.466e+02	1.065e+03	1.089e+03	1.097e+03	1.213e+03	1.254e+03	1.475e+03	1.394e+03	1.458e+03	1.324e+03	1.371e+03	1.208e+03	1.382e+03	
-23.400	1.624e+03	1.175e+03	9.768e+02	7.043e+02	7.427e+02	8.125e+02	8.850e+02	7.038e+02	7.271e+02	8.434e+02	1.038e+03	7.201e+02	5.642e+02	3.705e+02	1.786e+02	1.036e+02	8.549e+01	3.199e+01	3.170e+01	2.847e+02	4.872e+02	4.971e+02	4.145e+02	4.031e+02	3.337e+02	2.422e+02	2.507e+02	2.560e+02	2.483e+02	2.563e+02	2.595e+02	2.888e+02	2.869e+02	2.312e+02	3.330e+02	3.765e+02	2.034e+02	2.000e+02	7.599e+02	7.158e+02	5.427e+02	1.072e+03	1.090e+03	1.411e+03	1.403e+03	1.389e+03	1.365e+03	1.348e+03	1.262e+03	1.188e+03	1.184e+03	6.763e+02	5.223e+02	8.191e+02	1.598e+03	2.102e+03	2.700e+03	2.245e+03	1.822e+03	1.443e+03	1.481e+03	1.673e+03	1.659e+03	1.518e+03	1.335e+02	nan	nan	nan	8.374e+02	1.236e+03	2.285e+03	2.456e+03	2.764e+03	3.014e+03	2.945e+03	2.691e+03	2.436e+03	2.265e+03	1.970e+03	1.849e+03	1.774e+03	1.679e+03	1.594e+03	1.230e+03	1.080e+03	1.327e+03	1.401e+03	1.505e+03	1.629e+03	1.476e+03	1.398e+03	1.397e+03	1.299e+03	1.301e+03	1.516e+03	1.355e+03	1.517e+03	1.359e+03	1.225e+03	1.549e+03	
-19.800	1.220e+03	9.692e+02	6.507e+02	8.126e+02	8.161e+02	8.528e+02	7.550e+02	6.222e+02	5.746e+02	4.973e+02	6.022e+02	4.955e+02	3.661e+02	1.924e+02	2.860e+02	3.342e+02	4.298e+02	5.519e+02	6.526e+02	6.793e+02	5.959e+02	5.333e+02	3.923e+02	2.780e+02	2.281e+02	1.997e+02	2.016e+02	2.287e+02	2.563e+02	2.553e+02	2.340e+02	2.782e+02	3.329e+02	3.049e+02	3.662e+02	4.119e+02	1.488e+02	2.418e+02	1.188e+03	4.569e+02	8.555e+02	1.170e+03	1.014e+03	1.359e+03	7.222e+02	9.175e+02	1.841e+03	2.108e+03	5.869e+02	9.138e+02	1.210e+03	1.197e+03	2.538e+02	1.307e+02	1.004e+03	2.315e+03	1.839e+03	1.845e+03	1.556e+03	9.580e+02	1.685e+03	4.857e+02	nan	nan	nan	nan	1.501e+03	nan	nan	nan	nan	nan	1.628e+03	2.238e+03	2.857e+03	3.125e+03	3.141e+03	2.924e+03	2.582e+03	2.290e+03	1.928e+03	1.606e+03	1.647e+03	1.487e+03	1.460e+03	1.660e+03	1.774e+03	1.908e+03	1.947e+03	1.748e+03	1.472e+03	1.313e+03	1.066e+03	1.158e+03	1.121e+03	1.033e+03	1.051e+03	1.150e+03	1.101e+03	1.121e+03	
-16.200	1.133e+03	7.531e+02	6.115e+02	8.094e+02	7.566e+02	8.592e+02	9.973e+02	9.225e+02	9.268e+02	8.964e+02	7.941e+02	9.949e+02	1.011e+03	9.925e+02	7.395e+02	6.951e+02	7.027e+02	6.938e+02	6.145e+02	5.765e+02	4.725e+02	3.471e+02	2.616e+02	2.046e+02	1.886e+02	1.850e+02	1.829e+02	2.068e+02	2.310e+02	2.285e+02	2.287e+02	2.442e+02	4.347e+02	2.894e+02	3.398e+02	5.963e+02	2.613e+02	1.277e+02	1.552e+02	4.291e+02	7.259e+02	1.179e+03	9.070e+02	5.162e+02	1.185e+02	9.850e+02	1.976e+03	2.264e+03	5.040e+02	5.946e+02	6.970e+02	8.569e+02	6.090e+02	5.432e+02	nan	nan	2.046e+03	6.372e+02	8.803e+02	1.479e+03	nan	nan	nan	nan	nan	nan	nan	nan	nan	nan	nan	nan	nan	8.047e+02	4.014e+02	2.026e+03	2.789e+03	2.685e+03	2.752e+03	2.622e+03	2.364e+03	1.969e+03	1.693e+03	1.350e+03	1.059e+03	1.238e+03	1.265e+03	1.378e+03	1.565e+03	1.484e+03	1.256e+03	1.142e+03	1.078e+03	1.130e+03	9.001e+02	8.978e+02	6.553e+02	6.152e+02	9.739e+02	8.948e+02	
-12.600	8.005e+02	7.297e+02	7.266e+02	8.887e+02	7.714e+02	1.081e+03	9.486e+02	1.367e+03	9.214e+02	9.804e+02	1.080e+03	8.232e+02	7.539e+02	7.434e+02	6.752e+02	5.863e+02	5.040e+02	4.500e+02	4.054e+02	3.663e+02	3.086e+02	2.660e+02	2.068e+02	1.895e+02	1.895e+02	1.972e+02	2.066e+02	2.140e+02	2.224e+02	2.209e+02	2.149e+02	2.499e+02	3.972e+02	2.931e+02	4.982e+02	4.834e+02	2.109e+02	1.001e+02	1.137e+02	6.870e+02	8.923e+02	1.117e+03	1.152e+03	3.312e+02	nan	1.031e+03	1.960e+03	1.854e+03	4.669e+02	4.528e+02	5.284e+02	6.688e+02	9.635e+02	nan	nan	nan	nan	nan	nan	nan	nan	nan	nan	nan	nan	nan	nan	nan	nan	nan	nan	nan	nan	nan	nan	nan	8.225e+02	1.206e+03	1.886e+03	2.062e+03	1.938e+03	1.787e+03	1.639e+03	1.440e+03	1.151e+03	9.873e+02	8.939e+02	8.132e+02	8.579e+02	8.467e+02	8.221e+02	8.424e+02	1.030e+03	8.909e+02	6.664e+02	6.487e+02	6.141e+02	6.121e+02	6.488e+02	6.596e+02	
-9.000	5.647e+02	5.587e+02	5.918e+02	6.589e+02	6.509e+02	7.127e+02	6.115e+02	8.308e+02	8.058e+02	7.811e+02	5.950e+02	4.664e+02	4.690e+02	4.304e+02	3.937e+02	3.889e+02	3.922e+02	3.411e+02	3.055e+02	3.063e+02	2.897e+02	2.236e+02	1.883e+02	1.922e+02	1.916e+02	1.980e+02	2.082e+02	2.160e+02	2.246e+02	2.343e+02	2.384e+02	2.808e+02	6.450e+02	3.371e+02	1.308e+02	1.269e+02	1.925e+02	7.586e+01	1.619e+02	nan	nan	7.608e+02	1.468e+02	7.891e+00	nan	1.771e+03	1.666e+03	4.091e+02	2.697e+02	3.222e+02	4.615e+02	5.821e+02	nan	nan	nan	nan	nan	nan	nan	nan	nan	nan	nan	nan	nan	nan	nan	nan	nan	nan	nan	nan	nan	nan	nan	nan	nan	nan	nan	1.259e+03	8.989e+02	1.118e+03	1.229e+03	1.049e+03	9.587e+02	8.788e+02	7.837e+02	7.169e+02	6.776e+02	6.851e+02	6.055e+02	6.484e+02	6.738e+02	5.899e+02	5.323e+02	5.609e+02	5.414e+02	5.773e+02	5.859e+02	5.858e+02	
-5.400	5.153e+02	5.931e+02	6.752e+02	5.879e+02	6.152e+02	5.660e+02	6.664e+02	6.437e+02	5.791e+02	4.981e+02	4.083e+02	3.929e+02	3.285e+02	3.168e+02	3.361e+02	3.272e+02	3.215e+02	3.254e+02	3.060e+02	2.852e+02	2.534e+02	2.426e+02	2.071e+02	1.856e+02	1.645e+02	1.884e+02	1.809e+02	1.891e+02	2.196e+02	2.332e+02	2.602e+02	3.578e+02	3.205e+02	2.926e+02	4.626e+02	6.561e+02	2.499e+02	nan	nan	nan	5.506e+02	nan	8.242e+02	nan	8.830e+02	4.117e-01	nan	4.714e+02	1.831e+02	3.042e+02	3.992e+02	3.008e+02	nan	nan	nan	nan	nan	nan	nan	nan	nan	nan	nan	nan	nan	nan	nan	nan	nan	nan	nan	nan	nan	nan	nan	nan	nan	nan	nan	nan	nan	4.901e+02	6.718e+02	7.253e+02	7.070e+02	6.705e+02	6.643e+02	5.585e+02	5.244e+02	5.091e+02	5.206e+02	5.084e+02	5.404e+02	5.279e+02	5.802e+02	5.818e+02	5.290e+02	5.164e+02	4.833e+02	4.868e+02	
-1.800	4.551e+02	7.416e+02	7.642e+02	5.816e+02	5.113e+02	5.699e+02	5.771e+02	6.263e+02	6.397e+02	4.820e+02	3.396e+02	3.183e+02	2.784e+02	2.985e+02	3.321e+02	3.289e+02	3.296e+02	3.091e+02	3.008e+02	2.724e+02	2.736e+02	2.301e+02	2.145e+02	1.400e+02	1.557e+02	1.607e+02	1.713e+02	2.059e+02	2.082e+02	2.252e+02	3.020e+02	5.575e+02	3.645e+02	3.672e+02	4.420e+02	nan	2.051e+02	1.007e+02	1.591e+02	nan	2.014e+03	nan	7.825e+01	nan	nan	1.185e+02	nan	1.826e+02	1.868e+02	2.127e+02	1.933e+02	1.921e+02	nan	nan	nan	nan	nan	nan	nan	nan	nan	nan	nan	nan	nan	nan	nan	nan	nan	nan	nan	nan	nan	nan	nan	nan	nan	nan	nan	nan	nan	nan	5.855e+02	1.616e+03	3.372e+02	4.766e+02	5.639e+02	5.216e+02	5.246e+02	5.473e+02	4.571e+02	4.198e+02	4.697e+02	4.263e+02	4.619e+02	4.435e+02	4.166e+02	3.702e+02	3.517e+02	3.466e+02	
1.800	3.698e+02	4.295e+02	4.334e+02	3.935e+02	4.660e+02	5.025e+02	6.221e+02	6.010e+02	5.276e+02	3.571e+02	3.180e+02	2.607e+02	2.481e+02	2.595e+02	2.902e+02	2.978e+02	2.911e+02	2.944e+02	2.772e+02	2.738e+02	2.411e+02	1.995e+02	1.905e+02	2.478e+02	2.558e+02	2.103e+02	2.444e+02	2.506e+02	1.934e+02	2.539e+02	4.085e+02	4.087e+02	3.731e-01	nan	nan	5.592e+02	nan	nan	5.068e+02	nan	2.525e+03	nan	nan	6.412e+02	nan	nan	nan	nan	8.613e+02	3.901e+02	3.673e+01	nan	nan	nan	nan	nan	nan	nan	nan	nan	nan	nan	nan	nan	nan	nan	nan	nan	nan	nan	nan	nan	nan	nan	nan	nan	nan	nan	nan	nan	nan	nan	nan	nan	nan	1.197e+03	1.488e+02	4.870e+02	3.630e+02	4.526e+02	3.525e+02	3.929e+02	3.475e+02	3.493e+02	2.936e+02	3.443e+02	3.484e+02	2.987e+02	2.583e+02	3.177e+02	
5.400	2.658e+02	3.003e+02	3.215e+02	3.905e+02	4.084e+02	4.370e+02	4.629e+02	3.834e+02	3.269e+02	3.035e+02	2.734e+02	2.280e+02	2.163e+02	2.076e+02	2.307e+02	2.387e+02	2.493e+02	2.677e+02	2.335e+02	2.374e+02	1.777e+02	2.550e+02	2.774e+02	2.894e+02	3.186e+02	3.804e+02	3.044e+02	2.715e+02	2.017e+02	3.607e+02	3.747e+02	2.693e+02	2.675e+02	8.040e+02	2.764e+02	1.243e+03	6.087e+02	3.211e+02	nan	2.194e+03	nan	nan	nan	nan	1.259e+03	6.482e-02	nan	7.160e-01	nan	nan	nan	nan	nan	nan	nan	nan	nan	nan	nan	nan	8.915e+02	nan	nan	nan	nan	nan	nan	nan	nan	nan	nan	nan	nan	nan	nan	nan	nan	nan	nan	nan	nan	nan	nan	nan	nan	1.062e+03	1.156e+02	2.279e+02	4.641e+02	4.385e+02	1.048e+02	2.047e+02	2.687e+02	3.878e+02	2.178e+02	1.928e+02	2.113e+02	1.872e+02	2.037e+02	2.269e+02	
9.000	1.650e+02	1.909e+02	2.315e+02	2.362e+02	2.686e+02	2.455e+02	2.207e+02	2.386e+02	2.421e+02	2.466e+02	2.005e+02	1.772e+02	1.471e+02	1.670e+02	1.826e+02	1.840e+02	1.990e+02	1.832e+02	1.878e+02	2.598e+02	1.682e+02	4.359e+02	2.888e+01	nan	2.324e+02	3.191e+02	4.279e+02	2.520e+02	3.659e+02	2.766e+02	1.679e+02	2.674e+02	1.188e+02	9.283e-01	nan	2.340e+02	nan	nan	4.585e+01	nan	1.173e+02	nan	nan	8.641e+01	8.591e+01	8.469e-01	nan	4.589e+02	nan	nan	nan	nan	nan	nan	nan	nan	nan	nan	nan	nan	nan	nan	nan	nan	nan	nan	nan	nan	nan	nan	nan	nan	nan	nan	nan	nan	nan	nan	nan	nan	nan	nan	nan	nan	nan	nan	nan	nan	nan	5.100e+02	2.716e+02	1.159e+02	2.531e+02	5.439e+02	7.988e+02	1.707e+02	6.749e-01	5.133e+02	1.405e+02	1.584e+02	
12.600	1.250e+02	1.228e+02	1.487e+02	1.425e+02	1.424e+02	1.444e+02	1.396e+02	1.537e+02	1.636e+02	1.574e+02	1.375e+02	1.262e+02	1.206e+02	1.232e+02	1.175e+02	1.064e+02	1.199e+02	1.117e+02	1.784e+02	3.633e+02	6.760e+02	1.862e+02	nan	nan	2.832e+02	7.972e+02	1.004e+01	2.617e+02	2.586e+02	1.393e+02	1.910e+02	1.116e+02	9.413e+01	8.936e+01	1.032e+01	1.829e+03	nan	nan	1.622e+02	nan	nan	nan	nan	nan	nan	nan	nan	nan	nan	nan	nan	nan	nan	nan	nan	nan	nan	nan	nan	nan	nan	nan	nan	nan	nan	nan	nan	nan	nan	nan	nan	nan	nan	nan	nan	nan	nan	nan	nan	nan	nan	nan	nan	nan	nan	nan	nan	nan	nan	7.774e+02	9.094e+02	6.475e+01	nan	nan	1.334e+02	nan	nan	4.320e+02	1.490e+01	2.159e+01	
16.200	1.515e+02	1.173e+02	6.851e+01	8.781e+01	8.602e+01	8.224e+01	8.633e+01	1.043e+02	9.668e+01	9.440e+01	6.017e+01	5.471e+01	7.763e+01	5.713e+01	4.356e+01	6.394e+01	8.036e+01	8.756e+01	1.458e+02	2.154e+02	3.107e+00	nan	nan	nan	5.677e+02	nan	5.816e+00	3.680e+02	1.060e+02	1.967e+02	2.034e+02	1.783e+02	6.539e+02	3.831e+02	9.465e+02	nan	nan	nan	nan	5.039e+02	nan	nan	nan	nan	nan	nan	nan	nan	nan	nan	nan	nan	nan	nan	nan	nan	nan	nan	nan	nan	nan	nan	nan	nan	nan	nan	nan	nan	nan	nan	nan	nan	nan	nan	nan	nan	nan	nan	nan	nan	nan	nan	nan	nan	nan	nan	nan	nan	nan	nan	nan	nan	9.355e+01	5.742e+02	nan	nan	nan	nan	2.255e+02	nan	
19.800	2.305e+02	2.912e+02	1.101e+02	8.511e+01	1.125e+02	9.823e+01	1.146e+02	1.434e+02	1.296e+02	9.718e+01	9.015e+01	7.964e+01	1.391e+02	8.137e+01	8.915e+01	1.206e+02	1.088e+02	1.274e+02	1.999e+02	8.518e+01	7.727e+00	4.898e+02	nan	nan	4.189e+02	nan	nan	nan	3.188e+02	8.520e+01	5.477e+02	1.370e+02	8.075e+01	nan	nan	nan	nan	nan	5.067e+02	2.650e+01	8.631e+01	1.961e+03	nan	nan	nan	nan	nan	nan	nan	nan	nan	nan	nan	nan	nan	nan	nan	nan	nan	nan	nan	nan	nan	nan	nan	nan	nan	nan	nan	nan	nan	nan	nan	nan	nan	nan	nan	nan	nan	nan	nan	nan	nan	nan	nan	nan	nan	nan	nan	nan	1.382e+03	nan	1.059e+03	2.489e+03	nan	3.660e+02	1.277e+03	2.704e+01	8.108e+01	6.845e+02	
23.400	2.866e+02	4.467e+02	2.553e+02	2.220e+02	1.852e+02	2.244e+02	1.833e+02	2.031e+02	2.157e+02	1.930e+02	2.303e+02	2.201e+02	2.520e+02	2.263e+02	1.992e+02	1.696e+02	2.088e+02	2.051e+02	1.816e+02	3.106e+02	8.851e+01	8.446e+02	2.659e+02	1.418e+02	7.803e+02	nan	nan	nan	2.977e+02	1.421e+02	4.097e+02	8.943e+01	1.619e+02	2.390e+01	nan	4.174e+02	nan	nan	nan	1.426e+03	nan	nan	1.627e+02	nan	nan	nan	nan	nan	nan	nan	nan	nan	nan	nan	nan	nan	nan	nan	nan	nan	nan	nan	nan	nan	nan	nan	nan	nan	nan	nan	nan	nan	nan	nan	nan	nan	nan	nan	nan	nan	nan	nan	nan	nan	nan	nan	nan	nan	5.510e+02	2.141e+01	2.740e+02	1.846e+02	3.120e+02	1.894e+02	nan	1.505e+00	1.230e+03	1.048e+02	2.895e+02	1.945e+02	
27.000	4.196e+02	4.830e+02	3.681e+02	3.635e+02	3.699e+02	3.950e+02	3.637e+02	3.579e+02	3.883e+02	3.309e+02	3.419e+02	3.027e+02	3.139e+02	2.891e+02	2.809e+02	2.856e+02	2.873e+02	2.739e+02	2.236e+02	1.818e+02	2.204e+02	2.291e+02	5.435e+02	4.451e+02	4.241e+02	nan	nan	1.201e+02	3.729e+02	4.310e+02	3.714e+02	2.595e+02	3.701e+02	9.425e+02	6.568e+02	3.821e+01	3.318e+01	nan	nan	nan	nan	nan	nan	nan	nan	nan	nan	nan	nan	nan	nan	nan	nan	nan	nan	nan	nan	nan	nan	nan	nan	nan	nan	nan	nan	nan	nan	nan	nan	nan	nan	nan	nan	nan	nan	nan	nan	nan	nan	nan	nan	nan	nan	nan	nan	nan	nan	3.812e+01	5.610e+02	7.386e+02	8.861e+02	5.185e+02	5.645e+02	4.897e+02	3.452e+02	2.415e+02	3.092e+02	2.800e+02	3.623e+02	3.493e+02	
30.600	5.682e+02	6.003e+02	5.790e+02	5.343e+02	5.145e+02	5.352e+02	5.422e+02	4.667e+02	4.709e+02	4.565e+02	4.098e+02	3.937e+02	3.394e+02	3.792e+02	3.829e+02	4.006e+02	4.201e+02	3.771e+02	3.172e+02	2.567e+02	2.375e+02	2.030e+02	2.115e+02	2.569e+02	3.105e+02	4.127e+02	3.088e+02	3.211e+02	5.317e+02	5.350e+02	5.701e+02	5.172e+02	7.391e+02	9.519e+02	7.154e+02	nan	6.155e+02	nan	nan	nan	nan	nan	nan	nan	nan	nan	nan	nan	nan	nan	nan	nan	nan	nan	nan	nan	nan	nan	nan	nan	nan	nan	nan	nan	nan	nan	nan	nan	nan	nan	nan	nan	nan	nan	nan	nan	nan	nan	nan	nan	nan	nan	nan	nan	nan	3.497e+02	5.706e+02	6.614e+02	8.351e+02	8.532e+02	8.105e+02	7.606e+02	6.513e+02	6.029e+02	6.087e+02	5.842e+02	5.671e+02	5.165e+02	5.295e+02	5.091e+02	
34.200	7.894e+02	8.435e+02	8.622e+02	7.059e+02	7.295e+02	7.778e+02	7.753e+02	6.384e+02	5.152e+02	5.154e+02	4.672e+02	4.109e+02	4.286e+02	4.247e+02	4.550e+02	4.397e+02	4.344e+02	4.371e+02	4.142e+02	3.775e+02	2.978e+02	2.483e+02	2.236e+02	2.213e+02	2.509e+02	2.963e+02	3.252e+02	3.793e+02	4.160e+02	4.772e+02	6.502e+02	6.336e+02	6.867e+02	1.180e+03	1.463e+03	8.901e+02	9.374e+01	1.781e+02	nan	nan	nan	nan	nan	nan	nan	nan	nan	nan	nan	nan	nan	nan	nan	nan	nan	nan	nan	nan	nan	nan	nan	nan	nan	nan	nan	nan	nan	nan	nan	nan	nan	nan	nan	nan	nan	nan	nan	nan	nan	nan	nan	nan	1.310e+02	7.842e+02	6.191e+02	6.094e+02	6.422e+02	7.835e+02	8.957e+02	8.953e+02	8.506e+02	8.035e+02	8.154e+02	8.645e+02	8.682e+02	8.284e+02	7.985e+02	7.212e+02	6.909e+02	7.631e+02	
37.800	1.047e+03	1.191e+03	1.236e+03	9.184e+02	7.334e+02	7.774e+02	7.716e+02	8.197e+02	6.503e+02	6.025e+02	5.916e+02	5.032e+02	5.124e+02	4.865e+02	5.319e+02	5.447e+02	5.069e+02	5.093e+02	5.141e+02	4.478e+02	3.643e+02	3.117e+02	2.782e+02	2.450e+02	2.586e+02	2.893e+02	3.272e+02	3.781e+02	4.054e+02	4.280e+02	5.380e+02	7.007e+02	7.349e+02	9.977e+02	1.289e+03	3.507e+02	2.498e+02	3.088e+02	nan	nan	nan	nan	nan	nan	nan	nan	nan	nan	nan	3.450e+02	1.388e+03	nan	nan	nan	nan	nan	nan	nan	nan	nan	nan	nan	nan	nan	nan	nan	nan	nan	nan	nan	nan	nan	nan	nan	nan	nan	nan	nan	nan	nan	6.573e+02	9.293e+02	1.098e+03	1.055e+03	1.012e+03	9.558e+02	9.844e+02	9.721e+02	1.049e+03	1.052e+03	1.100e+03	9.753e+02	9.960e+02	1.071e+03	1.095e+03	1.047e+03	1.055e+03	9.714e+02	9.616e+02	9.903e+02	
41.400	1.164e+03	8.780e+02	1.496e+03	9.570e+02	9.311e+02	8.089e+02	9.348e+02	8.288e+02	6.789e+02	8.252e+02	6.738e+02	6.098e+02	6.681e+02	6.254e+02	6.507e+02	6.523e+02	6.169e+02	5.504e+02	5.213e+02	4.694e+02	4.372e+02	3.828e+02	3.688e+02	3.327e+02	3.501e+02	3.400e+02	3.661e+02	3.367e+02	3.542e+02	3.439e+02	4.043e+02	5.352e+02	7.967e+02	1.015e+03	1.170e+03	2.478e+02	4.375e+02	6.418e+02	nan	nan	nan	nan	nan	nan	nan	nan	nan	9.153e+02	6.016e+02	6.318e+02	5.842e+02	nan	nan	nan	nan	nan	nan	nan	nan	nan	nan	nan	nan	nan	nan	nan	nan	nan	nan	nan	nan	nan	nan	nan	nan	nan	nan	6.556e+02	1.809e+03	1.648e+03	1.749e+03	1.827e+03	1.722e+03	1.528e+03	1.465e+03	1.525e+03	1.371e+03	1.280e+03	1.288e+03	1.208e+03	1.265e+03	1.188e+03	1.192e+03	1.206e+03	1.233e+03	1.171e+03	1.224e+03	1.172e+03	1.165e+03	1.146e+03	
45.000	8.558e+02	9.526e+02	1.338e+03	1.171e+03	9.519e+02	1.020e+03	6.145e+02	8.469e+02	7.215e+02	7.706e+02	7.315e+02	7.408e+02	8.490e+02	7.570e+02	7.179e+02	6.954e+02	6.323e+02	4.669e+02	4.379e+02	3.852e+02	3.444e+02	3.622e+02	3.174e+02	3.262e+02	3.025e+02	2.784e+02	2.860e+02	2.879e+02	2.905e+02	2.673e+02	3.119e+02	4.350e+02	7.451e+02	8.644e+02	7.397e+02	5.664e+02	5.640e+02	6.459e+02	4.029e+02	nan	1.654e+03	9.773e+02	nan	nan	nan	nan	1.588e+03	5.231e+02	6.615e+02	8.220e+02	1.060e+03	9.029e+02	4.353e+02	nan	nan	nan	nan	nan	nan	nan	nan	nan	nan	nan	nan	nan	nan	nan	nan	nan	nan	nan	nan	nan	5.680e-01	1.317e+03	1.581e+03	1.691e+03	1.920e+03	2.063e+03	1.869e+03	1.939e+03	1.876e+03	1.721e+03	1.715e+03	1.696e+03	1.581e+03	1.484e+03	1.509e+03	1.589e+03	1.558e+03	1.508e+03	1.504e+03	1.394e+03	1.447e+03	1.350e+03	1.180e+03	1.117e+03	1.273e+03	1.210e+03	
48.600	4.922e+02	4.488e+02	6.728e+02	1.213e+03	9.882e+02	8.936e+02	1.511e+03	1.021e+03	1.088e+03	6.302e+02	6.277e+02	6.424e+02	8.077e+02	7.689e+02	9.871e+02	7.768e+02	7.053e+02	4.364e+02	3.322e+02	3.083e+02	3.315e+02	3.237e+02	3.524e+02	2.979e+02	2.714e+02	2.375e+02	2.590e+02	2.830e+02	2.813e+02	2.687e+02	2.447e+02	3.162e+02	7.109e+02	6.599e+02	7.069e+02	5.258e+02	4.503e+02	4.688e+02	6.505e+02	7.857e+02	5.689e+02	8.501e+02	7.246e+02	nan	nan	nan	1.003e+03	9.275e+02	6.713e+02	6.363e+02	5.698e+02	1.040e+03	2.700e+02	nan	nan	nan	1.258e+03	7.927e+02	7.251e+02	1.031e+03	2.927e+01	nan	nan	nan	nan	nan	nan	nan	nan	nan	nan	9.598e+02	1.060e+03	1.280e+03	1.001e+03	1.456e+03	1.305e+03	1.017e+03	nan	nan	nan	nan	7.969e+02	1.038e+03	1.136e+03	1.063e+03	1.078e+03	9.682e+02	9.089e+02	9.828e+02	1.068e+03	9.839e+02	8.711e+02	8.538e+02	7.856e+02	5.152e+02	5.066e+02	9.963e+02	4.492e+02	6.205e+02	
52.200	5.173e+02	3.742e+02	4.347e+02	2.908e+02	3.186e+02	4.497e+02	4.272e+02	4.397e+02	4.393e+02	3.391e+02	4.521e+02	4.557e+02	5.090e+02	3.265e+02	4.223e+02	5.004e+02	5.738e+02	4.415e+02	4.124e+02	3.548e+02	2.891e+02	2.585e+02	3.341e+02	3.170e+02	2.880e+02	3.365e+02	2.609e+02	2.270e+02	3.212e+02	2.231e+02	2.099e+02	2.550e+02	3.735e+02	3.390e+02	4.503e+02	3.297e+02	5.163e+02	4.240e+02	4.952e+02	3.799e+02	5.752e+02	5.995e+02	5.034e+02	4.408e+02	5.364e+02	4.420e+02	6.452e+02	6.222e+02	4.433e+02	4.514e+02	4.207e+02	7.757e+02	7.754e+02	9.098e+02	9.482e+02	9.950e+02	9.927e+02	5.026e+02	6.244e+02	7.497e+02	7.303e+02	4.334e+02	5.656e+02	nan	nan	nan	nan	nan	4.903e+02	6.712e+02	6.762e+02	6.019e+02	8.150e+02	6.316e+02	4.957e+02	3.996e+02	2.844e+02	4.373e+02	3.821e+02	3.743e+02	3.213e+02	3.393e+02	4.195e+02	4.279e+02	3.833e+02	4.096e+02	3.765e+02	3.903e+02	4.627e+02	3.745e+02	4.664e+02	4.829e+02	4.605e+02	4.621e+02	3.977e+02	3.857e+02	4.004e+02	3.734e+02	4.576e+02	2.757e+02	
55.800	1.021e+02	1.161e+02	2.160e+02	2.563e+02	1.468e+02	1.414e+02	8.918e+01	1.215e+02	1.102e+02	1.521e+02	1.242e+02	1.070e+02	1.243e+02	1.333e+02	2.466e+02	2.656e+02	1.940e+02	2.245e+02	2.644e+02	2.525e+02	2.227e+02	1.848e+02	2.085e+02	2.512e+02	2.332e+02	2.799e+02	2.288e+02	2.401e+02	2.559e+02	2.640e+02	3.149e+02	2.761e+02	1.521e+02	1.866e+02	2.312e+02	2.497e+02	1.925e+02	2.737e+02	1.757e+02	2.510e+02	2.082e+02	2.718e+02	3.062e+02	3.132e+02	2.359e+02	3.149e+02	2.929e+02	3.083e+02	2.983e+02	3.194e+02	3.072e+02	2.783e+02	4.353e+02	3.019e+02	2.030e+02	1.289e+02	7.405e+02	1.817e+02	3.845e+02	5.837e+02	5.449e+02	3.107e+02	9.796e+01	2.297e+02	1.366e+02	3.205e+02	2.589e+02	4.287e+02	4.451e+02	2.212e+02	1.528e+02	1.468e+02	1.321e+02	1.374e+02	1.928e+02	1.755e+02	1.698e+02	1.548e+02	1.281e+02	9.263e+01	1.055e+02	1.040e+02	1.054e+02	1.114e+02	9.611e+01	1.028e+02	1.267e+02	1.006e+02	1.011e+02	8.436e+01	8.966e+01	1.396e+02	1.472e+02	1.430e+02	9.781e+01	7.683e+01	1.391e+02	9.205e+01	9.564e+01	1.043e+02	
59.400	4.060e+01	4.220e+01	3.478e+01	3.081e+01	3.902e+01	9.581e+01	4.315e+01	3.365e+01	3.740e+01	4.700e+01	4.570e+01	3.030e+01	8.271e+01	1.308e+02	2.728e+02	2.013e+02	1.654e+02	1.558e+02	1.607e+02	1.132e+02	2.148e+02	1.941e+02	1.546e+02	1.701e+02	1.558e+02	1.548e+02	1.438e+02	1.106e+02	1.119e+02	1.094e+02	1.803e+02	1.039e+02	1.139e+02	2.354e+02	1.178e+02	1.065e+02	1.932e+02	3.335e+02	1.559e+02	1.327e+02	1.178e+02	1.676e+02	1.813e+02	1.546e+02	1.789e+02	1.373e+02	2.205e+02	2.004e+02	1.974e+02	2.404e+02	2.127e+02	2.225e+02	2.142e+02	1.752e+02	1.345e+02	1.812e+02	1.433e+02	1.492e+02	1.103e+02	4.036e+01	nan	nan	nan	nan	2.153e+00	3.530e+00	5.347e+01	6.297e+01	5.946e+01	5.862e+01	8.203e+01	6.839e+01	8.437e+01	7.737e+01	5.840e+01	4.946e+01	1.534e+01	1.167e+01	2.409e+01	2.467e+01	1.888e+01	1.546e+01	3.101e+01	2.261e+01	2.050e+01	1.698e+01	3.054e+01	2.941e+01	1.711e+01	2.142e+01	1.811e+01	1.750e+01	2.009e+01	2.630e+01	2.009e+01	2.128e+01	2.291e+01	2.149e+01	2.044e+01	3.295e+01	
63.000	1.485e+02	1.398e+02	1.469e+02	1.579e+02	1.202e+02	1.075e+02	1.564e+02	1.335e+02	1.855e+02	1.474e+02	1.324e+02	1.365e+02	1.349e+02	1.363e+02	1.436e+02	1.972e+02	2.118e+02	1.920e+02	1.173e+02	1.723e+02	1.995e+02	1.316e+02	2.235e+02	2.332e+02	1.308e+02	7.427e+01	9.991e+01	9.608e+01	9.772e+01	9.380e+01	1.051e+02	7.808e+01	8.901e+01	1.044e+02	1.578e+02	1.294e+02	1.613e+02	1.806e+02	1.074e+02	8.263e+01	8.241e+01	1.055e+02	1.507e+02	1.792e+02	2.370e+02	2.258e+02	2.140e+02	2.578e+02	2.426e+02	2.151e+02	2.300e+02	2.195e+02	2.438e+02	2.429e+02	2.420e+02	1.767e+02	2.507e+02	2.094e+02	2.492e+02	2.041e+02	1.678e+02	1.586e+02	3.222e+02	2.451e+02	2.129e+02	2.659e+02	1.937e+02	1.605e+02	1.316e+02	1.499e+02	1.398e+02	1.231e+02	1.587e+02	1.170e+02	1.069e+02	7.573e+01	5.936e+01	5.170e+01	7.075e+01	4.426e+01	4.599e+01	4.104e+01	5.572e+01	4.982e+01	5.937e+01	8.569e+01	6.977e+01	8.999e+01	1.011e+02	1.170e+02	1.384e+02	1.293e+02	1.437e+02	1.436e+02	1.363e+02	1.624e+02	1.205e+02	1.317e+02	1.491e+02	1.404e+02	
66.600	3.768e+02	3.736e+02	3.527e+02	3.642e+02	3.578e+02	3.634e+02	3.607e+02	3.385e+02	2.829e+02	3.239e+02	2.963e+02	2.583e+02	3.050e+02	2.201e+02	2.378e+02	2.861e+02	2.118e+02	3.395e+02	1.369e+02	1.324e+02	1.183e+02	2.054e+02	1.534e+02	7.442e+01	8.774e+01	7.211e+01	6.823e+01	1.200e+02	1.040e+02	1.228e+02	1.164e+02	1.075e+02	9.470e+01	8.778e+01	1.026e+02	1.162e+02	1.009e+02	1.165e+02	1.263e+02	1.140e+02	1.590e+02	1.374e+02	1.150e+02	1.570e+02	3.223e+02	2.891e+02	3.367e+02	4.305e+02	1.994e+02	3.308e+02	3.113e+02	3.007e+02	3.230e+02	3.327e+02	4.543e+02	3.871e+02	4.739e+02	4.551e+02	5.222e+02	5.150e+02	5.050e+02	5.112e+02	5.108e+02	5.105e+02	4.576e+02	4.180e+02	3.998e+02	4.577e+02	4.524e+02	3.609e+02	3.317e+02	2.729e+02	2.213e+02	1.740e+02	1.282e+02	8.872e+01	7.093e+01	6.692e+01	7.165e+01	8.481e+01	9.168e+01	1.112e+02	9.798e+01	9.821e+01	1.107e+02	1.587e+02	1.998e+02	2.222e+02	2.528e+02	2.809e+02	2.751e+02	3.357e+02	3.214e+02	3.698e+02	3.719e+02	3.682e+02	3.549e+02	3.622e+02	3.908e+02	3.716e+02	
70.200	6.899e+02	6.516e+02	7.197e+02	6.374e+02	6.987e+02	6.314e+02	5.558e+02	5.719e+02	5.908e+02	5.367e+02	5.077e+02	5.705e+02	4.630e+02	4.585e+02	3.924e+02	4.130e+02	3.025e+02	3.133e+02	2.479e+02	2.867e+02	2.588e+02	1.496e+02	1.387e+02	9.989e+01	8.152e+01	6.592e+01	8.030e+01	7.306e+01	7.779e+01	9.056e+01	1.161e+02	1.320e+02	1.457e+02	1.386e+02	1.492e+02	1.096e+02	9.846e+01	1.049e+02	1.007e+02	1.237e+02	1.211e+02	1.534e+02	1.375e+02	1.384e+02	1.756e+02	1.249e+02	1.338e+02	1.999e+02	2.193e+02	3.549e+02	4.486e+02	5.450e+02	5.998e+02	6.237e+02	5.712e+02	7.152e+02	7.197e+02	7.107e+02	8.553e+02	8.144e+02	7.860e+02	7.366e+02	6.839e+02	6.636e+02	6.044e+02	5.692e+02	5.594e+02	4.151e+02	3.618e+02	2.535e+02	1.847e+02	1.378e+02	1.067e+02	9.703e+01	9.777e+01	8.801e+01	9.290e+01	1.055e+02	1.348e+02	1.287e+02	1.383e+02	1.332e+02	1.446e+02	1.406e+02	1.748e+02	2.124e+02	2.962e+02	3.297e+02	4.143e+02	3.944e+02	5.005e+02	4.896e+02	5.181e+02	4.478e+02	5.515e+02	5.228e+02	5.382e+02	6.282e+02	6.057e+02	5.806e+02	
73.800	6.631e+02	6.883e+02	7.475e+02	6.596e+02	7.079e+02	6.671e+02	6.078e+02	4.899e+02	4.639e+02	5.332e+02	5.168e+02	4.861e+02	5.970e+02	4.753e+02	4.644e+02	4.812e+02	5.063e+02	4.574e+02	3.707e+02	2.993e+02	2.479e+02	2.773e+02	2.538e+02	1.675e+02	1.479e+02	1.200e+02	7.867e+01	8.785e+01	8.626e+01	1.419e+02	1.120e+02	1.369e+02	1.722e+02	1.507e+02	1.469e+02	1.763e+02	1.363e+02	1.374e+02	1.477e+02	1.297e+02	1.339e+02	1.559e+02	1.637e+02	1.489e+02	1.789e+02	1.609e+02	1.324e+02	1.029e+02	9.236e+01	1.013e+02	1.185e+02	1.520e+02	1.891e+02	2.014e+02	1.986e+02	2.496e+02	2.583e+02	2.752e+02	2.857e+02	2.778e+02	2.749e+02	2.880e+02	2.809e+02	2.434e+02	2.332e+02	1.958e+02	1.929e+02	1.642e+02	1.407e+02	1.177e+02	1.004e+02	8.815e+01	8.173e+01	8.063e+01	8.387e+01	9.361e+01	1.105e+02	1.250e+02	1.424e+02	1.505e+02	1.983e+02	1.821e+02	1.985e+02	1.811e+02	2.344e+02	2.490e+02	2.682e+02	3.432e+02	4.467e+02	5.387e+02	4.569e+02	5.880e+02	3.838e+02	4.735e+02	5.779e+02	5.081e+02	5.400e+02	6.809e+02	6.110e+02	5.431e+02	
77.400	5.104e+02	5.489e+02	6.574e+02	4.629e+02	4.561e+02	4.911e+02	3.831e+02	3.895e+02	4.087e+02	3.747e+02	3.050e+02	3.286e+02	3.771e+02	3.142e+02	4.524e+02	4.718e+02	4.220e+02	3.753e+02	3.937e+02	3.997e+02	3.595e+02	2.888e+02	2.748e+02	3.622e+02	1.953e+02	1.951e+02	2.171e+02	1.445e+02	1.413e+02	1.960e+02	9.392e+01	1.060e+02	1.126e+02	1.030e+02	1.847e+02	1.732e+02	1.770e+02	2.018e+02	2.361e+02	1.981e+02	3.037e+02	2.373e+02	1.824e+02	2.415e+02	2.772e+02	2.561e+02	1.921e+02	1.501e+02	1.258e+02	9.150e+01	6.960e+01	8.370e+01	7.769e+01	7.326e+01	7.982e+01	8.584e+01	8.716e+01	9.606e+01	9.552e+01	9.134e+01	8.367e+01	8.768e+01	8.875e+01	1.020e+02	1.090e+02	1.063e+02	1.067e+02	1.005e+02	8.581e+01	9.306e+01	9.585e+01	9.030e+01	9.426e+01	9.463e+01	1.186e+02	1.162e+02	1.434e+02	1.524e+02	2.089e+02	2.015e+02	1.938e+02	2.092e+02	2.355e+02	2.166e+02	3.168e+02	2.745e+02	3.404e+02	3.103e+02	3.237e+02	5.090e+02	4.049e+02	3.884e+02	3.763e+02	4.262e+02	3.222e+02	3.648e+02	4.267e+02	4.194e+02	3.538e+02	4.755e+02	
81.000	4.781e+02	3.845e+02	4.138e+02	5.193e+02	4.865e+02	5.128e+02	4.362e+02	4.054e+02	3.261e+02	3.366e+02	3.360e+02	3.534e+02	3.527e+02	3.046e+02	3.785e+02	3.390e+02	4.108e+02	4.137e+02	3.195e+02	4.777e+02	3.325e+02	3.176e+02	2.837e+02	3.514e+02	2.763e+02	2.535e+02	2.512e+02	1.799e+02	1.738e+02	1.660e+02	1.825e+02	1.910e+02	1.245e+02	1.157e+02	1.234e+02	1.008e+02	1.471e+02	9.511e+01	1.061e+02	1.135e+02	1.452e+02	1.349e+02	1.333e+02	1.165e+02	1.131e+02	1.099e+02	1.183e+02	1.025e+02	1.080e+02	1.222e+02	8.762e+01	1.030e+02	9.031e+01	9.683e+01	8.091e+01	7.860e+01	8.312e+01	8.515e+01	1.048e+02	8.965e+01	8.991e+01	7.742e+01	9.433e+01	1.219e+02	1.199e+02	1.246e+02	1.072e+02	1.212e+02	1.153e+02	1.026e+02	1.012e+02	1.175e+02	1.237e+02	1.257e+02	1.402e+02	1.485e+02	1.286e+02	1.636e+02	2.531e+02	2.081e+02	2.260e+02	2.081e+02	4.279e+02	3.131e+02	3.064e+02	3.671e+02	2.742e+02	3.096e+02	3.247e+02	2.912e+02	3.292e+02	3.090e+02	3.584e+02	3.443e+02	3.063e+02	4.617e+02	4.060e+02	4.097e+02	4.508e+02	4.895e+02	
84.600	4.069e+02	3.832e+02	3.808e+02	5.155e+02	3.009e+02	3.367e+02	3.624e+02	3.015e+02	3.255e+02	3.481e+02	3.095e+02	2.764e+02	4.292e+02	3.081e+02	3.920e+02	3.554e+02	4.257e+02	3.363e+02	2.765e+02	4.528e+02	2.866e+02	3.570e+02	4.034e+02	3.702e+02	3.965e+02	3.532e+02	1.938e+02	3.464e+02	3.597e+02	2.233e+02	2.504e+02	2.640e+02	1.714e+02	2.372e+02	1.933e+02	1.914e+02	2.172e+02	1.815e+02	1.514e+02	1.942e+02	1.262e+02	1.530e+02	1.379e+02	9.533e+01	1.129e+02	1.466e+02	1.358e+02	1.761e+02	1.769e+02	1.478e+02	1.474e+02	2.081e+02	1.877e+02	1.452e+02	1.314e+02	1.557e+02	9.918e+01	1.568e+02	1.367e+02	1.269e+02	1.262e+02	1.529e+02	1.189e+02	1.257e+02	1.385e+02	1.461e+02	1.963e+02	1.957e+02	1.437e+02	1.300e+02	2.287e+02	2.257e+02	2.170e+02	2.996e+02	1.685e+02	2.187e+02	2.446e+02	3.032e+02	2.481e+02	2.387e+02	4.008e+02	2.304e+02	2.965e+02	3.514e+02	3.321e+02	2.816e+02	3.337e+02	2.494e+02	2.568e+02	2.919e+02	3.614e+02	3.422e+02	2.896e+02	3.521e+02	3.824e+02	3.793e+02	3.488e+02	3.061e+02	3.534e+02	3.765e+02	
88.200	2.473e+02	1.879e+02	3.974e+02	3.109e+02	2.698e+02	2.668e+02	2.434e+02	2.780e+02	2.889e+02	2.168e+02	3.485e+02	1.289e+02	1.717e+02	3.796e+02	2.323e+02	2.561e+02	2.406e+02	1.887e+02	2.996e+02	1.650e+02	4.052e+02	3.286e+02	2.011e+02	2.756e+02	2.159e+02	2.536e+02	1.055e+02	1.519e+02	3.333e+02	2.879e+02	1.422e+02	1.918e+02	2.929e+02	2.492e+02	1.860e+02	3.281e+02	3.197e+02	2.638e+02	4.777e+02	2.993e+02	1.388e+02	1.358e+02	1.578e+02	2.049e+02	1.756e+02	3.669e+02	2.811e+02	3.427e+02	2.427e+02	1.953e+02	2.616e+02	2.650e+02	2.293e+02	1.078e+02	1.994e+02	1.336e+02	2.518e+02	1.929e+02	3.172e+02	3.572e+02	2.105e+02	1.807e+02	1.694e+02	2.888e+02	2.701e+02	1.381e+02	2.245e+02	2.240e+02	2.550e+02	1.295e+02	2.359e+02	1.424e+02	4.888e+02	1.232e+02	3.740e+02	3.140e+02	2.649e+02	1.863e+02	1.920e+02	2.540e+02	1.848e+02	2.279e+02	2.275e+02	2.776e+02	2.105e+02	3.316e+02	2.139e+02	2.838e+02	2.318e+02	3.960e+02	1.952e+02	2.330e+02	2.730e+02	2.585e+02	1.916e+02	2.335e+02	2.181e+02	2.602e+02	2.636e+02	4.171e+02	
