#
# Electrons precipitation map
# Simulation setup: southward IMF, same Solar wind as Aizawa et al. (2021)
# Simulation code: iPIC3D
# Simulation path: /home/flavorenti/Bureau/data_simu_iPIC3D/Mercury_SaeInit/PR1/minusBz-newbox/texts/
# Output: Mean energy (Ram pressure) pcls per bin, units eV
# Output minimum: 1e-3
# Grid X-Axis (first row): local time [hours] from 0 to 24 with 100 equispaced bins
# Grid Y-Axis (first column): latitude [deg.] from -90 to 90 with 50 equispaced bins
# Signature: Federico Lavorenti
#
nan	0.120	0.360	0.600	0.840	1.080	1.320	1.560	1.800	2.040	2.280	2.520	2.760	3.000	3.240	3.480	3.720	3.960	4.200	4.440	4.680	4.920	5.160	5.400	5.640	5.880	6.120	6.360	6.600	6.840	7.080	7.320	7.560	7.800	8.040	8.280	8.520	8.760	9.000	9.240	9.480	9.720	9.960	10.200	10.440	10.680	10.920	11.160	11.400	11.640	11.880	12.120	12.360	12.600	12.840	13.080	13.320	13.560	13.800	14.040	14.280	14.520	14.760	15.000	15.240	15.480	15.720	15.960	16.200	16.440	16.680	16.920	17.160	17.400	17.640	17.880	18.120	18.360	18.600	18.840	19.080	19.320	19.560	19.800	20.040	20.280	20.520	20.760	21.000	21.240	21.480	21.720	21.960	22.200	22.440	22.680	22.920	23.160	23.400	23.640	23.880	
-88.200	1.234e+02	1.252e+02	1.777e+02	5.745e+01	1.768e+02	nan	nan	1.211e+02	nan	nan	nan	nan	nan	1.237e+02	nan	nan	nan	nan	1.105e+02	nan	1.094e+02	1.383e+02	3.769e+01	nan	1.610e+02	nan	1.298e+02	nan	nan	1.447e+02	nan	nan	nan	7.875e+01	nan	nan	nan	1.032e+02	nan	nan	nan	nan	1.266e+02	1.015e+02	1.656e+02	nan	nan	7.900e+01	1.263e+02	nan	1.444e+02	nan	nan	nan	nan	nan	nan	1.477e+02	nan	nan	nan	4.131e+01	nan	2.611e+02	5.923e+01	nan	nan	nan	nan	nan	1.856e+02	nan	nan	1.212e+02	1.299e+02	1.138e+02	1.336e+02	1.454e+02	1.342e+02	1.365e+02	1.127e+02	1.032e+02	nan	nan	nan	3.438e+01	1.092e+02	1.165e+02	nan	nan	nan	6.660e+01	nan	1.219e+02	nan	nan	6.385e+01	nan	1.826e+02	nan	
-84.600	7.702e+01	nan	4.538e+01	1.137e+02	1.069e+02	nan	nan	1.105e+02	1.069e+02	1.085e+02	1.017e+02	8.693e+01	1.134e+02	nan	nan	1.492e+02	1.300e+02	8.889e+01	1.216e+02	3.548e+01	1.019e+02	3.441e+01	1.143e+02	4.774e+00	nan	nan	nan	nan	nan	1.180e+02	1.222e+02	5.638e+01	1.350e+02	9.449e+01	1.105e+02	1.285e+02	7.951e+01	nan	1.882e+02	1.234e+02	5.486e+01	nan	6.338e+01	9.901e+01	1.031e+02	nan	1.121e+02	4.906e+01	1.020e+02	3.512e+00	1.417e+02	1.075e+02	1.047e+02	1.139e+02	1.582e+02	1.072e+02	5.153e+01	nan	1.184e+02	1.445e+02	nan	1.101e+02	7.960e+01	1.373e+02	6.107e+01	1.155e+02	1.012e+02	nan	6.302e+01	4.576e+01	2.137e+02	1.156e+02	nan	nan	4.615e+01	1.583e+02	7.779e+01	1.133e+02	nan	7.947e+01	1.451e+02	1.275e+02	nan	1.612e+02	1.086e+02	9.004e+01	5.113e+01	5.590e+01	7.996e+01	nan	1.046e+02	7.539e+01	8.834e+01	2.983e+01	1.893e+02	1.515e+02	nan	2.071e+02	1.215e+02	5.764e+01	
-81.000	5.856e+01	6.509e+01	4.468e+01	1.753e+02	1.081e+02	1.023e+02	nan	4.847e+01	9.249e+01	nan	1.071e+02	7.391e+01	1.124e+02	1.477e+02	nan	3.336e+01	1.221e+02	1.700e+02	nan	3.383e+01	1.036e+02	7.689e+01	1.061e+02	2.582e+02	1.113e+02	1.157e+02	1.114e+02	1.264e+02	6.563e+01	1.235e+02	5.516e+01	nan	1.150e+02	1.832e+02	3.817e+01	4.027e+01	1.303e+02	6.654e+01	1.384e+02	6.743e+01	9.937e+01	5.611e+01	7.841e+01	1.345e+02	1.101e+02	8.614e+01	1.195e+02	1.217e+02	5.890e+01	1.171e+02	1.591e+01	7.749e+01	6.627e+01	1.029e+02	4.680e+01	6.154e+01	5.852e+01	2.246e+02	1.569e+02	9.349e+01	nan	4.986e+01	1.567e+02	6.137e+01	3.924e+01	1.240e+02	6.108e+01	1.283e+02	1.217e+02	6.450e+01	9.459e+01	8.366e+01	5.455e+01	8.629e+01	1.287e+02	4.243e+01	6.791e+01	4.828e+01	6.523e+01	5.060e+01	4.838e+01	1.507e+02	5.617e+01	2.633e+02	nan	4.121e+01	7.676e+01	1.332e+02	1.888e+02	5.388e+01	5.807e+01	7.732e+01	9.310e+01	8.184e+01	1.306e+02	8.717e+01	nan	3.073e+01	1.066e+02	nan	
-77.400	9.049e+01	8.023e+01	1.141e+02	9.167e+01	9.804e+01	1.107e+02	1.265e+02	2.272e+01	6.596e+01	5.623e+01	8.265e+01	1.031e+02	1.092e+02	1.580e+02	8.126e+01	1.344e+02	9.552e+01	4.465e+01	9.158e+01	8.676e+01	7.040e+01	4.181e+01	1.688e+02	1.023e+02	1.249e+02	6.749e+01	9.279e+01	1.587e+02	8.701e+01	1.263e+02	1.017e+02	6.949e+01	6.205e+01	1.053e+02	9.676e+01	6.004e+01	1.133e+02	6.122e+01	1.022e+02	1.456e+02	8.948e+01	4.990e+01	8.195e+01	1.508e+02	5.647e+01	9.364e+01	1.024e+02	6.608e+01	3.131e+01	5.070e+01	5.092e+01	6.262e+01	5.246e+01	4.483e+01	9.124e+01	4.901e+01	3.660e+01	1.772e+02	6.931e+01	6.459e+01	1.135e+02	7.755e+01	6.380e+01	6.235e+01	7.790e+01	8.903e+01	7.567e+01	1.435e+01	8.211e+01	1.439e+02	9.459e+01	1.129e+02	6.270e+01	6.495e+01	6.349e+01	1.555e+02	7.834e+01	4.674e+01	2.195e+01	5.673e+01	7.157e+01	4.993e+01	5.997e+01	9.413e+01	1.144e+02	7.131e+01	8.272e+01	5.728e+01	4.619e+01	1.190e+02	1.151e+02	9.665e+01	8.135e+01	1.471e+02	9.102e+01	1.286e+02	1.237e+02	1.496e+02	8.871e+01	9.002e+01	
-73.800	8.591e+01	1.002e+02	9.739e+01	9.813e+01	1.266e+02	1.075e+02	1.143e+02	9.849e+01	1.169e+02	1.104e+02	1.181e+02	8.525e+01	8.296e+01	9.343e+01	1.112e+02	6.196e+01	nan	5.382e+01	7.547e+01	4.578e+01	6.141e+01	1.069e+02	9.747e+01	1.016e+02	1.154e+02	1.171e+02	6.686e+01	3.568e+01	nan	9.892e+01	4.194e+01	1.288e+02	1.576e+02	6.101e+01	8.127e+01	9.560e+01	5.307e+01	9.698e+01	5.050e+01	6.577e+01	5.089e+01	1.004e+02	8.410e+01	4.975e+01	6.213e+01	6.272e+01	4.686e+01	6.344e+01	6.721e+01	5.388e+01	7.347e+01	4.156e+01	2.540e+01	5.552e+01	7.956e+01	6.461e+01	3.994e+01	3.742e+01	6.429e+01	7.310e+01	5.509e+01	4.639e+01	2.186e+01	5.568e+01	1.575e+01	5.266e+01	1.375e+01	3.059e+01	4.746e+01	7.264e+01	8.678e+01	5.543e+01	5.821e+01	5.058e+01	7.947e+01	7.526e+01	5.628e+01	7.713e+01	4.447e+01	6.906e+01	4.834e+01	2.786e+01	4.004e+01	7.285e+01	6.172e+01	5.987e+01	6.541e+01	7.244e+01	5.932e+01	5.923e+01	7.256e+01	6.788e+01	6.541e+01	8.953e+01	4.254e+01	8.424e+01	7.925e+01	1.042e+02	9.468e+01	9.950e+01	
-70.200	1.342e+02	1.595e+02	1.470e+02	1.548e+02	1.420e+02	1.545e+02	1.438e+02	1.388e+02	1.542e+02	1.376e+02	1.422e+02	1.247e+02	1.143e+02	9.032e+01	1.109e+02	8.719e+01	1.037e+02	9.115e+01	7.570e+01	1.182e+02	9.405e+01	6.684e+01	9.038e+01	7.052e+01	8.477e+01	6.938e+01	1.410e+02	1.167e+02	7.336e+01	4.433e+01	1.154e+02	7.395e+01	1.278e+02	5.675e+01	5.145e+01	6.104e+01	5.985e+01	6.263e+01	6.629e+01	4.734e+01	4.396e+01	6.383e+01	4.076e+01	3.016e+01	6.238e+01	5.559e+01	4.548e+01	2.543e+01	4.700e+01	4.624e+01	5.431e+01	3.978e+01	5.232e+01	2.433e+01	4.470e+01	3.600e+01	3.783e+01	4.911e+01	4.201e+01	4.587e+01	2.667e+01	4.928e+01	2.983e+01	6.716e+01	4.202e+01	7.204e+01	5.583e+01	6.017e+01	4.787e+01	5.517e+01	7.392e+01	6.457e+01	2.020e+01	3.244e+01	6.748e+01	5.401e+01	5.262e+01	7.207e+01	5.818e+01	7.221e+01	5.776e+01	9.878e+01	7.394e+01	1.125e+02	7.602e+01	6.323e+01	8.746e+01	8.058e+01	8.350e+01	6.579e+01	5.018e+01	5.643e+01	8.517e+01	8.710e+01	9.042e+01	1.022e+02	1.086e+02	1.069e+02	1.158e+02	1.237e+02	
-66.600	2.781e+02	2.832e+02	2.658e+02	2.748e+02	2.854e+02	2.715e+02	2.641e+02	1.991e+02	1.998e+02	1.715e+02	1.714e+02	1.346e+02	1.225e+02	9.688e+01	9.031e+01	1.187e+02	9.430e+01	8.755e+01	6.764e+01	9.002e+01	1.065e+02	8.104e+01	5.462e+01	7.058e+01	1.032e+02	3.966e+01	5.776e+01	7.788e+01	1.047e+02	7.398e+01	3.894e+01	6.008e+01	4.764e+01	5.983e+01	5.435e+01	4.942e+01	4.296e+01	5.475e+01	5.623e+01	5.073e+01	4.471e+01	4.733e+01	3.626e+01	4.152e+01	4.290e+01	3.351e+01	5.129e+01	3.784e+01	5.682e+01	5.966e+01	5.208e+01	5.100e+01	4.609e+01	4.662e+01	3.310e+01	3.908e+01	4.720e+01	4.210e+01	3.111e+01	4.969e+01	4.879e+01	3.085e+01	4.402e+01	5.375e+01	4.336e+01	5.116e+01	4.167e+01	2.715e+01	4.845e+01	5.843e+01	3.807e+01	4.836e+01	4.985e+01	2.379e+01	8.620e+01	3.762e+01	5.364e+01	3.699e+01	5.216e+01	4.042e+01	1.809e+01	1.400e+02	8.345e+01	1.947e+01	7.666e+01	9.008e+01	7.645e+01	8.923e+01	9.472e+01	9.278e+01	1.081e+02	9.022e+01	8.921e+01	1.124e+02	1.137e+02	1.216e+02	1.563e+02	1.756e+02	2.101e+02	2.337e+02	
-63.000	5.204e+02	5.437e+02	5.023e+02	6.012e+02	5.118e+02	5.275e+02	4.234e+02	3.332e+02	2.793e+02	2.606e+02	2.247e+02	1.629e+02	1.611e+02	1.439e+02	1.198e+02	1.158e+02	9.990e+01	7.593e+01	9.647e+01	1.071e+02	7.980e+01	5.489e+01	8.632e+01	1.763e+02	2.699e+01	1.055e+02	6.136e+01	5.234e+01	4.694e+01	4.187e+01	3.007e+01	4.535e+01	4.864e+01	4.079e+01	4.612e+01	4.185e+01	4.626e+01	4.365e+01	4.705e+01	5.151e+01	6.099e+01	5.744e+01	6.397e+01	7.052e+01	7.218e+01	8.254e+01	7.629e+01	8.430e+01	7.624e+01	5.768e+01	7.845e+01	9.632e+01	6.289e+01	4.565e+01	3.890e+01	4.210e+01	4.168e+01	3.769e+01	4.025e+01	4.309e+01	4.475e+01	4.547e+01	4.939e+01	4.547e+01	3.654e+01	5.104e+01	4.012e+01	5.252e+01	5.195e+01	4.993e+01	2.973e+01	4.441e+01	6.284e+01	4.880e+01	4.513e+01	5.204e+01	4.144e+01	4.977e+01	3.506e+01	5.520e+01	9.175e+01	5.571e+01	6.901e+01	1.150e+02	9.170e+01	8.467e+01	8.613e+01	8.872e+01	8.856e+01	9.297e+01	9.189e+01	1.063e+02	1.051e+02	1.470e+02	1.767e+02	2.547e+02	3.024e+02	3.150e+02	3.530e+02	5.072e+02	
-59.400	7.707e+02	7.110e+02	9.313e+02	8.308e+02	9.279e+02	7.506e+02	5.676e+02	4.992e+02	4.310e+02	3.362e+02	2.501e+02	2.179e+02	1.793e+02	1.598e+02	1.393e+02	1.076e+02	1.026e+02	9.023e+01	5.973e+01	1.025e+02	1.052e+02	8.899e+01	7.389e+01	8.787e+01	7.916e+01	5.305e+01	7.381e+01	3.309e+01	5.538e+01	5.033e+01	5.818e+01	5.136e+01	5.728e+01	4.470e+01	4.271e+01	7.891e+01	7.141e+01	7.556e+01	8.432e+01	7.140e+01	6.256e+01	8.564e+01	7.862e+01	5.543e+01	7.168e+01	6.608e+01	8.629e+01	8.612e+01	9.392e+01	7.587e+01	6.214e+01	7.184e+01	7.536e+01	5.567e+01	3.920e+01	3.815e+01	4.349e+01	4.123e+01	4.478e+01	4.299e+01	5.104e+01	5.069e+01	3.848e+01	5.037e+01	4.560e+01	4.421e+01	3.412e+01	5.121e+01	4.057e+01	4.976e+01	4.467e+01	5.218e+01	3.989e+01	4.568e+01	5.249e+01	6.939e+01	6.850e+01	5.890e+01	7.094e+01	5.756e+01	5.843e+01	1.224e+02	5.240e+01	8.817e+01	7.690e+01	8.059e+01	1.009e+02	9.262e+01	1.088e+02	9.865e+01	1.094e+02	1.296e+02	1.586e+02	1.986e+02	2.893e+02	4.221e+02	4.327e+02	5.568e+02	5.487e+02	7.454e+02	
-55.800	1.100e+03	1.242e+03	1.125e+03	1.105e+03	1.096e+03	9.713e+02	8.330e+02	6.399e+02	6.319e+02	4.562e+02	3.334e+02	2.285e+02	1.788e+02	1.537e+02	1.440e+02	1.289e+02	1.080e+02	1.096e+02	1.170e+02	1.078e+02	1.050e+02	8.613e+01	9.140e+01	1.330e+02	5.804e+01	4.127e+01	5.036e+01	4.198e+01	4.205e+01	3.314e+01	4.610e+01	5.470e+01	7.262e+01	8.020e+01	1.033e+02	1.171e+02	1.010e+02	7.813e+01	7.003e+01	1.691e+02	1.480e+02	2.225e+02	9.831e+01	4.458e+02	1.090e+02	1.571e+02	8.228e+01	1.012e+02	1.125e+02	1.079e+02	1.015e+02	9.706e+01	7.598e+01	6.730e+01	6.264e+01	4.867e+01	5.126e+01	6.485e+01	5.618e+01	6.181e+01	6.672e+01	6.624e+01	5.991e+01	5.936e+01	5.305e+01	5.059e+01	4.398e+01	5.620e+01	4.337e+01	4.672e+01	4.993e+01	5.462e+01	3.670e+01	6.288e+01	6.257e+01	5.590e+01	5.800e+01	6.557e+01	6.170e+01	6.334e+01	5.271e+01	4.351e+01	5.745e+01	7.769e+01	9.062e+01	9.020e+01	8.671e+01	9.325e+01	9.739e+01	1.063e+02	1.241e+02	1.843e+02	2.560e+02	3.311e+02	4.711e+02	5.357e+02	7.255e+02	8.473e+02	8.735e+02	1.085e+03	
-52.200	1.388e+03	1.416e+03	1.404e+03	1.247e+03	1.034e+03	1.067e+03	8.714e+02	7.127e+02	5.852e+02	4.130e+02	3.119e+02	2.274e+02	1.676e+02	1.563e+02	1.239e+02	1.328e+02	8.869e+01	1.007e+02	9.577e+01	7.263e+01	1.013e+02	1.022e+02	5.659e+01	8.118e+01	1.498e+02	3.358e+01	2.421e+01	4.891e+01	2.188e+01	2.420e+01	4.696e+01	6.353e+01	8.609e+01	1.014e+02	1.003e+02	8.510e+01	9.244e+01	1.044e+02	7.232e+01	1.472e+02	1.090e+02	1.140e+02	1.592e+02	1.817e+02	1.261e+02	1.090e+02	1.090e+02	1.199e+02	1.197e+02	1.002e+02	9.453e+01	8.080e+01	9.264e+01	1.160e+02	1.216e+02	1.211e+02	1.267e+02	1.312e+02	1.612e+02	1.932e+02	1.739e+02	1.824e+02	1.666e+02	1.455e+02	1.479e+02	1.085e+02	9.312e+01	7.833e+01	6.522e+01	5.990e+01	4.296e+01	4.600e+01	4.846e+01	5.642e+01	4.683e+01	5.448e+01	4.941e+01	9.447e+01	5.742e+01	7.135e+01	5.292e+01	6.510e+01	6.444e+01	1.490e+02	9.124e+01	9.387e+01	8.456e+01	1.057e+02	1.102e+02	1.320e+02	1.681e+02	2.245e+02	2.964e+02	4.496e+02	5.424e+02	8.801e+02	1.005e+03	1.172e+03	1.195e+03	1.280e+03	
-48.600	1.598e+03	1.575e+03	1.544e+03	1.446e+03	1.301e+03	1.187e+03	9.802e+02	7.950e+02	6.358e+02	4.003e+02	3.206e+02	2.800e+02	2.574e+02	2.218e+02	1.786e+02	1.287e+02	1.039e+02	8.138e+01	6.990e+01	7.660e+01	1.038e+02	nan	8.624e+01	3.882e+01	9.072e+01	7.250e+01	4.646e+01	4.068e+01	1.268e+01	2.137e+01	3.784e+01	8.091e+01	1.066e+02	8.410e+01	8.685e+01	8.249e+01	9.835e+01	1.021e+02	1.106e+02	1.175e+02	1.025e+02	1.184e+02	1.159e+02	1.037e+02	1.121e+02	1.227e+02	1.218e+02	1.280e+02	1.344e+02	1.272e+02	1.342e+02	1.517e+02	2.114e+02	3.139e+02	3.246e+02	3.590e+02	2.909e+02	3.089e+02	4.139e+02	4.293e+02	5.079e+02	4.578e+02	4.704e+02	4.748e+02	4.819e+02	3.230e+02	3.117e+02	2.155e+02	1.693e+02	1.314e+02	1.122e+02	7.491e+01	6.024e+01	5.900e+01	5.478e+01	6.567e+01	4.274e+01	6.169e+01	5.868e+01	6.552e+01	5.960e+01	1.010e+02	8.602e+01	9.883e+01	8.781e+01	1.002e+02	1.101e+02	1.241e+02	1.587e+02	1.777e+02	2.381e+02	2.993e+02	4.549e+02	6.359e+02	7.998e+02	1.115e+03	1.342e+03	1.492e+03	1.552e+03	1.654e+03	
-45.000	1.888e+03	1.803e+03	1.752e+03	1.509e+03	1.397e+03	1.243e+03	1.090e+03	7.977e+02	6.690e+02	5.422e+02	4.429e+02	3.416e+02	3.910e+02	3.727e+02	2.936e+02	1.778e+02	1.632e+02	1.168e+02	7.128e+01	6.191e+01	4.649e+01	7.905e+01	7.498e+01	7.700e+01	9.327e+01	5.251e+01	6.857e+01	1.848e+01	3.403e+01	2.975e+01	2.376e+01	5.476e+01	3.600e+01	5.219e+01	7.728e+01	9.205e+01	9.297e+01	9.749e+01	1.070e+02	9.967e+01	7.850e+01	7.450e+01	8.541e+01	8.799e+01	1.229e+02	1.626e+02	2.420e+02	2.346e+02	2.592e+02	2.975e+02	3.638e+02	2.734e+02	3.934e+02	5.827e+02	6.729e+02	6.513e+02	6.145e+02	6.366e+02	6.869e+02	8.040e+02	9.056e+02	9.121e+02	1.001e+03	9.621e+02	9.534e+02	8.893e+02	8.920e+02	9.036e+02	7.527e+02	5.471e+02	3.644e+02	2.012e+02	1.373e+02	9.699e+01	7.532e+01	6.702e+01	6.503e+01	7.202e+01	7.969e+01	6.348e+01	9.928e+01	7.616e+01	8.642e+01	9.045e+01	9.581e+01	1.176e+02	1.613e+02	1.810e+02	2.262e+02	2.577e+02	3.588e+02	4.919e+02	6.642e+02	9.057e+02	1.082e+03	1.417e+03	1.577e+03	1.643e+03	1.887e+03	1.816e+03	
-41.400	1.697e+03	1.669e+03	1.663e+03	1.545e+03	1.384e+03	1.294e+03	1.043e+03	9.464e+02	7.029e+02	5.800e+02	4.917e+02	5.039e+02	4.233e+02	4.072e+02	4.368e+02	2.908e+02	1.739e+02	1.088e+02	9.435e+01	7.599e+01	6.105e+01	6.591e+01	6.177e+01	7.619e+01	6.148e+01	3.785e+01	2.065e+01	2.458e+01	3.638e+01	3.045e+01	2.358e+01	3.766e+01	5.596e+01	1.014e+02	1.213e+02	1.958e+02	2.184e+02	2.447e+02	1.208e+02	1.245e+02	1.024e+02	9.954e+01	1.378e+02	1.320e+02	2.065e+02	4.266e+02	5.763e+02	6.354e+02	5.063e+02	4.259e+02	5.207e+02	5.302e+02	5.121e+02	7.222e+02	7.971e+02	7.806e+02	8.541e+02	8.483e+02	9.537e+02	9.905e+02	1.175e+03	1.392e+03	1.444e+03	1.425e+03	1.504e+03	1.689e+03	1.608e+03	1.563e+03	1.328e+03	1.085e+03	1.038e+03	7.728e+02	4.749e+02	2.491e+02	1.675e+02	1.257e+02	8.947e+01	8.155e+01	7.697e+01	8.254e+01	8.986e+01	8.949e+01	1.060e+02	1.002e+02	1.240e+02	1.514e+02	1.992e+02	2.690e+02	3.403e+02	3.982e+02	5.293e+02	7.305e+02	8.816e+02	1.228e+03	1.506e+03	1.639e+03	1.779e+03	1.985e+03	1.808e+03	1.943e+03	
-37.800	2.025e+03	1.769e+03	1.857e+03	1.720e+03	1.409e+03	1.254e+03	1.221e+03	9.664e+02	8.309e+02	8.208e+02	6.517e+02	4.966e+02	4.162e+02	4.462e+02	3.046e+02	2.766e+02	2.529e+02	1.810e+02	1.331e+02	1.020e+02	8.371e+01	5.764e+01	6.742e+01	4.545e+01	4.298e+01	6.197e+01	2.813e+01	2.676e+01	4.473e+01	7.439e+01	1.003e+02	1.867e+02	1.838e+02	2.490e+02	2.718e+02	1.681e+02	1.807e+02	1.753e+02	1.517e+02	1.272e+02	1.405e+02	1.721e+02	2.204e+02	2.093e+02	2.811e+02	5.930e+02	6.096e+02	5.940e+02	4.375e+02	5.331e+02	5.947e+02	7.268e+02	4.825e+02	6.786e+02	8.927e+02	9.678e+02	1.017e+03	1.252e+03	1.359e+03	1.417e+03	1.596e+03	1.878e+03	2.112e+03	2.269e+03	2.124e+03	2.436e+03	2.605e+03	2.425e+03	2.185e+03	1.957e+03	1.700e+03	1.477e+03	1.202e+03	8.863e+02	6.135e+02	3.308e+02	1.940e+02	1.454e+02	1.178e+02	9.495e+01	8.830e+01	1.004e+02	1.189e+02	1.370e+02	1.576e+02	2.044e+02	2.779e+02	3.555e+02	4.539e+02	5.266e+02	8.098e+02	1.023e+03	1.194e+03	1.454e+03	1.776e+03	1.616e+03	1.887e+03	1.990e+03	1.933e+03	1.997e+03	
-34.200	1.946e+03	1.819e+03	1.827e+03	1.622e+03	1.414e+03	1.292e+03	1.215e+03	1.142e+03	8.542e+02	1.017e+03	8.957e+02	9.024e+02	6.150e+02	3.780e+02	3.253e+02	3.018e+02	2.857e+02	1.746e+02	1.470e+02	1.265e+02	5.744e+01	5.623e+01	4.794e+01	6.023e+01	1.466e+02	1.904e+02	2.694e+02	2.634e+02	2.443e+02	3.449e+02	4.311e+02	4.584e+02	3.743e+02	2.239e+02	1.368e+02	2.425e+02	3.122e+02	2.367e+02	1.696e+02	1.576e+02	2.053e+02	2.762e+02	3.998e+02	2.895e+02	4.515e+02	6.360e+02	7.077e+02	6.632e+02	6.462e+02	7.889e+02	8.376e+02	8.410e+02	8.470e+02	9.254e+02	1.067e+03	1.378e+03	1.338e+03	1.487e+03	1.745e+03	2.064e+03	2.252e+03	2.371e+03	2.587e+03	2.796e+03	2.958e+03	3.090e+03	3.164e+03	2.923e+03	2.899e+03	2.965e+03	2.607e+03	2.246e+03	1.798e+03	1.430e+03	1.044e+03	8.757e+02	7.793e+02	5.109e+02	2.631e+02	1.759e+02	1.508e+02	1.314e+02	1.610e+02	2.429e+02	3.070e+02	3.660e+02	4.484e+02	5.516e+02	6.999e+02	8.898e+02	1.008e+03	1.285e+03	1.762e+03	1.881e+03	2.212e+03	1.995e+03	2.257e+03	1.788e+03	1.970e+03	1.854e+03	
-30.600	2.087e+03	1.934e+03	1.857e+03	1.595e+03	1.304e+03	1.306e+03	1.230e+03	1.111e+03	9.702e+02	9.531e+02	1.067e+03	8.067e+02	9.087e+02	1.092e+03	8.465e+02	4.167e+02	2.171e+02	1.122e+02	1.015e+02	7.897e+01	5.771e+01	5.771e+01	1.115e+02	2.166e+02	2.181e+02	2.678e+02	2.340e+02	2.302e+02	2.328e+02	2.554e+02	2.214e+02	2.748e+02	3.320e+02	2.483e+02	2.273e+02	3.373e+02	2.465e+02	2.519e+02	2.386e+02	2.139e+02	2.790e+02	5.340e+02	6.437e+02	7.190e+02	8.504e+02	8.838e+02	8.311e+02	7.144e+02	7.836e+02	1.097e+03	1.012e+03	8.957e+02	9.507e+02	1.282e+03	1.532e+03	1.931e+03	2.146e+03	2.002e+03	1.752e+03	2.426e+03	2.529e+03	2.661e+03	2.712e+03	2.861e+03	2.886e+03	2.779e+03	3.059e+03	3.147e+03	2.906e+03	3.221e+03	3.296e+03	3.096e+03	2.596e+03	2.309e+03	1.666e+03	1.287e+03	1.507e+03	1.567e+03	1.121e+03	6.690e+02	4.834e+02	3.356e+02	3.348e+02	4.762e+02	5.619e+02	6.609e+02	7.288e+02	8.145e+02	9.676e+02	1.158e+03	1.244e+03	1.559e+03	1.722e+03	1.955e+03	2.151e+03	2.092e+03	1.883e+03	1.840e+03	2.045e+03	1.732e+03	
-27.000	1.875e+03	1.696e+03	1.606e+03	1.297e+03	1.142e+03	1.231e+03	1.177e+03	7.953e+02	9.260e+02	1.004e+03	1.129e+03	1.139e+03	8.795e+02	8.375e+02	6.122e+02	2.513e+02	1.857e+02	1.023e+02	7.293e+01	2.458e+01	5.944e+01	1.574e+02	3.773e+02	2.188e+02	2.616e+02	2.316e+02	1.922e+02	2.029e+02	2.255e+02	2.271e+02	2.587e+02	3.048e+02	3.223e+02	3.072e+02	3.992e+02	3.235e+02	3.649e+02	1.962e+02	2.240e+02	3.586e+02	7.465e+02	7.946e+02	1.079e+03	1.087e+03	1.050e+03	1.165e+03	1.164e+03	9.136e+02	1.123e+03	1.320e+03	1.093e+03	1.142e+03	1.033e+02	1.562e+03	2.258e+03	2.009e+03	2.559e+03	2.477e+03	2.180e+03	1.989e+03	2.145e+03	2.481e+03	2.193e+03	2.106e+03	1.846e+03	2.143e+03	2.312e+03	2.055e+03	2.532e+03	3.046e+03	3.149e+03	3.073e+03	3.248e+03	3.013e+03	2.606e+03	2.043e+03	1.940e+03	1.901e+03	1.897e+03	1.760e+03	1.326e+03	1.035e+03	7.950e+02	8.344e+02	9.212e+02	1.008e+03	1.222e+03	1.296e+03	1.452e+03	1.463e+03	1.509e+03	1.678e+03	1.694e+03	1.912e+03	1.786e+03	1.913e+03	1.914e+03	1.849e+03	1.674e+03	1.835e+03	
-23.400	1.904e+03	1.419e+03	1.081e+03	7.979e+02	7.865e+02	9.109e+02	9.250e+02	7.626e+02	7.257e+02	8.328e+02	1.064e+03	7.612e+02	5.256e+02	3.382e+02	2.077e+02	1.301e+02	9.493e+01	6.800e+01	1.095e+02	1.687e+02	3.705e+02	3.718e+02	3.120e+02	2.905e+02	2.443e+02	1.852e+02	1.920e+02	1.993e+02	2.067e+02	2.252e+02	2.663e+02	2.868e+02	2.259e+02	2.107e+02	1.818e+02	3.369e+02	1.237e+02	1.854e+02	7.174e+02	5.132e+02	4.357e+02	9.988e+02	9.887e+02	1.345e+03	1.378e+03	1.293e+03	1.305e+03	1.296e+03	1.252e+03	1.173e+03	1.170e+03	7.274e+02	9.426e+02	6.108e+02	1.239e+03	1.503e+03	2.745e+03	2.069e+03	1.499e+03	1.358e+03	1.740e+03	1.816e+03	2.162e+03	3.423e+03	2.760e+03	nan	nan	nan	1.947e+03	1.679e+03	2.615e+03	2.482e+03	2.610e+03	3.152e+03	3.159e+03	2.872e+03	2.718e+03	2.501e+03	2.142e+03	2.066e+03	1.942e+03	1.868e+03	1.749e+03	1.408e+03	1.267e+03	1.512e+03	1.527e+03	1.751e+03	1.820e+03	1.657e+03	1.552e+03	1.594e+03	1.492e+03	1.485e+03	1.812e+03	1.543e+03	1.666e+03	1.561e+03	1.481e+03	1.750e+03	
-19.800	1.189e+03	9.532e+02	6.344e+02	7.312e+02	7.155e+02	7.886e+02	6.708e+02	5.431e+02	5.102e+02	4.595e+02	4.745e+02	4.138e+02	3.019e+02	1.789e+02	2.020e+02	2.339e+02	3.109e+02	4.246e+02	5.049e+02	5.067e+02	4.623e+02	3.967e+02	2.911e+02	2.130e+02	1.883e+02	1.745e+02	1.864e+02	2.026e+02	2.252e+02	2.356e+02	2.428e+02	3.890e+02	3.982e+02	3.504e+02	2.708e+02	3.079e+02	1.321e+02	1.736e+02	1.131e+03	6.325e+02	7.097e+02	1.031e+03	7.785e+02	1.077e+03	3.234e+02	1.547e+02	1.640e+03	2.078e+03	5.504e+02	9.942e+02	1.207e+03	1.508e+03	4.969e+02	1.599e+03	1.460e+03	2.791e+03	1.424e+03	1.867e+03	1.879e+03	1.002e+03	2.122e+03	8.765e+02	nan	nan	nan	nan	3.357e+03	nan	nan	nan	nan	nan	2.070e+03	2.321e+03	2.713e+03	3.013e+03	3.050e+03	2.972e+03	2.600e+03	2.281e+03	1.994e+03	1.658e+03	1.720e+03	1.537e+03	1.519e+03	1.727e+03	1.840e+03	1.911e+03	2.005e+03	1.798e+03	1.511e+03	1.318e+03	1.103e+03	1.179e+03	1.178e+03	1.091e+03	1.030e+03	1.140e+03	1.116e+03	1.101e+03	
-16.200	1.077e+03	7.339e+02	6.093e+02	7.019e+02	5.692e+02	6.553e+02	7.684e+02	6.665e+02	6.703e+02	6.892e+02	6.074e+02	7.501e+02	7.757e+02	7.478e+02	5.201e+02	5.116e+02	5.158e+02	4.993e+02	4.412e+02	4.287e+02	3.659e+02	2.924e+02	2.467e+02	1.990e+02	1.851e+02	1.802e+02	1.838e+02	1.909e+02	2.444e+02	2.493e+02	2.680e+02	3.785e+02	4.718e+02	2.352e+02	2.400e+02	3.180e+02	1.413e+02	1.711e+02	1.994e+02	2.557e+02	5.437e+02	1.166e+03	4.279e+02	8.001e+02	3.839e+02	5.903e+02	2.130e+03	2.333e+03	5.537e+02	6.365e+02	6.897e+02	8.633e+02	6.515e+02	1.040e+03	nan	nan	2.212e+03	5.222e+02	9.146e+02	2.393e+03	nan	nan	nan	nan	nan	nan	nan	nan	nan	nan	nan	nan	nan	1.292e+03	3.547e+03	1.795e+03	2.797e+03	2.618e+03	2.804e+03	2.626e+03	2.386e+03	1.989e+03	1.694e+03	1.375e+03	1.075e+03	1.246e+03	1.257e+03	1.371e+03	1.565e+03	1.477e+03	1.232e+03	1.127e+03	1.041e+03	1.061e+03	8.488e+02	8.394e+02	6.063e+02	5.658e+02	8.602e+02	8.661e+02	
-12.600	7.163e+02	6.628e+02	6.581e+02	8.253e+02	5.796e+02	9.132e+02	7.707e+02	1.122e+03	7.332e+02	7.723e+02	8.385e+02	6.412e+02	5.894e+02	5.629e+02	5.009e+02	4.225e+02	3.693e+02	3.272e+02	3.155e+02	2.879e+02	2.904e+02	2.751e+02	2.374e+02	2.181e+02	2.085e+02	2.016e+02	2.150e+02	2.179e+02	2.373e+02	2.575e+02	3.108e+02	4.227e+02	5.627e+02	2.855e+02	3.206e+02	3.788e+02	2.508e+02	1.371e+02	2.098e+02	2.085e+02	5.787e+02	1.212e+03	2.383e+03	6.104e+02	nan	1.182e+03	2.450e+03	1.925e+03	5.297e+02	5.516e+02	6.481e+02	7.207e+02	1.013e+03	nan	nan	nan	nan	nan	nan	nan	nan	nan	nan	nan	nan	nan	nan	nan	nan	nan	nan	nan	nan	nan	nan	nan	9.310e+02	1.632e+03	1.955e+03	2.123e+03	2.101e+03	1.860e+03	1.685e+03	1.504e+03	1.223e+03	1.017e+03	9.359e+02	8.512e+02	8.531e+02	8.546e+02	8.162e+02	8.303e+02	1.019e+03	8.615e+02	6.238e+02	6.077e+02	5.626e+02	5.611e+02	6.001e+02	5.996e+02	
-9.000	4.992e+02	4.800e+02	5.229e+02	5.679e+02	5.680e+02	5.499e+02	4.752e+02	6.731e+02	6.329e+02	6.095e+02	4.809e+02	4.035e+02	4.321e+02	3.688e+02	3.355e+02	3.313e+02	3.243e+02	3.243e+02	2.998e+02	2.995e+02	3.231e+02	2.733e+02	2.520e+02	2.221e+02	2.250e+02	2.081e+02	2.044e+02	2.055e+02	2.245e+02	2.805e+02	3.560e+02	4.570e+02	9.320e+02	3.633e+02	2.825e+02	1.315e+02	1.801e+02	1.266e+03	1.246e+03	nan	nan	1.111e+03	2.061e+03	1.207e+03	nan	2.801e+03	1.731e+03	3.363e+02	3.889e+02	5.185e+02	6.487e+02	7.700e+02	nan	nan	nan	nan	nan	nan	nan	nan	nan	nan	nan	nan	nan	nan	nan	nan	nan	nan	nan	nan	nan	nan	nan	nan	nan	nan	nan	9.437e+01	8.882e+02	1.405e+03	1.522e+03	1.312e+03	1.098e+03	1.023e+03	8.657e+02	8.195e+02	7.123e+02	7.705e+02	6.903e+02	7.308e+02	7.005e+02	6.178e+02	5.533e+02	5.556e+02	5.184e+02	5.242e+02	5.555e+02	5.461e+02	
-5.400	5.526e+02	5.927e+02	6.438e+02	5.453e+02	5.146e+02	4.295e+02	5.534e+02	5.692e+02	5.504e+02	4.395e+02	4.111e+02	3.813e+02	3.503e+02	3.228e+02	3.322e+02	3.519e+02	3.434e+02	3.573e+02	3.648e+02	3.556e+02	3.469e+02	3.366e+02	2.911e+02	2.416e+02	2.000e+02	1.993e+02	2.056e+02	2.222e+02	2.553e+02	3.053e+02	4.151e+02	5.762e+02	3.288e+02	2.293e+02	3.270e+02	5.458e+02	2.486e+02	nan	nan	nan	9.030e+02	nan	7.808e+02	nan	3.054e+03	3.084e+03	nan	2.251e+02	4.402e+02	6.148e+02	5.204e+02	4.867e+02	nan	nan	nan	nan	nan	nan	nan	nan	nan	nan	nan	nan	nan	nan	nan	nan	nan	nan	nan	nan	nan	nan	nan	nan	nan	nan	nan	nan	nan	1.040e+03	8.757e+02	9.106e+02	1.066e+03	9.691e+02	8.436e+02	7.306e+02	6.839e+02	6.629e+02	7.258e+02	7.291e+02	7.325e+02	6.967e+02	6.953e+02	6.713e+02	6.085e+02	5.866e+02	5.465e+02	5.486e+02	
-1.800	6.316e+02	8.001e+02	7.526e+02	6.498e+02	5.697e+02	5.977e+02	6.008e+02	5.863e+02	5.373e+02	4.439e+02	3.951e+02	3.948e+02	3.719e+02	3.812e+02	4.212e+02	4.088e+02	4.261e+02	4.287e+02	4.218e+02	4.211e+02	4.802e+02	4.148e+02	2.909e+02	2.479e+02	2.862e+02	2.918e+02	3.218e+02	3.446e+02	3.438e+02	3.673e+02	5.036e+02	7.859e+02	6.578e+02	4.563e+02	1.526e+02	nan	8.855e+02	1.899e+02	2.328e+02	nan	3.807e+03	nan	3.476e+03	nan	nan	7.649e+02	nan	1.824e+02	4.588e+01	4.934e+02	4.729e+02	5.101e+02	nan	nan	nan	nan	nan	nan	nan	nan	nan	nan	nan	nan	nan	nan	nan	nan	nan	nan	nan	nan	nan	nan	nan	nan	nan	nan	nan	nan	nan	nan	3.431e+02	1.212e+02	7.874e+02	6.971e+02	8.926e+02	9.419e+02	8.244e+02	8.928e+02	8.319e+02	7.613e+02	7.669e+02	6.792e+02	6.898e+02	6.859e+02	6.205e+02	6.184e+02	5.722e+02	5.921e+02	
1.800	8.677e+02	8.201e+02	7.978e+02	7.586e+02	7.323e+02	6.864e+02	7.041e+02	6.308e+02	5.398e+02	4.722e+02	4.831e+02	5.153e+02	5.852e+02	5.306e+02	5.357e+02	5.363e+02	4.984e+02	4.904e+02	5.009e+02	5.430e+02	5.231e+02	4.483e+02	4.593e+02	4.420e+02	5.815e+02	4.852e+02	5.250e+02	5.646e+02	4.237e+02	4.649e+02	7.644e+02	6.084e+02	5.441e+02	nan	nan	4.884e+02	nan	nan	1.020e+03	nan	3.983e+03	nan	nan	3.428e+03	nan	nan	nan	nan	2.083e+02	1.607e+03	1.021e+03	nan	nan	nan	nan	nan	nan	nan	nan	nan	nan	nan	nan	nan	nan	nan	nan	nan	nan	nan	nan	nan	nan	nan	nan	nan	nan	nan	nan	nan	nan	nan	nan	nan	nan	9.077e+02	3.638e+02	8.367e+02	1.105e+03	1.039e+03	1.007e+03	8.657e+02	8.866e+02	8.608e+02	8.565e+02	9.775e+02	8.480e+02	7.679e+02	7.463e+02	7.613e+02	
5.400	9.862e+02	1.018e+03	9.963e+02	1.025e+03	9.839e+02	8.927e+02	8.421e+02	7.007e+02	5.903e+02	6.132e+02	7.265e+02	6.907e+02	6.719e+02	6.663e+02	6.648e+02	6.365e+02	5.991e+02	5.995e+02	6.049e+02	6.525e+02	7.381e+02	1.041e+03	1.229e+03	1.125e+03	1.169e+03	1.208e+03	9.032e+02	6.086e+02	4.352e+02	8.315e+02	7.363e+02	4.157e+02	6.479e+02	1.208e+03	7.298e+02	1.310e+03	1.078e+03	9.499e+02	nan	3.750e+03	nan	nan	nan	nan	2.149e+03	7.164e+02	nan	2.720e+02	nan	nan	nan	nan	nan	nan	nan	nan	nan	nan	nan	nan	1.560e+03	nan	nan	nan	nan	nan	nan	nan	nan	nan	nan	nan	nan	nan	nan	nan	nan	nan	nan	nan	nan	nan	nan	nan	nan	2.755e+03	6.101e+02	1.259e+03	8.281e+02	1.092e+03	1.231e+03	8.056e+02	8.461e+02	1.476e+03	9.108e+02	1.407e+03	1.146e+03	8.444e+02	9.101e+02	9.087e+02	
9.000	1.152e+03	1.117e+03	1.006e+03	8.883e+02	8.799e+02	8.663e+02	8.494e+02	8.169e+02	8.244e+02	7.789e+02	7.706e+02	8.186e+02	7.500e+02	7.872e+02	7.709e+02	7.816e+02	7.208e+02	7.198e+02	7.738e+02	1.116e+03	1.021e+03	7.646e+02	1.210e+03	nan	2.381e+02	8.964e+02	1.633e+03	1.743e+03	9.766e+02	6.155e+02	4.781e+02	5.799e+02	5.395e+02	1.676e+03	nan	9.844e+02	nan	nan	1.544e+03	nan	2.483e+02	nan	nan	9.908e+02	8.833e+02	1.888e+02	nan	4.553e+02	nan	nan	nan	nan	nan	nan	nan	nan	nan	nan	nan	nan	nan	nan	nan	nan	nan	nan	nan	nan	nan	nan	nan	nan	nan	nan	nan	nan	nan	nan	nan	nan	nan	nan	nan	nan	nan	nan	nan	nan	nan	5.094e+02	4.379e+02	4.593e+02	7.388e+02	8.606e+02	2.245e+03	1.197e+02	2.887e+03	1.413e+03	1.029e+03	1.301e+03	
12.600	1.295e+03	1.393e+03	1.224e+03	9.480e+02	9.229e+02	1.045e+03	1.004e+03	1.048e+03	9.782e+02	9.143e+02	9.262e+02	8.477e+02	8.009e+02	8.939e+02	8.404e+02	7.857e+02	7.291e+02	6.823e+02	8.754e+02	1.185e+03	8.069e+02	6.063e+02	nan	nan	4.008e+02	9.914e+02	1.621e+03	3.091e+02	1.016e+03	6.035e+02	4.888e+02	5.702e+02	5.321e+02	6.851e+02	1.380e+03	1.974e+03	nan	nan	3.992e+02	nan	nan	nan	nan	nan	nan	nan	nan	nan	nan	nan	nan	nan	nan	nan	nan	nan	nan	nan	nan	nan	nan	nan	nan	nan	nan	nan	nan	nan	nan	nan	nan	nan	nan	nan	nan	nan	nan	nan	nan	nan	nan	nan	nan	nan	nan	nan	nan	nan	nan	1.157e+03	2.787e+03	2.465e+03	nan	nan	1.281e+03	nan	nan	1.526e+03	6.029e+02	5.188e+02	
16.200	8.444e+02	1.290e+03	1.160e+03	8.787e+02	9.251e+02	9.675e+02	9.166e+02	9.853e+02	9.341e+02	9.609e+02	6.931e+02	5.771e+02	7.158e+02	8.136e+02	7.773e+02	8.101e+02	7.543e+02	5.738e+02	6.183e+02	9.750e+02	1.619e+02	nan	nan	nan	1.780e+03	nan	4.906e+02	8.201e+02	7.654e+02	5.145e+02	7.701e+02	7.953e+02	1.536e+02	1.156e+03	1.053e+03	nan	nan	nan	nan	1.946e+03	nan	nan	nan	nan	nan	nan	nan	nan	nan	nan	nan	nan	nan	nan	nan	nan	nan	nan	nan	nan	nan	nan	nan	nan	nan	nan	nan	nan	nan	nan	nan	nan	nan	nan	nan	nan	nan	nan	nan	nan	nan	nan	nan	nan	nan	nan	nan	nan	nan	nan	nan	nan	1.962e+03	2.291e+03	nan	nan	nan	nan	3.392e+02	nan	
19.800	6.819e+02	8.610e+02	6.875e+02	5.770e+02	6.470e+02	7.935e+02	7.933e+02	7.819e+02	7.308e+02	5.333e+02	4.747e+02	4.999e+02	5.334e+02	5.489e+02	5.004e+02	5.345e+02	5.159e+02	5.474e+02	4.165e+02	5.331e+02	6.314e+02	2.550e+03	nan	nan	1.110e+03	nan	nan	nan	6.439e+02	6.115e+02	7.607e+02	4.886e+02	1.418e+02	nan	nan	nan	nan	nan	1.026e+03	6.044e+02	5.213e+02	3.527e+03	nan	nan	nan	nan	nan	nan	nan	nan	nan	nan	nan	nan	nan	nan	nan	nan	nan	nan	nan	nan	nan	nan	nan	nan	nan	nan	nan	nan	nan	nan	nan	nan	nan	nan	nan	nan	nan	nan	nan	nan	nan	nan	nan	nan	nan	nan	nan	nan	1.744e+03	nan	9.564e+01	2.913e+03	nan	2.764e+03	2.078e+03	1.152e+03	1.209e+03	6.168e+02	
23.400	6.163e+02	8.530e+02	5.910e+02	5.364e+02	6.008e+02	5.799e+02	5.340e+02	5.183e+02	5.191e+02	4.629e+02	4.242e+02	4.135e+02	4.521e+02	4.256e+02	4.138e+02	3.824e+02	3.990e+02	3.862e+02	3.550e+02	5.518e+02	3.124e+02	7.038e+02	1.085e+03	2.961e+02	1.425e+03	nan	nan	nan	4.226e+02	5.364e+02	5.938e+02	2.784e+02	4.417e+02	1.485e+03	nan	1.421e+03	nan	nan	nan	2.565e+03	nan	nan	1.042e+03	nan	nan	nan	nan	nan	nan	nan	nan	nan	nan	nan	nan	nan	nan	nan	nan	nan	nan	nan	nan	nan	nan	nan	nan	nan	nan	nan	nan	nan	nan	nan	nan	nan	nan	nan	nan	nan	nan	nan	nan	nan	nan	nan	nan	nan	8.138e+02	1.191e+03	1.448e+03	1.112e+03	9.151e+02	6.060e+02	nan	9.507e+02	6.273e+02	4.817e+02	4.075e+02	5.995e+02	
27.000	6.769e+02	6.823e+02	6.255e+02	6.774e+02	7.009e+02	7.516e+02	7.015e+02	4.856e+02	4.469e+02	4.186e+02	3.716e+02	3.759e+02	3.913e+02	3.962e+02	3.886e+02	3.439e+02	3.440e+02	3.222e+02	3.357e+02	2.936e+02	3.322e+02	3.334e+02	5.620e+02	4.806e+02	1.015e+03	nan	nan	3.967e+02	6.276e+02	8.683e+02	6.278e+02	4.048e+02	4.504e+02	1.122e+03	6.982e+02	5.536e+02	3.738e+02	nan	nan	nan	nan	nan	nan	nan	nan	nan	nan	nan	nan	nan	nan	nan	nan	nan	nan	nan	nan	nan	nan	nan	nan	nan	nan	nan	nan	nan	nan	nan	nan	nan	nan	nan	nan	nan	nan	nan	nan	nan	nan	nan	nan	nan	nan	nan	nan	nan	nan	1.516e+03	1.191e+03	1.351e+03	1.416e+03	1.329e+03	1.346e+03	1.142e+03	6.793e+02	5.045e+02	5.012e+02	5.060e+02	5.946e+02	6.018e+02	
30.600	6.859e+02	7.112e+02	6.665e+02	6.087e+02	5.880e+02	6.202e+02	6.509e+02	5.984e+02	4.951e+02	4.407e+02	4.045e+02	3.884e+02	3.777e+02	3.965e+02	3.884e+02	3.813e+02	3.851e+02	3.454e+02	3.145e+02	2.729e+02	2.638e+02	2.490e+02	2.654e+02	3.426e+02	4.229e+02	4.664e+02	4.473e+02	5.912e+02	5.294e+02	7.151e+02	7.004e+02	6.336e+02	6.441e+02	8.313e+02	8.132e+02	nan	1.293e+03	nan	nan	nan	nan	nan	nan	nan	nan	nan	nan	nan	nan	nan	nan	nan	nan	nan	nan	nan	nan	nan	nan	nan	nan	nan	nan	nan	nan	nan	nan	nan	nan	nan	nan	nan	nan	nan	nan	nan	nan	nan	nan	nan	nan	nan	nan	nan	nan	5.849e+02	9.000e+02	9.899e+02	1.038e+03	1.023e+03	1.001e+03	9.762e+02	8.267e+02	7.430e+02	7.573e+02	6.869e+02	7.079e+02	6.214e+02	6.331e+02	6.469e+02	
34.200	8.827e+02	9.368e+02	9.626e+02	7.889e+02	7.601e+02	7.963e+02	8.031e+02	6.876e+02	5.705e+02	5.059e+02	4.720e+02	4.113e+02	4.270e+02	4.294e+02	4.551e+02	4.259e+02	4.182e+02	4.117e+02	3.749e+02	3.394e+02	2.816e+02	2.443e+02	2.321e+02	2.207e+02	2.495e+02	2.801e+02	3.138e+02	3.582e+02	3.925e+02	4.415e+02	7.470e+02	6.502e+02	7.511e+02	1.252e+03	1.386e+03	6.951e+02	2.104e+02	4.066e+02	nan	nan	nan	nan	nan	nan	nan	nan	nan	nan	nan	nan	nan	nan	nan	nan	nan	nan	nan	nan	nan	nan	nan	nan	nan	nan	nan	nan	nan	nan	nan	nan	nan	nan	nan	nan	nan	nan	nan	nan	nan	nan	nan	nan	8.973e+02	8.511e+02	8.708e+02	8.785e+02	8.957e+02	9.670e+02	1.031e+03	1.035e+03	1.018e+03	9.299e+02	1.018e+03	9.902e+02	1.026e+03	9.201e+02	8.534e+02	8.366e+02	7.949e+02	8.364e+02	
37.800	1.275e+03	1.405e+03	1.405e+03	1.058e+03	8.726e+02	8.795e+02	8.436e+02	8.895e+02	7.203e+02	6.383e+02	5.909e+02	5.344e+02	5.297e+02	5.165e+02	5.503e+02	5.150e+02	5.011e+02	4.795e+02	4.686e+02	4.150e+02	3.317e+02	2.839e+02	2.553e+02	2.355e+02	2.441e+02	2.584e+02	2.962e+02	3.344e+02	3.642e+02	3.952e+02	5.527e+02	8.597e+02	8.278e+02	1.124e+03	3.372e+02	5.239e+02	2.666e+02	6.440e+02	nan	nan	nan	nan	nan	nan	nan	nan	nan	nan	nan	1.699e+03	1.501e+03	nan	nan	nan	nan	nan	nan	nan	nan	nan	nan	nan	nan	nan	nan	nan	nan	nan	nan	nan	nan	nan	nan	nan	nan	nan	nan	nan	nan	nan	1.018e+03	1.438e+03	1.387e+03	1.315e+03	1.224e+03	1.198e+03	1.232e+03	1.207e+03	1.291e+03	1.325e+03	1.325e+03	1.219e+03	1.261e+03	1.303e+03	1.289e+03	1.275e+03	1.241e+03	1.133e+03	1.124e+03	1.179e+03	
41.400	1.671e+03	1.207e+03	1.869e+03	1.443e+03	1.253e+03	1.047e+03	1.143e+03	8.666e+02	7.600e+02	8.499e+02	7.356e+02	6.765e+02	6.739e+02	6.932e+02	6.853e+02	6.536e+02	5.785e+02	5.315e+02	4.817e+02	4.279e+02	3.960e+02	3.529e+02	3.464e+02	3.105e+02	3.077e+02	3.150e+02	3.282e+02	3.300e+02	3.393e+02	3.442e+02	4.297e+02	6.568e+02	1.250e+03	1.403e+03	1.289e+03	5.959e+02	5.196e+02	7.549e+02	nan	nan	nan	nan	nan	nan	nan	nan	nan	9.128e+02	7.128e+02	8.347e+02	1.234e+03	nan	nan	nan	nan	nan	nan	nan	nan	nan	nan	nan	nan	nan	nan	nan	nan	nan	nan	nan	nan	nan	nan	nan	nan	nan	nan	1.859e+03	2.553e+03	2.567e+03	2.580e+03	2.565e+03	2.409e+03	2.129e+03	2.081e+03	2.110e+03	1.911e+03	1.811e+03	1.900e+03	1.833e+03	1.854e+03	1.798e+03	1.801e+03	1.840e+03	1.840e+03	1.726e+03	1.768e+03	1.715e+03	1.695e+03	1.668e+03	
45.000	1.778e+03	1.464e+03	1.823e+03	2.193e+03	1.355e+03	1.461e+03	9.614e+02	9.650e+02	8.024e+02	1.015e+03	8.614e+02	1.045e+03	1.048e+03	9.548e+02	8.849e+02	8.378e+02	5.525e+02	4.576e+02	3.665e+02	3.589e+02	3.105e+02	3.103e+02	3.014e+02	2.782e+02	2.771e+02	2.521e+02	2.697e+02	2.766e+02	2.913e+02	2.840e+02	3.405e+02	5.774e+02	1.417e+03	1.613e+03	1.312e+03	8.294e+02	6.749e+02	1.018e+03	1.281e+03	nan	1.696e+03	1.393e+03	nan	nan	nan	nan	2.768e+03	8.500e+02	9.061e+02	1.165e+03	1.714e+03	1.500e+03	5.967e+02	nan	nan	nan	nan	nan	nan	nan	nan	nan	nan	nan	nan	nan	nan	nan	nan	nan	nan	nan	nan	nan	3.105e+03	3.016e+03	3.186e+03	3.149e+03	3.219e+03	3.244e+03	3.359e+03	3.427e+03	3.366e+03	3.289e+03	3.197e+03	3.174e+03	3.057e+03	2.929e+03	2.891e+03	3.110e+03	3.044e+03	2.973e+03	2.978e+03	2.765e+03	2.609e+03	2.298e+03	2.241e+03	2.065e+03	2.258e+03	2.054e+03	
48.600	1.057e+03	6.214e+02	1.414e+03	1.298e+03	1.744e+03	9.668e+02	1.844e+03	1.244e+03	1.250e+03	1.355e+03	1.387e+03	1.437e+03	1.502e+03	1.346e+03	1.002e+03	7.352e+02	6.384e+02	3.698e+02	3.108e+02	2.559e+02	3.392e+02	2.993e+02	3.201e+02	2.474e+02	2.207e+02	2.178e+02	2.288e+02	2.262e+02	2.479e+02	2.593e+02	2.887e+02	5.250e+02	1.408e+03	1.775e+03	1.869e+03	1.258e+03	1.178e+03	1.311e+03	1.999e+03	3.031e+03	1.308e+03	2.331e+03	2.541e+03	nan	nan	nan	2.667e+03	2.414e+03	1.275e+03	1.273e+03	1.459e+03	1.971e+03	1.253e+03	nan	nan	nan	2.874e+03	2.450e+03	1.543e+03	1.516e+03	2.428e+03	nan	nan	nan	nan	nan	nan	nan	nan	nan	nan	3.461e+03	3.000e+03	3.196e+03	3.278e+03	3.172e+03	3.972e+03	3.852e+03	nan	nan	nan	nan	3.980e+03	3.719e+03	3.618e+03	3.505e+03	3.495e+03	3.569e+03	3.465e+03	3.489e+03	3.451e+03	3.352e+03	3.315e+03	3.010e+03	2.814e+03	2.249e+03	2.286e+03	2.477e+03	1.796e+03	1.694e+03	
52.200	1.593e+03	1.664e+03	1.743e+03	2.236e+03	2.276e+03	1.928e+03	2.182e+03	1.756e+03	2.168e+03	1.988e+03	2.252e+03	2.117e+03	1.467e+03	1.488e+03	1.164e+03	8.163e+02	7.393e+02	6.331e+02	4.548e+02	3.264e+02	2.330e+02	2.095e+02	2.607e+02	2.859e+02	2.753e+02	2.110e+02	2.355e+02	2.260e+02	2.967e+02	3.081e+02	3.052e+02	5.586e+02	1.215e+03	1.709e+03	1.939e+03	1.749e+03	1.618e+03	1.690e+03	2.182e+03	2.406e+03	1.932e+03	2.547e+03	2.142e+03	2.338e+03	2.571e+03	1.327e+03	2.341e+03	2.517e+03	1.109e+03	1.202e+03	1.217e+03	1.103e+03	1.567e+03	2.003e+03	3.097e+03	2.955e+03	3.161e+03	3.140e+03	2.991e+03	2.747e+03	2.527e+03	2.481e+03	2.499e+03	nan	nan	nan	nan	nan	2.832e+03	3.022e+03	3.166e+03	2.998e+03	3.445e+03	3.493e+03	3.702e+03	3.676e+03	3.641e+03	3.820e+03	3.788e+03	3.548e+03	3.595e+03	3.318e+03	3.387e+03	3.315e+03	3.215e+03	3.224e+03	3.456e+03	3.496e+03	3.563e+03	3.506e+03	3.472e+03	3.308e+03	3.516e+03	3.595e+03	3.160e+03	3.094e+03	3.000e+03	2.629e+03	2.651e+03	2.327e+03	
55.800	2.851e+03	2.673e+03	2.710e+03	2.252e+03	2.318e+03	2.355e+03	2.700e+03	2.495e+03	2.571e+03	2.629e+03	2.531e+03	2.249e+03	2.023e+03	1.961e+03	1.385e+03	9.978e+02	8.340e+02	6.807e+02	5.065e+02	3.971e+02	2.520e+02	2.001e+02	1.990e+02	2.388e+02	2.289e+02	2.297e+02	3.171e+02	3.278e+02	3.103e+02	3.997e+02	4.543e+02	6.697e+02	9.299e+02	1.181e+03	1.389e+03	1.798e+03	1.847e+03	1.781e+03	1.887e+03	2.150e+03	2.312e+03	2.420e+03	2.380e+03	2.337e+03	2.158e+03	2.012e+03	1.945e+03	1.851e+03	1.951e+03	1.440e+03	1.882e+03	2.013e+03	2.668e+03	2.941e+03	3.436e+03	3.513e+03	2.923e+03	3.682e+03	3.602e+03	3.514e+03	3.396e+03	3.394e+03	3.439e+03	3.223e+03	3.294e+03	3.125e+03	3.217e+03	3.177e+03	3.358e+03	3.584e+03	3.651e+03	3.479e+03	3.153e+03	3.000e+03	3.012e+03	3.032e+03	3.238e+03	3.314e+03	3.136e+03	3.002e+03	2.875e+03	2.721e+03	2.633e+03	2.617e+03	2.585e+03	2.606e+03	3.144e+03	3.276e+03	3.322e+03	3.327e+03	3.263e+03	3.459e+03	3.532e+03	3.229e+03	3.397e+03	3.211e+03	3.195e+03	3.019e+03	3.001e+03	2.742e+03	
59.400	2.952e+03	3.222e+03	2.859e+03	2.822e+03	2.711e+03	2.727e+03	2.586e+03	2.855e+03	2.663e+03	2.468e+03	2.252e+03	2.259e+03	2.113e+03	1.894e+03	1.624e+03	1.333e+03	9.655e+02	6.823e+02	6.000e+02	5.106e+02	3.494e+02	1.723e+02	1.741e+02	1.775e+02	1.544e+02	1.180e+02	1.188e+02	8.832e+01	1.081e+02	1.774e+02	2.589e+02	2.906e+02	5.417e+02	5.224e+02	5.822e+02	8.684e+02	1.300e+03	1.260e+03	1.334e+03	1.544e+03	1.493e+03	1.813e+03	1.899e+03	2.019e+03	2.066e+03	1.854e+03	1.864e+03	1.570e+03	1.672e+03	1.723e+03	1.973e+03	2.040e+03	2.631e+03	2.890e+03	3.106e+03	3.176e+03	3.333e+03	3.428e+03	3.737e+03	3.807e+03	nan	nan	nan	nan	3.984e+03	3.837e+03	3.645e+03	3.528e+03	3.373e+03	3.215e+03	3.132e+03	3.129e+03	3.067e+03	2.980e+03	3.044e+03	3.068e+03	2.592e+03	2.115e+03	1.828e+03	1.452e+03	1.524e+03	1.561e+03	1.540e+03	1.720e+03	1.846e+03	2.065e+03	2.229e+03	2.681e+03	2.944e+03	2.979e+03	3.149e+03	3.253e+03	3.231e+03	3.329e+03	3.340e+03	3.285e+03	3.116e+03	3.109e+03	3.239e+03	2.868e+03	
63.000	3.076e+03	2.871e+03	3.238e+03	3.031e+03	2.847e+03	2.858e+03	2.680e+03	2.830e+03	2.515e+03	2.432e+03	2.411e+03	1.953e+03	1.691e+03	1.759e+03	1.551e+03	1.328e+03	1.111e+03	6.818e+02	6.864e+02	5.871e+02	4.925e+02	4.826e+02	2.835e+02	1.895e+02	1.245e+02	8.903e+01	7.144e+01	9.038e+01	1.007e+02	1.063e+02	1.149e+02	1.132e+02	1.659e+02	2.042e+02	2.315e+02	3.643e+02	4.435e+02	4.581e+02	4.492e+02	4.382e+02	6.163e+02	7.930e+02	1.141e+03	1.180e+03	1.597e+03	1.663e+03	1.603e+03	1.576e+03	1.795e+03	1.844e+03	2.164e+03	1.955e+03	2.208e+03	2.439e+03	2.672e+03	2.951e+03	3.095e+03	3.299e+03	3.271e+03	3.560e+03	3.488e+03	3.537e+03	3.475e+03	3.644e+03	3.591e+03	3.605e+03	3.461e+03	3.351e+03	3.237e+03	3.060e+03	2.968e+03	2.954e+03	2.817e+03	2.443e+03	1.962e+03	1.323e+03	9.897e+02	8.886e+02	8.660e+02	7.868e+02	8.265e+02	9.149e+02	9.558e+02	1.009e+03	1.082e+03	1.310e+03	1.673e+03	1.960e+03	2.202e+03	2.498e+03	2.606e+03	2.685e+03	2.963e+03	3.213e+03	2.996e+03	3.159e+03	3.099e+03	3.142e+03	3.131e+03	3.026e+03	
66.600	2.833e+03	2.940e+03	2.714e+03	2.898e+03	2.644e+03	2.591e+03	2.662e+03	2.443e+03	2.264e+03	2.288e+03	1.943e+03	1.702e+03	1.566e+03	1.379e+03	1.172e+03	1.088e+03	8.785e+02	7.927e+02	5.679e+02	4.744e+02	4.372e+02	4.789e+02	2.832e+02	1.900e+02	1.269e+02	8.680e+01	9.256e+01	1.106e+02	1.015e+02	1.064e+02	1.021e+02	1.087e+02	9.797e+01	8.581e+01	9.328e+01	1.527e+02	1.947e+02	2.083e+02	2.115e+02	2.329e+02	3.137e+02	2.950e+02	4.236e+02	5.168e+02	8.278e+02	1.003e+03	1.304e+03	1.431e+03	1.792e+03	1.709e+03	2.025e+03	2.255e+03	2.228e+03	2.566e+03	2.701e+03	2.849e+03	3.043e+03	3.033e+03	3.288e+03	3.303e+03	3.438e+03	3.332e+03	3.245e+03	3.291e+03	3.165e+03	3.331e+03	3.107e+03	2.956e+03	3.011e+03	2.586e+03	2.268e+03	1.639e+03	1.227e+03	1.035e+03	8.589e+02	5.671e+02	3.664e+02	3.592e+02	4.182e+02	4.673e+02	5.294e+02	5.640e+02	4.992e+02	5.258e+02	6.170e+02	9.640e+02	1.206e+03	1.657e+03	1.786e+03	1.964e+03	2.245e+03	2.363e+03	2.423e+03	2.481e+03	2.482e+03	2.599e+03	2.632e+03	2.682e+03	2.738e+03	2.795e+03	
70.200	2.330e+03	2.254e+03	2.430e+03	2.372e+03	2.262e+03	2.078e+03	1.933e+03	2.077e+03	1.545e+03	1.616e+03	1.454e+03	1.581e+03	1.316e+03	1.286e+03	1.132e+03	1.113e+03	1.036e+03	7.848e+02	6.783e+02	6.798e+02	5.351e+02	4.046e+02	3.238e+02	2.308e+02	1.567e+02	1.170e+02	9.306e+01	1.035e+02	7.941e+01	1.026e+02	9.167e+01	9.993e+01	7.557e+01	1.156e+02	1.155e+02	1.535e+02	1.198e+02	7.995e+01	9.451e+01	1.293e+02	1.103e+02	1.315e+02	1.342e+02	1.652e+02	2.437e+02	2.260e+02	2.564e+02	3.575e+02	4.314e+02	6.812e+02	9.771e+02	1.508e+03	1.518e+03	1.957e+03	1.761e+03	2.220e+03	2.210e+03	2.185e+03	2.462e+03	2.419e+03	2.484e+03	2.333e+03	2.266e+03	2.103e+03	2.067e+03	1.621e+03	1.653e+03	1.253e+03	1.113e+03	7.388e+02	5.471e+02	4.037e+02	3.188e+02	2.700e+02	2.648e+02	2.464e+02	2.595e+02	3.007e+02	3.734e+02	3.368e+02	3.564e+02	3.957e+02	4.001e+02	4.323e+02	5.526e+02	5.664e+02	8.594e+02	9.205e+02	1.319e+03	1.337e+03	1.602e+03	1.594e+03	1.580e+03	1.567e+03	1.764e+03	1.812e+03	1.832e+03	1.823e+03	2.032e+03	2.042e+03	
73.800	1.271e+03	1.371e+03	1.297e+03	1.108e+03	1.375e+03	1.145e+03	1.291e+03	9.731e+02	8.969e+02	9.531e+02	9.265e+02	7.999e+02	1.112e+03	8.504e+02	8.936e+02	7.842e+02	9.255e+02	6.827e+02	6.455e+02	5.046e+02	4.629e+02	4.730e+02	4.137e+02	3.492e+02	2.231e+02	1.543e+02	1.185e+02	1.106e+02	1.171e+02	1.378e+02	1.052e+02	1.122e+02	1.088e+02	8.814e+01	8.698e+01	7.773e+01	7.180e+01	7.013e+01	8.511e+01	5.992e+01	8.411e+01	8.114e+01	4.501e+01	8.058e+01	1.096e+02	1.122e+02	1.347e+02	1.275e+02	1.466e+02	1.669e+02	2.011e+02	2.334e+02	3.088e+02	3.215e+02	3.241e+02	4.172e+02	4.252e+02	4.640e+02	4.626e+02	4.533e+02	4.618e+02	4.718e+02	4.878e+02	4.100e+02	4.122e+02	3.567e+02	3.376e+02	2.883e+02	2.427e+02	2.040e+02	1.719e+02	1.565e+02	1.424e+02	1.547e+02	1.510e+02	1.643e+02	1.834e+02	2.242e+02	2.621e+02	2.658e+02	3.836e+02	2.820e+02	3.414e+02	3.616e+02	4.159e+02	4.431e+02	4.913e+02	6.462e+02	8.615e+02	8.892e+02	8.425e+02	1.124e+03	8.565e+02	8.503e+02	1.078e+03	1.013e+03	1.001e+03	1.229e+03	1.237e+03	1.091e+03	
77.400	7.389e+02	7.481e+02	8.453e+02	6.497e+02	6.534e+02	6.569e+02	5.403e+02	5.034e+02	5.245e+02	4.219e+02	4.094e+02	3.913e+02	4.762e+02	4.025e+02	6.226e+02	6.692e+02	5.631e+02	5.181e+02	5.140e+02	5.449e+02	4.639e+02	3.937e+02	3.831e+02	4.314e+02	2.705e+02	2.328e+02	2.476e+02	1.921e+02	1.783e+02	1.868e+02	1.219e+02	1.317e+02	1.167e+02	1.035e+02	1.195e+02	9.016e+01	6.180e+01	5.594e+01	1.046e+02	1.235e+02	2.077e+02	1.576e+02	7.517e+01	1.199e+02	2.075e+02	1.209e+02	1.094e+02	1.408e+02	1.387e+02	1.188e+02	9.804e+01	1.033e+02	1.094e+02	1.003e+02	1.124e+02	1.188e+02	1.187e+02	1.268e+02	1.266e+02	1.249e+02	1.246e+02	1.246e+02	1.280e+02	1.378e+02	1.434e+02	1.280e+02	1.351e+02	1.320e+02	1.237e+02	1.164e+02	1.207e+02	1.142e+02	1.319e+02	1.350e+02	1.512e+02	1.547e+02	1.948e+02	2.105e+02	2.435e+02	2.742e+02	2.521e+02	2.974e+02	3.215e+02	3.074e+02	4.059e+02	3.807e+02	4.268e+02	4.155e+02	4.062e+02	6.419e+02	5.591e+02	5.054e+02	5.373e+02	5.596e+02	4.215e+02	4.446e+02	5.334e+02	5.448e+02	5.150e+02	6.465e+02	
81.000	5.139e+02	3.938e+02	4.585e+02	5.477e+02	4.769e+02	5.476e+02	4.867e+02	4.206e+02	3.605e+02	3.777e+02	3.415e+02	3.703e+02	3.922e+02	3.403e+02	3.964e+02	3.795e+02	4.877e+02	4.776e+02	3.521e+02	5.257e+02	3.506e+02	3.960e+02	3.482e+02	4.118e+02	2.999e+02	2.439e+02	2.999e+02	2.049e+02	1.891e+02	1.819e+02	1.788e+02	1.787e+02	1.214e+02	1.217e+02	1.366e+02	9.126e+01	1.340e+02	7.886e+01	8.756e+01	8.920e+01	1.325e+02	1.061e+02	1.139e+02	1.107e+02	1.105e+02	1.001e+02	1.179e+02	9.573e+01	1.078e+02	1.080e+02	8.412e+01	8.368e+01	8.353e+01	8.829e+01	7.307e+01	8.445e+01	8.137e+01	8.655e+01	9.841e+01	8.996e+01	1.030e+02	8.574e+01	1.026e+02	1.213e+02	1.175e+02	1.268e+02	1.124e+02	1.340e+02	1.195e+02	1.093e+02	1.168e+02	1.247e+02	1.334e+02	1.446e+02	1.533e+02	1.570e+02	1.559e+02	1.699e+02	2.894e+02	2.166e+02	2.468e+02	2.066e+02	4.666e+02	3.202e+02	2.980e+02	3.795e+02	2.636e+02	3.011e+02	3.558e+02	3.073e+02	3.251e+02	3.256e+02	3.830e+02	3.481e+02	3.373e+02	4.798e+02	4.610e+02	4.253e+02	4.641e+02	5.660e+02	
84.600	3.708e+02	3.766e+02	3.596e+02	5.320e+02	3.027e+02	3.394e+02	3.644e+02	2.797e+02	3.077e+02	3.385e+02	3.054e+02	2.593e+02	4.194e+02	2.968e+02	3.606e+02	3.208e+02	4.075e+02	3.324e+02	2.842e+02	4.063e+02	3.325e+02	3.476e+02	3.732e+02	4.094e+02	3.931e+02	3.680e+02	1.873e+02	3.385e+02	3.506e+02	2.039e+02	2.575e+02	2.367e+02	1.573e+02	2.172e+02	1.756e+02	1.846e+02	2.178e+02	1.702e+02	1.198e+02	1.685e+02	1.146e+02	1.489e+02	1.126e+02	8.617e+01	1.199e+02	1.394e+02	1.258e+02	1.981e+02	1.519e+02	1.602e+02	1.493e+02	1.933e+02	1.795e+02	1.296e+02	1.303e+02	1.492e+02	1.112e+02	1.410e+02	1.321e+02	1.209e+02	1.297e+02	1.438e+02	1.068e+02	1.212e+02	1.309e+02	1.274e+02	1.811e+02	1.904e+02	1.442e+02	1.192e+02	2.282e+02	2.055e+02	1.974e+02	2.750e+02	1.568e+02	1.855e+02	2.394e+02	2.952e+02	2.363e+02	1.950e+02	3.630e+02	2.359e+02	2.740e+02	3.151e+02	3.204e+02	2.711e+02	3.361e+02	2.143e+02	2.580e+02	2.871e+02	3.218e+02	3.335e+02	2.618e+02	3.335e+02	3.699e+02	3.445e+02	3.218e+02	2.971e+02	3.524e+02	3.509e+02	
88.200	2.255e+02	3.120e+02	3.741e+02	3.012e+02	2.565e+02	2.489e+02	2.155e+02	2.789e+02	2.586e+02	2.117e+02	3.135e+02	1.424e+02	1.008e+03	3.612e+02	1.969e+02	2.424e+02	2.392e+02	1.548e+02	2.853e+02	1.640e+02	3.885e+02	3.222e+02	1.884e+02	2.767e+02	2.352e+02	2.345e+02	1.843e+02	1.552e+02	2.923e+02	2.909e+02	1.737e+02	1.740e+02	2.591e+02	3.672e+02	1.741e+02	2.966e+02	3.038e+02	2.706e+02	5.897e+02	2.943e+02	1.479e+02	2.776e+02	1.397e+02	1.903e+02	1.685e+02	4.211e+02	2.733e+02	2.820e+02	2.361e+02	2.745e+02	2.609e+02	2.315e+02	2.196e+02	1.080e+02	2.041e+02	1.196e+02	2.322e+02	1.985e+02	2.924e+02	3.751e+02	2.061e+02	1.481e+02	1.745e+02	2.613e+02	2.706e+02	2.128e+02	1.984e+02	2.364e+02	2.547e+02	1.342e+02	2.310e+02	1.321e+02	4.550e+02	1.836e+02	3.724e+02	2.966e+02	2.271e+02	1.788e+02	1.912e+02	2.351e+02	1.692e+02	2.123e+02	2.267e+02	3.015e+02	1.932e+02	3.410e+02	2.092e+02	2.836e+02	2.428e+02	3.861e+02	1.820e+02	2.327e+02	3.217e+02	2.476e+02	2.054e+02	2.228e+02	2.404e+02	2.176e+02	2.535e+02	3.454e+02	
