#
# Protons precipitation map
# Simulation setup: southward IMF, same Solar wind as Aizawa et al. (2021)
# Simulation code: iPIC3D
# Simulation path: /home/flavorenti/Bureau/data_simu_iPIC3D/Mercury_SaeInit/PR1/minusBz-newbox/texts/
# Output: Flux, units 1/cm2/s
# Output minimum: 1e-6
# Grid X-Axis (first row): local time [hours] from 0 to 24 with 100 equispaced bins
# Grid Y-Axis (first column): latitude [deg.] from -90 to 90 with 50 equispaced bins
# Signature: Federico Lavorenti
#
nan	0.120	0.360	0.600	0.840	1.080	1.320	1.560	1.800	2.040	2.280	2.520	2.760	3.000	3.240	3.480	3.720	3.960	4.200	4.440	4.680	4.920	5.160	5.400	5.640	5.880	6.120	6.360	6.600	6.840	7.080	7.320	7.560	7.800	8.040	8.280	8.520	8.760	9.000	9.240	9.480	9.720	9.960	10.200	10.440	10.680	10.920	11.160	11.400	11.640	11.880	12.120	12.360	12.600	12.840	13.080	13.320	13.560	13.800	14.040	14.280	14.520	14.760	15.000	15.240	15.480	15.720	15.960	16.200	16.440	16.680	16.920	17.160	17.400	17.640	17.880	18.120	18.360	18.600	18.840	19.080	19.320	19.560	19.800	20.040	20.280	20.520	20.760	21.000	21.240	21.480	21.720	21.960	22.200	22.440	22.680	22.920	23.160	23.400	23.640	23.880	
-88.200	0.000e+00	0.000e+00	0.000e+00	0.000e+00	0.000e+00	0.000e+00	0.000e+00	0.000e+00	0.000e+00	0.000e+00	0.000e+00	0.000e+00	0.000e+00	0.000e+00	0.000e+00	0.000e+00	0.000e+00	0.000e+00	0.000e+00	0.000e+00	0.000e+00	0.000e+00	0.000e+00	0.000e+00	0.000e+00	0.000e+00	0.000e+00	0.000e+00	0.000e+00	0.000e+00	0.000e+00	0.000e+00	0.000e+00	0.000e+00	0.000e+00	0.000e+00	0.000e+00	0.000e+00	0.000e+00	0.000e+00	0.000e+00	0.000e+00	0.000e+00	0.000e+00	0.000e+00	0.000e+00	0.000e+00	0.000e+00	0.000e+00	0.000e+00	0.000e+00	0.000e+00	0.000e+00	0.000e+00	0.000e+00	0.000e+00	0.000e+00	0.000e+00	0.000e+00	0.000e+00	0.000e+00	0.000e+00	0.000e+00	0.000e+00	0.000e+00	0.000e+00	0.000e+00	0.000e+00	0.000e+00	0.000e+00	0.000e+00	0.000e+00	0.000e+00	0.000e+00	0.000e+00	0.000e+00	0.000e+00	0.000e+00	0.000e+00	0.000e+00	0.000e+00	0.000e+00	0.000e+00	0.000e+00	0.000e+00	0.000e+00	0.000e+00	0.000e+00	0.000e+00	0.000e+00	0.000e+00	0.000e+00	0.000e+00	0.000e+00	0.000e+00	0.000e+00	0.000e+00	0.000e+00	0.000e+00	0.000e+00	
-84.600	0.000e+00	0.000e+00	0.000e+00	0.000e+00	0.000e+00	0.000e+00	0.000e+00	0.000e+00	0.000e+00	0.000e+00	0.000e+00	0.000e+00	0.000e+00	0.000e+00	0.000e+00	0.000e+00	0.000e+00	0.000e+00	0.000e+00	0.000e+00	0.000e+00	0.000e+00	0.000e+00	0.000e+00	0.000e+00	0.000e+00	0.000e+00	0.000e+00	0.000e+00	0.000e+00	0.000e+00	0.000e+00	0.000e+00	0.000e+00	0.000e+00	0.000e+00	0.000e+00	0.000e+00	0.000e+00	0.000e+00	0.000e+00	0.000e+00	0.000e+00	0.000e+00	0.000e+00	0.000e+00	0.000e+00	0.000e+00	0.000e+00	0.000e+00	0.000e+00	0.000e+00	0.000e+00	0.000e+00	0.000e+00	0.000e+00	0.000e+00	0.000e+00	0.000e+00	0.000e+00	0.000e+00	0.000e+00	0.000e+00	0.000e+00	0.000e+00	0.000e+00	0.000e+00	0.000e+00	0.000e+00	0.000e+00	0.000e+00	0.000e+00	0.000e+00	0.000e+00	0.000e+00	0.000e+00	0.000e+00	0.000e+00	0.000e+00	0.000e+00	0.000e+00	0.000e+00	0.000e+00	0.000e+00	0.000e+00	0.000e+00	0.000e+00	0.000e+00	0.000e+00	0.000e+00	0.000e+00	0.000e+00	0.000e+00	0.000e+00	0.000e+00	0.000e+00	0.000e+00	0.000e+00	0.000e+00	0.000e+00	
-81.000	0.000e+00	0.000e+00	0.000e+00	0.000e+00	0.000e+00	0.000e+00	0.000e+00	0.000e+00	0.000e+00	0.000e+00	0.000e+00	0.000e+00	0.000e+00	0.000e+00	0.000e+00	0.000e+00	0.000e+00	0.000e+00	0.000e+00	0.000e+00	0.000e+00	0.000e+00	0.000e+00	0.000e+00	0.000e+00	0.000e+00	0.000e+00	0.000e+00	0.000e+00	0.000e+00	0.000e+00	0.000e+00	0.000e+00	0.000e+00	0.000e+00	0.000e+00	0.000e+00	0.000e+00	0.000e+00	0.000e+00	0.000e+00	0.000e+00	0.000e+00	0.000e+00	0.000e+00	0.000e+00	0.000e+00	0.000e+00	0.000e+00	0.000e+00	0.000e+00	0.000e+00	0.000e+00	0.000e+00	0.000e+00	0.000e+00	0.000e+00	0.000e+00	0.000e+00	0.000e+00	0.000e+00	0.000e+00	0.000e+00	0.000e+00	0.000e+00	0.000e+00	0.000e+00	0.000e+00	0.000e+00	0.000e+00	0.000e+00	0.000e+00	0.000e+00	0.000e+00	0.000e+00	0.000e+00	0.000e+00	0.000e+00	0.000e+00	0.000e+00	0.000e+00	0.000e+00	0.000e+00	0.000e+00	0.000e+00	0.000e+00	0.000e+00	0.000e+00	0.000e+00	0.000e+00	0.000e+00	0.000e+00	0.000e+00	0.000e+00	0.000e+00	0.000e+00	0.000e+00	0.000e+00	0.000e+00	0.000e+00	
-77.400	0.000e+00	0.000e+00	0.000e+00	0.000e+00	0.000e+00	0.000e+00	0.000e+00	0.000e+00	0.000e+00	0.000e+00	0.000e+00	0.000e+00	0.000e+00	0.000e+00	0.000e+00	0.000e+00	0.000e+00	0.000e+00	0.000e+00	0.000e+00	0.000e+00	0.000e+00	0.000e+00	0.000e+00	0.000e+00	0.000e+00	0.000e+00	0.000e+00	0.000e+00	0.000e+00	0.000e+00	0.000e+00	0.000e+00	0.000e+00	0.000e+00	0.000e+00	0.000e+00	0.000e+00	0.000e+00	0.000e+00	5.526e+05	0.000e+00	5.526e+05	0.000e+00	0.000e+00	0.000e+00	5.526e+05	0.000e+00	5.526e+05	0.000e+00	0.000e+00	0.000e+00	0.000e+00	0.000e+00	0.000e+00	0.000e+00	0.000e+00	0.000e+00	0.000e+00	0.000e+00	0.000e+00	0.000e+00	0.000e+00	0.000e+00	0.000e+00	0.000e+00	0.000e+00	0.000e+00	0.000e+00	0.000e+00	0.000e+00	0.000e+00	0.000e+00	0.000e+00	0.000e+00	0.000e+00	0.000e+00	0.000e+00	0.000e+00	0.000e+00	0.000e+00	0.000e+00	0.000e+00	0.000e+00	0.000e+00	0.000e+00	0.000e+00	0.000e+00	0.000e+00	0.000e+00	0.000e+00	0.000e+00	0.000e+00	0.000e+00	0.000e+00	0.000e+00	0.000e+00	0.000e+00	0.000e+00	0.000e+00	
-73.800	0.000e+00	0.000e+00	0.000e+00	0.000e+00	0.000e+00	0.000e+00	0.000e+00	0.000e+00	0.000e+00	0.000e+00	0.000e+00	0.000e+00	0.000e+00	0.000e+00	0.000e+00	0.000e+00	0.000e+00	0.000e+00	0.000e+00	0.000e+00	0.000e+00	0.000e+00	0.000e+00	0.000e+00	0.000e+00	0.000e+00	0.000e+00	0.000e+00	0.000e+00	0.000e+00	0.000e+00	0.000e+00	0.000e+00	0.000e+00	0.000e+00	0.000e+00	0.000e+00	0.000e+00	4.321e+05	4.321e+05	0.000e+00	0.000e+00	0.000e+00	4.321e+05	1.296e+06	0.000e+00	1.296e+06	1.296e+06	4.321e+05	8.642e+05	0.000e+00	4.321e+05	4.321e+05	0.000e+00	0.000e+00	0.000e+00	0.000e+00	0.000e+00	0.000e+00	0.000e+00	0.000e+00	0.000e+00	0.000e+00	0.000e+00	0.000e+00	0.000e+00	0.000e+00	0.000e+00	0.000e+00	0.000e+00	0.000e+00	0.000e+00	0.000e+00	0.000e+00	0.000e+00	0.000e+00	0.000e+00	0.000e+00	0.000e+00	0.000e+00	0.000e+00	0.000e+00	0.000e+00	0.000e+00	0.000e+00	0.000e+00	0.000e+00	0.000e+00	0.000e+00	0.000e+00	0.000e+00	0.000e+00	0.000e+00	0.000e+00	0.000e+00	0.000e+00	0.000e+00	0.000e+00	0.000e+00	0.000e+00	
-70.200	0.000e+00	0.000e+00	0.000e+00	0.000e+00	0.000e+00	0.000e+00	0.000e+00	0.000e+00	0.000e+00	0.000e+00	0.000e+00	0.000e+00	0.000e+00	0.000e+00	0.000e+00	0.000e+00	0.000e+00	0.000e+00	0.000e+00	0.000e+00	0.000e+00	0.000e+00	0.000e+00	0.000e+00	0.000e+00	0.000e+00	0.000e+00	0.000e+00	0.000e+00	0.000e+00	0.000e+00	0.000e+00	0.000e+00	3.559e+05	3.559e+05	1.068e+06	3.203e+06	2.847e+06	4.982e+06	4.982e+06	7.118e+06	1.779e+06	1.779e+06	2.491e+06	3.559e+05	0.000e+00	7.118e+05	1.424e+06	7.118e+05	0.000e+00	3.559e+05	7.118e+05	3.559e+05	3.559e+05	0.000e+00	0.000e+00	0.000e+00	0.000e+00	0.000e+00	0.000e+00	0.000e+00	0.000e+00	0.000e+00	0.000e+00	0.000e+00	0.000e+00	0.000e+00	0.000e+00	0.000e+00	0.000e+00	0.000e+00	0.000e+00	0.000e+00	0.000e+00	0.000e+00	0.000e+00	0.000e+00	0.000e+00	0.000e+00	0.000e+00	0.000e+00	0.000e+00	0.000e+00	0.000e+00	0.000e+00	0.000e+00	0.000e+00	0.000e+00	0.000e+00	0.000e+00	0.000e+00	0.000e+00	0.000e+00	0.000e+00	0.000e+00	0.000e+00	0.000e+00	0.000e+00	0.000e+00	0.000e+00	
-66.600	0.000e+00	0.000e+00	0.000e+00	0.000e+00	0.000e+00	0.000e+00	0.000e+00	0.000e+00	0.000e+00	0.000e+00	0.000e+00	0.000e+00	0.000e+00	0.000e+00	0.000e+00	0.000e+00	0.000e+00	0.000e+00	0.000e+00	0.000e+00	0.000e+00	0.000e+00	0.000e+00	0.000e+00	0.000e+00	0.000e+00	0.000e+00	0.000e+00	3.035e+05	0.000e+00	0.000e+00	0.000e+00	6.071e+05	2.428e+06	1.002e+07	1.669e+07	3.885e+07	6.496e+07	6.860e+07	5.555e+07	3.369e+07	1.245e+07	5.464e+06	2.428e+06	2.732e+06	6.071e+05	1.214e+06	0.000e+00	9.106e+05	6.071e+05	0.000e+00	3.035e+05	3.035e+05	0.000e+00	0.000e+00	0.000e+00	0.000e+00	0.000e+00	0.000e+00	0.000e+00	3.035e+05	0.000e+00	0.000e+00	0.000e+00	0.000e+00	0.000e+00	0.000e+00	0.000e+00	0.000e+00	0.000e+00	0.000e+00	0.000e+00	0.000e+00	0.000e+00	0.000e+00	0.000e+00	0.000e+00	0.000e+00	0.000e+00	0.000e+00	0.000e+00	0.000e+00	0.000e+00	0.000e+00	0.000e+00	0.000e+00	0.000e+00	0.000e+00	0.000e+00	0.000e+00	0.000e+00	0.000e+00	0.000e+00	0.000e+00	0.000e+00	0.000e+00	0.000e+00	0.000e+00	0.000e+00	0.000e+00	
-63.000	0.000e+00	0.000e+00	0.000e+00	0.000e+00	0.000e+00	0.000e+00	0.000e+00	0.000e+00	0.000e+00	0.000e+00	0.000e+00	0.000e+00	0.000e+00	0.000e+00	0.000e+00	0.000e+00	0.000e+00	0.000e+00	0.000e+00	0.000e+00	0.000e+00	0.000e+00	0.000e+00	0.000e+00	0.000e+00	0.000e+00	0.000e+00	0.000e+00	0.000e+00	0.000e+00	1.328e+06	1.328e+06	4.514e+06	1.965e+07	4.195e+07	5.735e+07	8.709e+07	1.237e+08	1.044e+08	5.045e+07	1.859e+07	4.780e+06	1.593e+06	1.328e+06	2.655e+05	2.655e+05	2.655e+05	0.000e+00	2.655e+05	0.000e+00	2.655e+05	2.655e+05	0.000e+00	2.655e+05	0.000e+00	0.000e+00	0.000e+00	0.000e+00	0.000e+00	0.000e+00	0.000e+00	0.000e+00	0.000e+00	0.000e+00	0.000e+00	0.000e+00	0.000e+00	0.000e+00	0.000e+00	0.000e+00	0.000e+00	0.000e+00	0.000e+00	0.000e+00	0.000e+00	0.000e+00	0.000e+00	0.000e+00	0.000e+00	0.000e+00	0.000e+00	0.000e+00	0.000e+00	0.000e+00	0.000e+00	0.000e+00	0.000e+00	0.000e+00	0.000e+00	0.000e+00	0.000e+00	0.000e+00	0.000e+00	0.000e+00	0.000e+00	0.000e+00	0.000e+00	0.000e+00	0.000e+00	0.000e+00	
-59.400	0.000e+00	0.000e+00	0.000e+00	0.000e+00	0.000e+00	0.000e+00	0.000e+00	0.000e+00	0.000e+00	0.000e+00	0.000e+00	0.000e+00	0.000e+00	0.000e+00	0.000e+00	0.000e+00	0.000e+00	0.000e+00	0.000e+00	0.000e+00	0.000e+00	0.000e+00	0.000e+00	0.000e+00	0.000e+00	0.000e+00	0.000e+00	2.368e+05	9.472e+05	2.842e+06	4.973e+06	8.052e+06	2.250e+07	4.547e+07	7.720e+07	9.686e+07	1.220e+08	9.993e+07	4.831e+07	1.800e+07	5.920e+06	9.472e+05	9.472e+05	9.472e+05	1.658e+06	1.658e+06	2.605e+06	4.263e+06	3.315e+06	3.552e+06	3.079e+06	2.842e+06	1.184e+06	4.736e+05	0.000e+00	0.000e+00	0.000e+00	0.000e+00	0.000e+00	0.000e+00	0.000e+00	0.000e+00	0.000e+00	0.000e+00	0.000e+00	0.000e+00	0.000e+00	0.000e+00	0.000e+00	0.000e+00	0.000e+00	0.000e+00	0.000e+00	0.000e+00	0.000e+00	0.000e+00	0.000e+00	0.000e+00	0.000e+00	0.000e+00	0.000e+00	0.000e+00	0.000e+00	0.000e+00	0.000e+00	0.000e+00	0.000e+00	0.000e+00	0.000e+00	0.000e+00	0.000e+00	0.000e+00	0.000e+00	0.000e+00	0.000e+00	0.000e+00	0.000e+00	0.000e+00	0.000e+00	0.000e+00	
-55.800	0.000e+00	0.000e+00	0.000e+00	0.000e+00	0.000e+00	0.000e+00	0.000e+00	0.000e+00	0.000e+00	0.000e+00	0.000e+00	0.000e+00	0.000e+00	0.000e+00	0.000e+00	0.000e+00	0.000e+00	0.000e+00	0.000e+00	0.000e+00	0.000e+00	0.000e+00	0.000e+00	0.000e+00	0.000e+00	0.000e+00	0.000e+00	4.289e+05	1.930e+06	6.219e+06	1.330e+07	2.659e+07	5.319e+07	7.656e+07	8.278e+07	8.922e+07	6.756e+07	4.075e+07	1.694e+07	5.790e+06	4.718e+06	6.648e+06	1.222e+07	2.466e+07	1.887e+07	1.501e+07	1.694e+07	1.137e+07	1.158e+07	7.292e+06	7.292e+06	8.578e+06	3.431e+06	8.578e+05	0.000e+00	2.145e+05	0.000e+00	0.000e+00	0.000e+00	0.000e+00	0.000e+00	0.000e+00	0.000e+00	0.000e+00	0.000e+00	0.000e+00	0.000e+00	0.000e+00	0.000e+00	0.000e+00	0.000e+00	0.000e+00	0.000e+00	0.000e+00	0.000e+00	0.000e+00	0.000e+00	0.000e+00	0.000e+00	0.000e+00	0.000e+00	0.000e+00	0.000e+00	0.000e+00	0.000e+00	0.000e+00	0.000e+00	0.000e+00	0.000e+00	0.000e+00	0.000e+00	0.000e+00	0.000e+00	0.000e+00	0.000e+00	0.000e+00	0.000e+00	0.000e+00	0.000e+00	0.000e+00	
-52.200	0.000e+00	0.000e+00	0.000e+00	0.000e+00	0.000e+00	0.000e+00	0.000e+00	0.000e+00	0.000e+00	0.000e+00	0.000e+00	0.000e+00	0.000e+00	0.000e+00	0.000e+00	0.000e+00	0.000e+00	0.000e+00	0.000e+00	0.000e+00	0.000e+00	0.000e+00	0.000e+00	0.000e+00	0.000e+00	0.000e+00	3.934e+05	3.934e+05	3.343e+06	6.294e+06	1.593e+07	4.189e+07	6.667e+07	6.943e+07	5.704e+07	6.628e+07	3.776e+07	1.573e+07	4.720e+06	9.834e+05	5.900e+06	1.082e+07	1.888e+07	2.321e+07	1.809e+07	1.318e+07	1.455e+07	5.900e+06	6.490e+06	5.507e+06	2.753e+06	1.770e+06	0.000e+00	1.967e+05	0.000e+00	1.967e+05	0.000e+00	0.000e+00	0.000e+00	0.000e+00	0.000e+00	0.000e+00	0.000e+00	0.000e+00	0.000e+00	0.000e+00	0.000e+00	0.000e+00	0.000e+00	0.000e+00	0.000e+00	0.000e+00	0.000e+00	0.000e+00	0.000e+00	0.000e+00	0.000e+00	0.000e+00	0.000e+00	0.000e+00	0.000e+00	0.000e+00	0.000e+00	0.000e+00	0.000e+00	0.000e+00	0.000e+00	0.000e+00	0.000e+00	0.000e+00	0.000e+00	0.000e+00	0.000e+00	0.000e+00	0.000e+00	0.000e+00	0.000e+00	0.000e+00	0.000e+00	0.000e+00	
-48.600	0.000e+00	0.000e+00	0.000e+00	0.000e+00	0.000e+00	0.000e+00	0.000e+00	0.000e+00	0.000e+00	0.000e+00	0.000e+00	0.000e+00	0.000e+00	0.000e+00	0.000e+00	0.000e+00	0.000e+00	0.000e+00	0.000e+00	0.000e+00	1.823e+05	0.000e+00	1.823e+05	5.468e+05	0.000e+00	9.114e+05	1.276e+06	1.458e+06	5.286e+06	8.385e+06	1.841e+07	4.411e+07	5.778e+07	6.143e+07	6.890e+07	7.072e+07	3.609e+07	7.838e+06	7.291e+05	5.468e+05	5.468e+05	1.458e+06	4.557e+06	7.473e+06	7.656e+06	6.015e+06	3.828e+06	2.916e+06	1.276e+06	1.823e+05	5.468e+05	0.000e+00	0.000e+00	0.000e+00	0.000e+00	0.000e+00	0.000e+00	0.000e+00	0.000e+00	0.000e+00	0.000e+00	0.000e+00	0.000e+00	0.000e+00	0.000e+00	0.000e+00	0.000e+00	0.000e+00	0.000e+00	0.000e+00	0.000e+00	0.000e+00	0.000e+00	0.000e+00	0.000e+00	0.000e+00	0.000e+00	0.000e+00	0.000e+00	0.000e+00	0.000e+00	0.000e+00	0.000e+00	0.000e+00	0.000e+00	0.000e+00	0.000e+00	0.000e+00	0.000e+00	0.000e+00	0.000e+00	0.000e+00	0.000e+00	0.000e+00	0.000e+00	0.000e+00	0.000e+00	0.000e+00	0.000e+00	0.000e+00	
-45.000	0.000e+00	0.000e+00	0.000e+00	0.000e+00	0.000e+00	0.000e+00	0.000e+00	0.000e+00	0.000e+00	0.000e+00	0.000e+00	0.000e+00	0.000e+00	0.000e+00	0.000e+00	0.000e+00	0.000e+00	0.000e+00	0.000e+00	0.000e+00	1.705e+05	5.114e+05	1.705e+05	1.023e+06	3.409e+05	3.409e+05	6.819e+05	4.091e+06	6.307e+06	1.040e+07	2.591e+07	4.057e+07	5.029e+07	6.631e+07	5.966e+07	3.921e+07	9.035e+06	2.216e+06	1.705e+05	1.705e+05	5.114e+05	6.819e+05	1.193e+06	1.705e+06	4.262e+06	1.705e+06	1.023e+06	1.705e+05	0.000e+00	0.000e+00	0.000e+00	0.000e+00	0.000e+00	1.705e+05	0.000e+00	0.000e+00	0.000e+00	0.000e+00	0.000e+00	0.000e+00	0.000e+00	0.000e+00	0.000e+00	0.000e+00	0.000e+00	0.000e+00	0.000e+00	0.000e+00	0.000e+00	0.000e+00	0.000e+00	0.000e+00	0.000e+00	0.000e+00	0.000e+00	0.000e+00	0.000e+00	0.000e+00	0.000e+00	0.000e+00	0.000e+00	0.000e+00	0.000e+00	0.000e+00	0.000e+00	0.000e+00	0.000e+00	0.000e+00	0.000e+00	0.000e+00	0.000e+00	0.000e+00	0.000e+00	0.000e+00	0.000e+00	0.000e+00	0.000e+00	0.000e+00	0.000e+00	0.000e+00	
-41.400	0.000e+00	0.000e+00	0.000e+00	0.000e+00	0.000e+00	0.000e+00	0.000e+00	0.000e+00	0.000e+00	0.000e+00	0.000e+00	0.000e+00	0.000e+00	0.000e+00	0.000e+00	0.000e+00	0.000e+00	0.000e+00	1.607e+05	6.428e+05	1.607e+05	1.125e+06	1.125e+06	1.607e+06	2.410e+06	2.571e+06	2.892e+06	3.214e+06	7.553e+06	1.607e+07	2.073e+07	3.278e+07	4.740e+07	6.846e+07	3.262e+07	4.499e+06	6.428e+05	3.214e+05	0.000e+00	0.000e+00	1.607e+05	0.000e+00	1.607e+05	1.607e+05	9.642e+05	6.428e+05	0.000e+00	0.000e+00	1.607e+05	3.214e+05	1.607e+05	4.821e+05	0.000e+00	0.000e+00	0.000e+00	3.214e+05	4.821e+05	0.000e+00	1.607e+05	0.000e+00	0.000e+00	0.000e+00	0.000e+00	0.000e+00	0.000e+00	0.000e+00	0.000e+00	0.000e+00	0.000e+00	0.000e+00	0.000e+00	0.000e+00	0.000e+00	0.000e+00	0.000e+00	0.000e+00	0.000e+00	0.000e+00	0.000e+00	0.000e+00	0.000e+00	0.000e+00	0.000e+00	0.000e+00	0.000e+00	0.000e+00	0.000e+00	0.000e+00	0.000e+00	0.000e+00	0.000e+00	0.000e+00	0.000e+00	0.000e+00	0.000e+00	0.000e+00	0.000e+00	0.000e+00	0.000e+00	0.000e+00	
-37.800	0.000e+00	0.000e+00	0.000e+00	0.000e+00	0.000e+00	0.000e+00	0.000e+00	0.000e+00	0.000e+00	0.000e+00	0.000e+00	0.000e+00	0.000e+00	0.000e+00	0.000e+00	0.000e+00	0.000e+00	0.000e+00	4.576e+05	7.627e+05	1.983e+06	1.678e+06	2.593e+06	3.661e+06	4.729e+06	3.966e+06	3.356e+06	4.271e+06	8.848e+06	1.297e+07	9.763e+06	1.190e+07	2.471e+07	2.410e+07	3.509e+06	4.576e+05	1.525e+05	0.000e+00	0.000e+00	0.000e+00	0.000e+00	0.000e+00	0.000e+00	4.576e+05	1.525e+05	1.525e+05	1.525e+05	1.525e+05	3.051e+05	6.102e+05	1.525e+05	6.102e+05	6.102e+05	4.576e+05	1.525e+05	0.000e+00	0.000e+00	4.576e+05	3.051e+05	0.000e+00	0.000e+00	0.000e+00	0.000e+00	0.000e+00	0.000e+00	0.000e+00	0.000e+00	0.000e+00	0.000e+00	0.000e+00	0.000e+00	0.000e+00	0.000e+00	0.000e+00	0.000e+00	0.000e+00	0.000e+00	0.000e+00	0.000e+00	0.000e+00	0.000e+00	0.000e+00	0.000e+00	0.000e+00	0.000e+00	0.000e+00	0.000e+00	0.000e+00	0.000e+00	0.000e+00	0.000e+00	0.000e+00	0.000e+00	0.000e+00	0.000e+00	0.000e+00	0.000e+00	0.000e+00	0.000e+00	0.000e+00	
-34.200	0.000e+00	0.000e+00	0.000e+00	0.000e+00	0.000e+00	0.000e+00	0.000e+00	0.000e+00	0.000e+00	0.000e+00	0.000e+00	0.000e+00	0.000e+00	0.000e+00	0.000e+00	1.457e+05	0.000e+00	7.287e+05	1.312e+06	2.769e+06	2.040e+06	4.226e+06	3.352e+06	3.498e+06	5.101e+06	4.080e+06	3.643e+06	3.352e+06	5.101e+06	4.080e+06	3.060e+06	2.915e+06	6.704e+06	1.020e+06	0.000e+00	0.000e+00	0.000e+00	0.000e+00	0.000e+00	0.000e+00	1.457e+05	0.000e+00	0.000e+00	1.457e+05	0.000e+00	1.457e+05	0.000e+00	2.915e+05	4.372e+05	7.287e+05	1.020e+06	1.457e+06	7.287e+05	1.312e+06	1.312e+06	1.749e+06	4.372e+05	1.020e+06	1.020e+06	7.287e+05	8.744e+05	1.457e+05	0.000e+00	0.000e+00	0.000e+00	0.000e+00	0.000e+00	0.000e+00	0.000e+00	0.000e+00	0.000e+00	0.000e+00	0.000e+00	0.000e+00	0.000e+00	0.000e+00	0.000e+00	0.000e+00	0.000e+00	0.000e+00	0.000e+00	0.000e+00	0.000e+00	0.000e+00	0.000e+00	0.000e+00	0.000e+00	0.000e+00	0.000e+00	0.000e+00	0.000e+00	0.000e+00	0.000e+00	0.000e+00	0.000e+00	0.000e+00	0.000e+00	0.000e+00	0.000e+00	0.000e+00	
-30.600	0.000e+00	0.000e+00	0.000e+00	0.000e+00	0.000e+00	0.000e+00	0.000e+00	0.000e+00	0.000e+00	0.000e+00	0.000e+00	1.400e+05	0.000e+00	0.000e+00	0.000e+00	0.000e+00	4.201e+05	1.400e+06	1.680e+06	3.221e+06	3.361e+06	4.761e+06	3.641e+06	2.521e+06	2.521e+06	2.240e+06	9.802e+05	1.120e+06	1.120e+06	1.960e+06	1.120e+06	5.601e+05	2.801e+05	1.400e+05	1.400e+05	0.000e+00	1.400e+05	0.000e+00	0.000e+00	2.801e+05	0.000e+00	1.400e+05	0.000e+00	2.801e+05	5.601e+05	2.801e+05	4.201e+05	2.801e+05	1.540e+06	1.120e+06	8.402e+05	1.820e+06	2.240e+06	2.521e+06	3.501e+06	2.801e+06	3.221e+06	3.361e+06	1.960e+06	2.801e+05	1.400e+05	0.000e+00	0.000e+00	0.000e+00	0.000e+00	0.000e+00	0.000e+00	0.000e+00	0.000e+00	0.000e+00	0.000e+00	0.000e+00	0.000e+00	0.000e+00	0.000e+00	0.000e+00	0.000e+00	0.000e+00	0.000e+00	0.000e+00	0.000e+00	0.000e+00	0.000e+00	0.000e+00	0.000e+00	0.000e+00	0.000e+00	0.000e+00	0.000e+00	0.000e+00	0.000e+00	0.000e+00	0.000e+00	0.000e+00	0.000e+00	0.000e+00	0.000e+00	0.000e+00	0.000e+00	0.000e+00	
-27.000	0.000e+00	0.000e+00	0.000e+00	0.000e+00	0.000e+00	1.353e+05	1.353e+05	1.353e+05	2.705e+05	0.000e+00	1.353e+05	2.705e+05	0.000e+00	8.116e+05	4.058e+05	6.763e+05	2.435e+06	5.681e+06	6.493e+06	7.575e+06	7.981e+06	5.681e+06	4.329e+06	3.111e+06	1.894e+06	9.469e+05	9.469e+05	4.058e+05	5.411e+05	8.116e+05	4.058e+05	0.000e+00	2.705e+05	1.353e+05	1.353e+05	0.000e+00	0.000e+00	0.000e+00	0.000e+00	0.000e+00	4.058e+05	1.353e+05	1.353e+05	6.763e+05	8.116e+05	6.763e+05	1.082e+06	1.217e+06	1.217e+06	1.623e+06	2.435e+06	1.894e+06	2.029e+06	1.353e+06	1.894e+06	2.164e+06	2.300e+06	2.029e+06	9.469e+05	0.000e+00	0.000e+00	0.000e+00	0.000e+00	0.000e+00	0.000e+00	0.000e+00	0.000e+00	0.000e+00	0.000e+00	0.000e+00	0.000e+00	0.000e+00	0.000e+00	0.000e+00	0.000e+00	0.000e+00	0.000e+00	0.000e+00	0.000e+00	0.000e+00	0.000e+00	0.000e+00	0.000e+00	0.000e+00	0.000e+00	0.000e+00	0.000e+00	0.000e+00	0.000e+00	0.000e+00	0.000e+00	0.000e+00	0.000e+00	0.000e+00	0.000e+00	0.000e+00	0.000e+00	0.000e+00	0.000e+00	0.000e+00	
-23.400	0.000e+00	0.000e+00	1.313e+05	3.940e+05	9.193e+05	1.051e+06	1.051e+06	1.051e+06	1.313e+06	6.566e+05	5.253e+05	6.566e+05	1.313e+06	2.101e+06	3.152e+06	4.859e+06	4.334e+06	7.617e+06	8.799e+06	1.300e+07	1.248e+07	1.090e+07	1.458e+07	4.071e+06	2.232e+06	1.313e+06	3.940e+05	5.253e+05	0.000e+00	3.940e+05	0.000e+00	1.313e+05	0.000e+00	1.313e+05	0.000e+00	3.940e+05	5.253e+05	1.313e+05	0.000e+00	1.313e+05	0.000e+00	0.000e+00	1.313e+05	2.626e+05	2.626e+05	3.940e+05	1.051e+06	1.051e+06	3.020e+06	1.970e+06	1.051e+06	9.193e+05	6.566e+05	6.566e+05	3.940e+05	6.566e+05	7.879e+05	9.193e+05	2.626e+05	0.000e+00	0.000e+00	0.000e+00	0.000e+00	0.000e+00	0.000e+00	0.000e+00	0.000e+00	0.000e+00	0.000e+00	0.000e+00	0.000e+00	0.000e+00	0.000e+00	0.000e+00	0.000e+00	0.000e+00	0.000e+00	0.000e+00	0.000e+00	0.000e+00	0.000e+00	0.000e+00	0.000e+00	0.000e+00	0.000e+00	0.000e+00	0.000e+00	0.000e+00	0.000e+00	0.000e+00	0.000e+00	0.000e+00	0.000e+00	0.000e+00	0.000e+00	0.000e+00	0.000e+00	0.000e+00	0.000e+00	0.000e+00	
-19.800	1.281e+05	8.966e+05	8.966e+05	1.537e+06	2.946e+06	2.690e+06	3.074e+06	3.074e+06	2.562e+06	3.202e+06	4.227e+06	4.996e+06	5.508e+06	7.301e+06	9.479e+06	8.198e+06	1.191e+07	1.716e+07	2.114e+07	2.344e+07	2.139e+07	2.677e+07	2.178e+07	1.396e+07	9.607e+06	1.230e+07	5.508e+06	2.049e+06	1.537e+06	2.562e+05	2.562e+05	2.562e+05	1.281e+05	2.562e+05	5.124e+05	2.178e+06	1.281e+06	1.281e+05	1.281e+05	0.000e+00	0.000e+00	1.281e+05	1.281e+05	2.562e+05	0.000e+00	1.281e+05	3.843e+05	8.966e+05	2.562e+05	1.025e+06	7.685e+05	8.966e+05	0.000e+00	0.000e+00	1.281e+05	0.000e+00	0.000e+00	0.000e+00	0.000e+00	0.000e+00	0.000e+00	0.000e+00	0.000e+00	0.000e+00	0.000e+00	0.000e+00	0.000e+00	0.000e+00	0.000e+00	0.000e+00	0.000e+00	0.000e+00	0.000e+00	0.000e+00	0.000e+00	0.000e+00	0.000e+00	0.000e+00	0.000e+00	0.000e+00	0.000e+00	0.000e+00	0.000e+00	0.000e+00	1.281e+05	0.000e+00	0.000e+00	0.000e+00	0.000e+00	0.000e+00	0.000e+00	0.000e+00	0.000e+00	0.000e+00	0.000e+00	0.000e+00	0.000e+00	0.000e+00	1.281e+05	0.000e+00	
-16.200	2.761e+06	2.259e+06	2.008e+06	3.514e+06	6.902e+06	8.659e+06	9.789e+06	1.092e+07	1.268e+07	1.368e+07	1.506e+07	1.832e+07	2.422e+07	2.422e+07	3.075e+07	3.213e+07	3.702e+07	4.192e+07	4.894e+07	5.472e+07	4.003e+07	3.012e+07	2.234e+07	2.058e+07	2.209e+07	2.284e+07	1.644e+07	5.898e+06	2.259e+06	7.530e+05	2.510e+05	1.255e+05	2.510e+05	3.765e+05	2.510e+05	1.882e+06	1.631e+06	5.020e+05	7.530e+05	0.000e+00	0.000e+00	2.510e+05	0.000e+00	1.255e+05	0.000e+00	1.255e+05	1.255e+05	1.004e+06	1.380e+06	3.137e+06	3.012e+06	1.004e+06	0.000e+00	0.000e+00	0.000e+00	0.000e+00	0.000e+00	0.000e+00	0.000e+00	0.000e+00	0.000e+00	0.000e+00	0.000e+00	0.000e+00	0.000e+00	0.000e+00	0.000e+00	0.000e+00	0.000e+00	0.000e+00	0.000e+00	0.000e+00	0.000e+00	0.000e+00	0.000e+00	0.000e+00	0.000e+00	0.000e+00	0.000e+00	0.000e+00	0.000e+00	0.000e+00	0.000e+00	1.255e+05	0.000e+00	0.000e+00	1.255e+05	1.255e+05	3.765e+05	1.506e+06	2.510e+05	1.255e+05	5.020e+05	2.510e+05	2.510e+05	1.255e+05	6.275e+05	5.020e+05	7.530e+05	1.255e+06	
-12.600	1.025e+07	9.385e+06	1.198e+07	9.755e+06	1.494e+07	3.482e+07	3.507e+07	3.532e+07	3.618e+07	4.655e+07	4.915e+07	4.742e+07	5.112e+07	5.977e+07	7.508e+07	8.459e+07	7.915e+07	1.041e+08	1.342e+08	1.122e+08	7.236e+07	4.347e+07	2.852e+07	3.272e+07	2.964e+07	3.433e+07	2.667e+07	1.556e+07	6.298e+06	2.099e+06	9.879e+05	0.000e+00	3.705e+05	8.644e+05	8.644e+05	8.644e+05	6.174e+05	3.087e+06	1.605e+06	0.000e+00	0.000e+00	2.470e+05	1.235e+05	0.000e+00	0.000e+00	0.000e+00	3.705e+05	1.111e+06	2.223e+06	6.421e+06	5.927e+06	1.605e+06	0.000e+00	0.000e+00	0.000e+00	0.000e+00	0.000e+00	0.000e+00	0.000e+00	0.000e+00	0.000e+00	0.000e+00	0.000e+00	0.000e+00	0.000e+00	0.000e+00	0.000e+00	0.000e+00	0.000e+00	0.000e+00	0.000e+00	0.000e+00	0.000e+00	0.000e+00	0.000e+00	0.000e+00	0.000e+00	0.000e+00	0.000e+00	0.000e+00	0.000e+00	0.000e+00	1.235e+05	2.470e+05	3.705e+05	9.879e+05	1.729e+06	1.729e+06	1.976e+06	3.334e+06	5.063e+06	5.310e+06	8.767e+06	7.903e+06	1.062e+07	9.632e+06	1.185e+07	1.074e+07	1.136e+07	1.358e+07	
-9.000	3.014e+07	3.636e+07	3.916e+07	3.709e+07	4.368e+07	5.869e+07	5.734e+07	5.576e+07	7.503e+07	7.796e+07	8.894e+07	9.517e+07	7.406e+07	8.797e+07	1.011e+08	1.192e+08	1.365e+08	1.610e+08	1.663e+08	1.326e+08	9.260e+07	4.685e+07	3.343e+07	3.148e+07	3.380e+07	4.246e+07	4.014e+07	3.660e+07	1.855e+07	6.832e+06	9.761e+05	7.320e+05	1.098e+06	7.320e+05	4.880e+05	6.100e+05	1.220e+05	1.220e+05	0.000e+00	0.000e+00	0.000e+00	0.000e+00	0.000e+00	0.000e+00	0.000e+00	0.000e+00	0.000e+00	1.098e+06	2.440e+06	3.904e+06	3.782e+06	4.880e+05	0.000e+00	0.000e+00	0.000e+00	0.000e+00	0.000e+00	0.000e+00	0.000e+00	0.000e+00	0.000e+00	0.000e+00	0.000e+00	0.000e+00	0.000e+00	0.000e+00	0.000e+00	0.000e+00	0.000e+00	0.000e+00	0.000e+00	0.000e+00	0.000e+00	0.000e+00	0.000e+00	0.000e+00	0.000e+00	0.000e+00	0.000e+00	0.000e+00	0.000e+00	0.000e+00	0.000e+00	2.440e+05	1.220e+06	1.464e+06	1.586e+06	3.172e+06	3.050e+06	5.490e+06	6.832e+06	8.541e+06	1.135e+07	1.391e+07	1.842e+07	2.269e+07	2.050e+07	2.330e+07	2.696e+07	3.136e+07	
-5.400	5.616e+07	6.016e+07	6.282e+07	6.367e+07	7.892e+07	8.618e+07	9.066e+07	8.352e+07	8.255e+07	9.937e+07	1.331e+08	1.192e+08	1.066e+08	1.184e+08	1.373e+08	1.708e+08	1.831e+08	1.899e+08	1.707e+08	1.116e+08	5.907e+07	3.256e+07	2.300e+07	2.203e+07	2.021e+07	3.171e+07	4.018e+07	5.253e+07	2.457e+07	5.810e+06	1.089e+06	1.695e+06	7.262e+05	7.262e+05	3.631e+05	6.052e+05	4.841e+05	0.000e+00	0.000e+00	0.000e+00	0.000e+00	0.000e+00	0.000e+00	0.000e+00	0.000e+00	0.000e+00	4.841e+05	2.421e+05	7.262e+05	2.784e+06	5.810e+06	1.452e+06	0.000e+00	0.000e+00	0.000e+00	0.000e+00	0.000e+00	0.000e+00	0.000e+00	0.000e+00	0.000e+00	0.000e+00	0.000e+00	0.000e+00	0.000e+00	0.000e+00	0.000e+00	0.000e+00	0.000e+00	0.000e+00	0.000e+00	0.000e+00	0.000e+00	0.000e+00	0.000e+00	0.000e+00	0.000e+00	0.000e+00	0.000e+00	0.000e+00	0.000e+00	0.000e+00	0.000e+00	1.210e+05	2.421e+05	4.841e+05	1.089e+06	2.905e+06	5.326e+06	8.231e+06	1.295e+07	1.331e+07	1.586e+07	1.767e+07	2.397e+07	2.978e+07	3.583e+07	3.450e+07	3.946e+07	5.059e+07	
-1.800	7.920e+07	7.269e+07	7.776e+07	9.765e+07	1.025e+08	1.097e+08	1.039e+08	9.777e+07	1.017e+08	1.630e+08	1.508e+08	1.418e+08	1.369e+08	1.388e+08	1.711e+08	1.954e+08	2.002e+08	1.730e+08	1.288e+08	6.968e+07	3.653e+07	2.194e+07	1.495e+07	8.921e+06	1.037e+07	8.680e+06	1.326e+07	1.603e+07	1.579e+07	5.666e+06	3.376e+06	2.532e+06	6.028e+05	6.028e+05	6.028e+05	4.822e+05	1.206e+05	0.000e+00	0.000e+00	0.000e+00	0.000e+00	0.000e+00	0.000e+00	1.206e+05	0.000e+00	0.000e+00	1.206e+05	0.000e+00	6.028e+05	2.170e+06	5.304e+06	1.085e+06	0.000e+00	0.000e+00	0.000e+00	0.000e+00	0.000e+00	0.000e+00	0.000e+00	0.000e+00	0.000e+00	0.000e+00	0.000e+00	0.000e+00	0.000e+00	0.000e+00	0.000e+00	0.000e+00	0.000e+00	0.000e+00	0.000e+00	0.000e+00	0.000e+00	0.000e+00	0.000e+00	0.000e+00	0.000e+00	0.000e+00	0.000e+00	0.000e+00	0.000e+00	0.000e+00	0.000e+00	0.000e+00	2.411e+05	2.411e+05	4.822e+05	9.644e+05	2.652e+06	6.269e+06	9.524e+06	1.459e+07	1.724e+07	2.399e+07	2.592e+07	3.002e+07	3.062e+07	4.111e+07	5.642e+07	6.184e+07	
1.800	9.704e+07	9.776e+07	1.124e+08	1.205e+08	1.111e+08	1.184e+08	1.215e+08	1.433e+08	1.802e+08	1.733e+08	1.504e+08	1.340e+08	1.277e+08	1.471e+08	1.806e+08	1.866e+08	1.678e+08	1.209e+08	8.824e+07	6.003e+07	2.905e+07	8.921e+06	4.822e+06	3.616e+06	5.425e+06	4.942e+06	5.184e+06	1.169e+07	1.121e+07	8.077e+06	1.073e+07	1.929e+06	4.822e+05	3.616e+05	2.411e+05	1.205e+05	0.000e+00	0.000e+00	0.000e+00	0.000e+00	0.000e+00	0.000e+00	0.000e+00	0.000e+00	0.000e+00	0.000e+00	1.205e+05	0.000e+00	0.000e+00	1.205e+05	2.411e+05	0.000e+00	0.000e+00	0.000e+00	0.000e+00	0.000e+00	0.000e+00	0.000e+00	0.000e+00	0.000e+00	0.000e+00	0.000e+00	0.000e+00	0.000e+00	0.000e+00	0.000e+00	0.000e+00	0.000e+00	0.000e+00	0.000e+00	0.000e+00	0.000e+00	0.000e+00	0.000e+00	0.000e+00	0.000e+00	0.000e+00	0.000e+00	0.000e+00	0.000e+00	0.000e+00	0.000e+00	0.000e+00	0.000e+00	0.000e+00	0.000e+00	0.000e+00	3.616e+05	8.438e+05	1.929e+06	5.666e+06	8.197e+06	1.555e+07	1.820e+07	2.182e+07	2.544e+07	2.809e+07	3.339e+07	5.738e+07	8.571e+07	
5.400	6.571e+07	7.189e+07	8.822e+07	9.512e+07	1.093e+08	1.329e+08	1.726e+08	2.040e+08	2.000e+08	1.734e+08	1.176e+08	9.246e+07	9.924e+07	1.117e+08	1.303e+08	1.289e+08	1.107e+08	9.004e+07	7.406e+07	2.989e+07	7.261e+06	4.236e+06	3.631e+06	3.752e+06	2.178e+06	3.389e+06	3.510e+06	1.017e+07	1.513e+07	2.311e+07	1.416e+07	1.694e+06	3.631e+05	0.000e+00	0.000e+00	0.000e+00	0.000e+00	0.000e+00	0.000e+00	0.000e+00	0.000e+00	0.000e+00	0.000e+00	0.000e+00	0.000e+00	0.000e+00	0.000e+00	0.000e+00	0.000e+00	0.000e+00	0.000e+00	0.000e+00	0.000e+00	0.000e+00	0.000e+00	0.000e+00	0.000e+00	0.000e+00	0.000e+00	0.000e+00	0.000e+00	0.000e+00	0.000e+00	0.000e+00	0.000e+00	0.000e+00	0.000e+00	0.000e+00	0.000e+00	0.000e+00	0.000e+00	0.000e+00	0.000e+00	0.000e+00	0.000e+00	0.000e+00	0.000e+00	0.000e+00	0.000e+00	0.000e+00	0.000e+00	0.000e+00	0.000e+00	0.000e+00	0.000e+00	0.000e+00	0.000e+00	0.000e+00	0.000e+00	1.210e+05	8.471e+05	3.268e+06	6.535e+06	6.051e+06	6.777e+06	1.440e+07	1.670e+07	2.336e+07	4.236e+07	5.942e+07	
9.000	3.818e+07	5.843e+07	6.745e+07	8.746e+07	1.269e+08	1.619e+08	1.582e+08	1.619e+08	1.578e+08	1.248e+08	7.550e+07	6.013e+07	5.550e+07	6.392e+07	7.697e+07	8.197e+07	8.233e+07	8.233e+07	4.513e+07	9.636e+06	5.489e+06	4.513e+06	2.805e+06	2.683e+06	1.830e+06	1.952e+06	7.807e+06	1.659e+07	3.562e+07	3.489e+07	1.537e+07	2.683e+06	3.659e+05	0.000e+00	0.000e+00	0.000e+00	0.000e+00	0.000e+00	0.000e+00	0.000e+00	0.000e+00	0.000e+00	0.000e+00	1.220e+05	0.000e+00	0.000e+00	0.000e+00	0.000e+00	1.220e+05	0.000e+00	0.000e+00	0.000e+00	0.000e+00	0.000e+00	0.000e+00	0.000e+00	0.000e+00	0.000e+00	0.000e+00	0.000e+00	0.000e+00	0.000e+00	0.000e+00	0.000e+00	0.000e+00	0.000e+00	0.000e+00	0.000e+00	0.000e+00	0.000e+00	0.000e+00	0.000e+00	0.000e+00	0.000e+00	0.000e+00	0.000e+00	0.000e+00	0.000e+00	0.000e+00	0.000e+00	0.000e+00	0.000e+00	0.000e+00	0.000e+00	0.000e+00	0.000e+00	0.000e+00	0.000e+00	0.000e+00	1.220e+05	0.000e+00	3.659e+05	8.538e+05	8.538e+05	1.342e+06	4.513e+06	7.441e+06	1.220e+07	1.513e+07	3.110e+07	
12.600	2.605e+07	3.864e+07	4.987e+07	7.073e+07	1.081e+08	1.041e+08	7.888e+07	7.641e+07	7.234e+07	5.407e+07	3.444e+07	3.160e+07	3.024e+07	3.716e+07	4.814e+07	5.666e+07	5.888e+07	4.308e+07	1.691e+07	6.789e+06	5.061e+06	2.963e+06	1.234e+06	7.406e+05	4.320e+06	6.049e+06	1.308e+07	1.901e+07	5.172e+07	2.024e+07	7.530e+06	1.481e+06	2.469e+05	0.000e+00	0.000e+00	1.234e+05	0.000e+00	0.000e+00	0.000e+00	0.000e+00	0.000e+00	0.000e+00	0.000e+00	0.000e+00	0.000e+00	0.000e+00	0.000e+00	0.000e+00	0.000e+00	0.000e+00	0.000e+00	0.000e+00	0.000e+00	0.000e+00	0.000e+00	0.000e+00	0.000e+00	0.000e+00	0.000e+00	0.000e+00	0.000e+00	0.000e+00	0.000e+00	0.000e+00	0.000e+00	0.000e+00	0.000e+00	0.000e+00	0.000e+00	0.000e+00	0.000e+00	0.000e+00	0.000e+00	0.000e+00	0.000e+00	0.000e+00	0.000e+00	0.000e+00	0.000e+00	0.000e+00	0.000e+00	0.000e+00	0.000e+00	0.000e+00	0.000e+00	0.000e+00	0.000e+00	0.000e+00	0.000e+00	0.000e+00	0.000e+00	0.000e+00	1.234e+05	0.000e+00	0.000e+00	7.406e+05	2.345e+06	2.963e+06	6.295e+06	1.234e+07	
16.200	1.618e+07	2.659e+07	3.588e+07	5.607e+07	7.702e+07	8.392e+07	6.473e+07	7.213e+07	5.657e+07	3.324e+07	2.270e+07	1.355e+07	1.154e+07	1.530e+07	1.681e+07	2.797e+07	3.713e+07	2.057e+07	1.229e+07	6.523e+06	4.014e+06	1.631e+06	1.129e+06	6.272e+05	3.763e+05	6.272e+05	1.004e+06	4.892e+06	3.550e+07	1.192e+07	4.014e+06	6.272e+05	1.254e+05	0.000e+00	0.000e+00	1.254e+05	0.000e+00	0.000e+00	0.000e+00	0.000e+00	0.000e+00	0.000e+00	0.000e+00	0.000e+00	0.000e+00	0.000e+00	0.000e+00	0.000e+00	0.000e+00	0.000e+00	0.000e+00	0.000e+00	0.000e+00	0.000e+00	0.000e+00	0.000e+00	0.000e+00	0.000e+00	0.000e+00	0.000e+00	0.000e+00	0.000e+00	0.000e+00	0.000e+00	0.000e+00	0.000e+00	0.000e+00	0.000e+00	0.000e+00	0.000e+00	0.000e+00	0.000e+00	0.000e+00	0.000e+00	0.000e+00	0.000e+00	0.000e+00	0.000e+00	0.000e+00	0.000e+00	0.000e+00	0.000e+00	0.000e+00	0.000e+00	0.000e+00	0.000e+00	0.000e+00	0.000e+00	0.000e+00	1.254e+05	1.254e+05	1.254e+05	0.000e+00	5.018e+05	0.000e+00	1.756e+06	1.505e+06	3.387e+06	4.641e+06	9.910e+06	
19.800	2.023e+07	2.292e+07	4.263e+07	5.978e+07	8.257e+07	1.005e+08	9.422e+07	1.144e+08	8.769e+07	4.967e+07	3.200e+07	1.485e+07	1.165e+07	1.088e+07	1.651e+07	2.368e+07	2.471e+07	1.562e+07	8.705e+06	8.321e+06	5.121e+06	2.560e+06	5.121e+05	1.280e+05	3.841e+05	3.841e+05	5.121e+05	5.121e+05	9.345e+06	6.785e+06	2.432e+06	6.401e+05	1.280e+05	0.000e+00	0.000e+00	0.000e+00	0.000e+00	0.000e+00	0.000e+00	0.000e+00	0.000e+00	0.000e+00	0.000e+00	0.000e+00	0.000e+00	0.000e+00	0.000e+00	0.000e+00	0.000e+00	0.000e+00	0.000e+00	0.000e+00	0.000e+00	0.000e+00	0.000e+00	0.000e+00	0.000e+00	0.000e+00	0.000e+00	0.000e+00	0.000e+00	0.000e+00	0.000e+00	0.000e+00	0.000e+00	0.000e+00	0.000e+00	0.000e+00	0.000e+00	0.000e+00	0.000e+00	0.000e+00	0.000e+00	0.000e+00	0.000e+00	0.000e+00	0.000e+00	0.000e+00	0.000e+00	0.000e+00	0.000e+00	0.000e+00	0.000e+00	0.000e+00	0.000e+00	0.000e+00	0.000e+00	0.000e+00	2.560e+05	2.560e+05	0.000e+00	7.681e+05	8.961e+05	1.280e+05	5.121e+05	1.024e+06	3.456e+06	5.505e+06	5.377e+06	9.601e+06	
23.400	3.648e+07	4.278e+07	4.751e+07	7.415e+07	1.071e+08	1.269e+08	1.516e+08	1.720e+08	1.471e+08	8.832e+07	5.866e+07	3.845e+07	2.900e+07	2.874e+07	3.622e+07	4.108e+07	3.202e+07	2.664e+07	1.050e+07	6.824e+06	7.480e+06	4.068e+06	2.625e+06	1.181e+06	3.937e+05	0.000e+00	1.312e+05	7.874e+05	5.249e+05	5.643e+06	3.281e+06	6.562e+05	2.625e+05	0.000e+00	0.000e+00	0.000e+00	0.000e+00	0.000e+00	0.000e+00	0.000e+00	0.000e+00	0.000e+00	0.000e+00	0.000e+00	0.000e+00	0.000e+00	0.000e+00	0.000e+00	0.000e+00	0.000e+00	0.000e+00	0.000e+00	0.000e+00	0.000e+00	0.000e+00	0.000e+00	0.000e+00	0.000e+00	0.000e+00	0.000e+00	0.000e+00	0.000e+00	0.000e+00	0.000e+00	0.000e+00	0.000e+00	0.000e+00	0.000e+00	0.000e+00	0.000e+00	0.000e+00	0.000e+00	0.000e+00	0.000e+00	0.000e+00	0.000e+00	0.000e+00	0.000e+00	0.000e+00	0.000e+00	0.000e+00	0.000e+00	0.000e+00	0.000e+00	0.000e+00	0.000e+00	1.312e+05	1.312e+05	0.000e+00	2.625e+05	7.874e+05	1.181e+06	1.837e+06	1.050e+06	2.231e+06	6.037e+06	8.530e+06	1.076e+07	1.207e+07	2.310e+07	
27.000	6.988e+07	8.272e+07	8.799e+07	1.180e+08	1.425e+08	1.530e+08	1.688e+08	1.702e+08	1.777e+08	1.418e+08	1.087e+08	1.041e+08	9.975e+07	1.046e+08	1.252e+08	1.106e+08	9.745e+07	7.001e+07	3.920e+07	1.406e+07	7.299e+06	7.028e+06	2.298e+06	1.622e+06	1.757e+06	6.758e+05	6.758e+05	1.216e+06	8.110e+05	1.081e+06	1.487e+06	4.055e+05	0.000e+00	0.000e+00	0.000e+00	0.000e+00	0.000e+00	0.000e+00	0.000e+00	0.000e+00	0.000e+00	0.000e+00	0.000e+00	0.000e+00	0.000e+00	0.000e+00	0.000e+00	0.000e+00	0.000e+00	0.000e+00	0.000e+00	0.000e+00	0.000e+00	0.000e+00	0.000e+00	0.000e+00	0.000e+00	0.000e+00	0.000e+00	0.000e+00	0.000e+00	0.000e+00	0.000e+00	0.000e+00	0.000e+00	0.000e+00	0.000e+00	0.000e+00	0.000e+00	0.000e+00	0.000e+00	0.000e+00	0.000e+00	0.000e+00	0.000e+00	0.000e+00	0.000e+00	0.000e+00	0.000e+00	0.000e+00	0.000e+00	0.000e+00	0.000e+00	0.000e+00	0.000e+00	2.703e+05	0.000e+00	8.110e+05	6.758e+05	2.568e+06	3.244e+06	3.920e+06	5.677e+06	1.081e+07	1.068e+07	1.595e+07	2.054e+07	2.392e+07	2.568e+07	4.055e+07	
30.600	7.834e+07	1.128e+08	1.223e+08	1.336e+08	1.665e+08	1.766e+08	1.898e+08	1.935e+08	1.833e+08	1.802e+08	1.792e+08	1.791e+08	1.908e+08	2.129e+08	2.199e+08	2.182e+08	2.006e+08	1.574e+08	9.569e+07	5.904e+07	2.770e+07	4.757e+06	3.777e+06	2.518e+06	1.399e+06	3.358e+06	3.637e+06	8.394e+05	1.119e+06	1.399e+05	2.798e+05	0.000e+00	1.399e+05	0.000e+00	0.000e+00	0.000e+00	0.000e+00	0.000e+00	0.000e+00	0.000e+00	0.000e+00	0.000e+00	0.000e+00	0.000e+00	0.000e+00	0.000e+00	0.000e+00	0.000e+00	0.000e+00	0.000e+00	0.000e+00	0.000e+00	0.000e+00	0.000e+00	0.000e+00	0.000e+00	0.000e+00	0.000e+00	0.000e+00	0.000e+00	0.000e+00	0.000e+00	0.000e+00	0.000e+00	0.000e+00	0.000e+00	0.000e+00	0.000e+00	0.000e+00	0.000e+00	0.000e+00	0.000e+00	0.000e+00	0.000e+00	0.000e+00	0.000e+00	0.000e+00	0.000e+00	0.000e+00	0.000e+00	0.000e+00	0.000e+00	0.000e+00	0.000e+00	0.000e+00	0.000e+00	2.798e+05	5.596e+05	2.938e+06	6.155e+06	8.674e+06	1.287e+07	1.791e+07	2.084e+07	2.462e+07	3.525e+07	4.239e+07	5.064e+07	4.533e+07	5.372e+07	
34.200	6.958e+07	9.972e+07	1.300e+08	1.195e+08	1.236e+08	1.370e+08	1.511e+08	1.833e+08	1.777e+08	1.821e+08	2.108e+08	2.085e+08	2.109e+08	2.430e+08	2.457e+08	2.451e+08	2.482e+08	2.368e+08	1.690e+08	9.797e+07	6.274e+07	3.319e+07	1.616e+07	1.092e+07	5.969e+06	4.076e+06	2.329e+06	3.057e+06	1.019e+06	7.279e+05	0.000e+00	2.911e+05	1.456e+05	0.000e+00	0.000e+00	0.000e+00	0.000e+00	0.000e+00	0.000e+00	0.000e+00	0.000e+00	0.000e+00	0.000e+00	0.000e+00	0.000e+00	0.000e+00	0.000e+00	0.000e+00	0.000e+00	0.000e+00	0.000e+00	0.000e+00	0.000e+00	0.000e+00	0.000e+00	0.000e+00	0.000e+00	0.000e+00	0.000e+00	0.000e+00	0.000e+00	0.000e+00	0.000e+00	0.000e+00	0.000e+00	0.000e+00	0.000e+00	0.000e+00	0.000e+00	0.000e+00	0.000e+00	0.000e+00	0.000e+00	0.000e+00	0.000e+00	0.000e+00	0.000e+00	0.000e+00	0.000e+00	0.000e+00	0.000e+00	0.000e+00	0.000e+00	1.456e+05	2.911e+05	5.823e+05	1.892e+06	2.620e+06	4.513e+06	6.696e+06	8.734e+06	1.208e+07	1.383e+07	1.732e+07	2.373e+07	3.450e+07	4.600e+07	5.212e+07	5.459e+07	5.808e+07	
37.800	3.093e+07	3.474e+07	8.334e+07	9.126e+07	6.597e+07	6.490e+07	8.745e+07	1.012e+08	1.371e+08	1.313e+08	1.921e+08	1.949e+08	1.993e+08	1.853e+08	1.792e+08	1.866e+08	1.988e+08	1.891e+08	1.496e+08	9.918e+07	7.176e+07	5.409e+07	5.500e+07	3.565e+07	2.940e+07	2.103e+07	1.813e+07	1.158e+07	9.141e+06	1.219e+06	1.524e+05	0.000e+00	1.524e+05	0.000e+00	0.000e+00	0.000e+00	0.000e+00	0.000e+00	0.000e+00	0.000e+00	0.000e+00	0.000e+00	0.000e+00	0.000e+00	0.000e+00	0.000e+00	0.000e+00	0.000e+00	0.000e+00	0.000e+00	0.000e+00	0.000e+00	0.000e+00	0.000e+00	0.000e+00	0.000e+00	0.000e+00	0.000e+00	0.000e+00	0.000e+00	0.000e+00	0.000e+00	0.000e+00	0.000e+00	0.000e+00	0.000e+00	0.000e+00	0.000e+00	0.000e+00	0.000e+00	0.000e+00	0.000e+00	0.000e+00	0.000e+00	0.000e+00	0.000e+00	0.000e+00	0.000e+00	0.000e+00	0.000e+00	0.000e+00	0.000e+00	0.000e+00	0.000e+00	3.047e+05	1.676e+06	1.828e+06	2.895e+06	3.504e+06	4.418e+06	5.942e+06	8.227e+06	8.837e+06	1.249e+07	1.402e+07	1.630e+07	2.179e+07	3.184e+07	3.382e+07	3.596e+07	
41.400	5.777e+06	1.284e+07	3.402e+07	3.787e+07	2.343e+07	2.712e+07	3.370e+07	4.284e+07	6.274e+07	7.398e+07	1.184e+08	8.649e+07	7.606e+07	5.825e+07	5.087e+07	5.135e+07	5.697e+07	5.745e+07	5.360e+07	5.600e+07	4.638e+07	3.530e+07	4.284e+07	4.092e+07	3.097e+07	2.263e+07	1.540e+07	1.171e+07	4.974e+06	1.123e+06	0.000e+00	0.000e+00	0.000e+00	0.000e+00	0.000e+00	1.605e+05	0.000e+00	0.000e+00	0.000e+00	0.000e+00	0.000e+00	0.000e+00	0.000e+00	0.000e+00	0.000e+00	0.000e+00	0.000e+00	0.000e+00	0.000e+00	0.000e+00	0.000e+00	0.000e+00	0.000e+00	0.000e+00	0.000e+00	0.000e+00	0.000e+00	0.000e+00	0.000e+00	0.000e+00	0.000e+00	0.000e+00	0.000e+00	0.000e+00	0.000e+00	0.000e+00	0.000e+00	0.000e+00	0.000e+00	0.000e+00	0.000e+00	0.000e+00	0.000e+00	0.000e+00	0.000e+00	0.000e+00	0.000e+00	0.000e+00	0.000e+00	0.000e+00	0.000e+00	0.000e+00	0.000e+00	0.000e+00	0.000e+00	8.023e+05	8.023e+05	1.926e+06	2.247e+06	1.444e+06	2.567e+06	2.888e+06	2.728e+06	3.209e+06	4.012e+06	5.937e+06	5.616e+06	6.098e+06	8.184e+06	5.135e+06	
45.000	1.702e+06	4.255e+06	7.148e+06	7.148e+06	5.106e+06	5.957e+06	1.021e+07	1.157e+07	1.481e+07	1.685e+07	2.791e+07	1.225e+07	9.531e+06	1.038e+07	1.157e+07	1.055e+07	1.396e+07	1.311e+07	1.311e+07	2.076e+07	2.570e+07	2.076e+07	2.638e+07	3.115e+07	3.047e+07	1.242e+07	5.957e+06	1.702e+06	8.510e+05	1.702e+05	0.000e+00	1.702e+05	0.000e+00	0.000e+00	0.000e+00	0.000e+00	0.000e+00	0.000e+00	0.000e+00	0.000e+00	0.000e+00	0.000e+00	0.000e+00	0.000e+00	0.000e+00	1.702e+05	6.808e+05	6.808e+05	1.532e+06	1.191e+06	3.404e+05	0.000e+00	0.000e+00	0.000e+00	0.000e+00	0.000e+00	0.000e+00	0.000e+00	0.000e+00	0.000e+00	0.000e+00	0.000e+00	0.000e+00	0.000e+00	0.000e+00	0.000e+00	0.000e+00	0.000e+00	0.000e+00	0.000e+00	0.000e+00	0.000e+00	0.000e+00	0.000e+00	0.000e+00	0.000e+00	0.000e+00	0.000e+00	0.000e+00	0.000e+00	0.000e+00	0.000e+00	0.000e+00	0.000e+00	0.000e+00	0.000e+00	0.000e+00	0.000e+00	1.702e+05	0.000e+00	0.000e+00	0.000e+00	0.000e+00	1.702e+05	5.106e+05	1.702e+05	1.702e+05	5.106e+05	1.702e+05	8.510e+05	
48.600	3.639e+05	7.278e+05	7.278e+05	1.819e+05	7.278e+05	5.458e+05	1.092e+06	1.092e+06	1.092e+06	1.638e+06	1.819e+05	3.639e+05	0.000e+00	7.278e+05	3.639e+05	1.456e+06	2.365e+06	2.729e+06	3.457e+06	5.640e+06	6.732e+06	8.006e+06	8.370e+06	1.328e+07	9.097e+06	4.549e+06	3.639e+05	0.000e+00	0.000e+00	0.000e+00	1.819e+05	0.000e+00	0.000e+00	0.000e+00	0.000e+00	0.000e+00	0.000e+00	0.000e+00	0.000e+00	0.000e+00	1.819e+05	1.819e+05	0.000e+00	0.000e+00	0.000e+00	9.097e+05	2.729e+06	3.275e+06	4.731e+06	1.819e+06	1.819e+05	0.000e+00	0.000e+00	0.000e+00	0.000e+00	0.000e+00	0.000e+00	0.000e+00	0.000e+00	0.000e+00	0.000e+00	0.000e+00	0.000e+00	0.000e+00	0.000e+00	0.000e+00	0.000e+00	0.000e+00	0.000e+00	0.000e+00	0.000e+00	0.000e+00	0.000e+00	0.000e+00	0.000e+00	0.000e+00	0.000e+00	0.000e+00	0.000e+00	0.000e+00	0.000e+00	0.000e+00	0.000e+00	0.000e+00	0.000e+00	0.000e+00	0.000e+00	0.000e+00	0.000e+00	0.000e+00	0.000e+00	0.000e+00	0.000e+00	0.000e+00	0.000e+00	0.000e+00	0.000e+00	1.819e+05	0.000e+00	0.000e+00	
52.200	0.000e+00	0.000e+00	0.000e+00	0.000e+00	0.000e+00	0.000e+00	0.000e+00	0.000e+00	0.000e+00	0.000e+00	0.000e+00	0.000e+00	0.000e+00	0.000e+00	1.963e+05	1.963e+05	0.000e+00	3.925e+05	9.814e+05	9.814e+05	2.159e+06	1.963e+05	0.000e+00	1.963e+05	0.000e+00	0.000e+00	0.000e+00	0.000e+00	0.000e+00	0.000e+00	1.963e+05	0.000e+00	0.000e+00	0.000e+00	0.000e+00	0.000e+00	0.000e+00	0.000e+00	0.000e+00	0.000e+00	0.000e+00	3.925e+05	1.963e+05	1.963e+05	1.963e+05	5.888e+05	3.533e+06	3.140e+06	2.748e+06	4.514e+06	2.159e+06	0.000e+00	0.000e+00	0.000e+00	0.000e+00	0.000e+00	0.000e+00	0.000e+00	0.000e+00	0.000e+00	0.000e+00	0.000e+00	0.000e+00	0.000e+00	0.000e+00	0.000e+00	0.000e+00	0.000e+00	0.000e+00	0.000e+00	0.000e+00	0.000e+00	0.000e+00	0.000e+00	0.000e+00	0.000e+00	0.000e+00	0.000e+00	0.000e+00	0.000e+00	0.000e+00	0.000e+00	0.000e+00	0.000e+00	0.000e+00	0.000e+00	0.000e+00	0.000e+00	0.000e+00	0.000e+00	0.000e+00	0.000e+00	0.000e+00	0.000e+00	0.000e+00	0.000e+00	0.000e+00	0.000e+00	0.000e+00	0.000e+00	
55.800	0.000e+00	0.000e+00	0.000e+00	0.000e+00	0.000e+00	0.000e+00	0.000e+00	0.000e+00	0.000e+00	0.000e+00	0.000e+00	0.000e+00	0.000e+00	0.000e+00	0.000e+00	0.000e+00	2.140e+05	4.279e+05	8.558e+05	2.140e+05	8.558e+05	4.279e+05	4.279e+05	2.140e+05	2.140e+05	0.000e+00	2.140e+05	0.000e+00	6.419e+05	2.140e+06	2.140e+06	6.419e+05	0.000e+00	0.000e+00	0.000e+00	0.000e+00	0.000e+00	0.000e+00	0.000e+00	0.000e+00	0.000e+00	0.000e+00	2.140e+05	0.000e+00	0.000e+00	2.140e+05	1.498e+06	5.135e+06	6.633e+06	3.637e+06	1.284e+06	1.284e+06	6.419e+05	2.140e+05	2.140e+05	0.000e+00	0.000e+00	0.000e+00	0.000e+00	0.000e+00	0.000e+00	0.000e+00	0.000e+00	0.000e+00	0.000e+00	0.000e+00	0.000e+00	0.000e+00	0.000e+00	0.000e+00	0.000e+00	0.000e+00	0.000e+00	0.000e+00	0.000e+00	0.000e+00	0.000e+00	0.000e+00	0.000e+00	0.000e+00	0.000e+00	0.000e+00	0.000e+00	0.000e+00	0.000e+00	0.000e+00	0.000e+00	0.000e+00	0.000e+00	0.000e+00	0.000e+00	0.000e+00	0.000e+00	0.000e+00	0.000e+00	0.000e+00	0.000e+00	0.000e+00	0.000e+00	0.000e+00	
59.400	0.000e+00	0.000e+00	0.000e+00	0.000e+00	0.000e+00	0.000e+00	0.000e+00	0.000e+00	0.000e+00	0.000e+00	0.000e+00	0.000e+00	0.000e+00	0.000e+00	0.000e+00	0.000e+00	0.000e+00	4.724e+05	1.181e+06	9.447e+05	4.724e+05	4.724e+05	4.724e+05	7.085e+05	2.362e+05	1.417e+06	1.181e+06	2.126e+06	1.016e+07	1.535e+07	1.984e+07	1.512e+07	4.724e+06	7.085e+05	0.000e+00	0.000e+00	0.000e+00	0.000e+00	0.000e+00	0.000e+00	0.000e+00	0.000e+00	0.000e+00	0.000e+00	0.000e+00	0.000e+00	0.000e+00	0.000e+00	1.417e+06	7.085e+05	7.085e+05	2.362e+05	1.417e+06	0.000e+00	0.000e+00	2.362e+05	0.000e+00	0.000e+00	0.000e+00	0.000e+00	0.000e+00	0.000e+00	0.000e+00	0.000e+00	0.000e+00	0.000e+00	0.000e+00	0.000e+00	0.000e+00	0.000e+00	0.000e+00	0.000e+00	0.000e+00	0.000e+00	0.000e+00	0.000e+00	0.000e+00	0.000e+00	0.000e+00	0.000e+00	0.000e+00	0.000e+00	0.000e+00	0.000e+00	0.000e+00	0.000e+00	0.000e+00	0.000e+00	0.000e+00	0.000e+00	0.000e+00	0.000e+00	0.000e+00	0.000e+00	0.000e+00	0.000e+00	0.000e+00	0.000e+00	0.000e+00	0.000e+00	
63.000	0.000e+00	0.000e+00	0.000e+00	0.000e+00	0.000e+00	0.000e+00	0.000e+00	0.000e+00	0.000e+00	0.000e+00	0.000e+00	0.000e+00	0.000e+00	0.000e+00	0.000e+00	0.000e+00	0.000e+00	0.000e+00	0.000e+00	0.000e+00	2.647e+05	0.000e+00	2.647e+05	0.000e+00	2.647e+05	1.059e+06	3.176e+06	5.823e+06	3.071e+07	5.188e+07	1.133e+08	1.821e+08	1.223e+08	3.997e+07	1.271e+07	5.294e+05	0.000e+00	0.000e+00	0.000e+00	0.000e+00	0.000e+00	0.000e+00	0.000e+00	0.000e+00	0.000e+00	0.000e+00	0.000e+00	0.000e+00	0.000e+00	0.000e+00	0.000e+00	0.000e+00	0.000e+00	0.000e+00	2.647e+05	0.000e+00	0.000e+00	0.000e+00	0.000e+00	0.000e+00	0.000e+00	0.000e+00	0.000e+00	0.000e+00	0.000e+00	0.000e+00	0.000e+00	0.000e+00	0.000e+00	0.000e+00	0.000e+00	0.000e+00	0.000e+00	0.000e+00	0.000e+00	0.000e+00	0.000e+00	0.000e+00	0.000e+00	0.000e+00	0.000e+00	0.000e+00	0.000e+00	0.000e+00	0.000e+00	0.000e+00	0.000e+00	0.000e+00	0.000e+00	0.000e+00	0.000e+00	0.000e+00	0.000e+00	0.000e+00	0.000e+00	0.000e+00	0.000e+00	0.000e+00	0.000e+00	0.000e+00	
66.600	0.000e+00	0.000e+00	0.000e+00	0.000e+00	0.000e+00	0.000e+00	0.000e+00	0.000e+00	0.000e+00	0.000e+00	0.000e+00	0.000e+00	0.000e+00	0.000e+00	0.000e+00	0.000e+00	0.000e+00	0.000e+00	0.000e+00	0.000e+00	3.024e+05	0.000e+00	0.000e+00	0.000e+00	0.000e+00	3.024e+05	6.048e+05	2.722e+06	7.258e+06	1.603e+07	3.901e+07	7.500e+07	1.827e+08	7.440e+07	2.117e+07	4.234e+06	0.000e+00	0.000e+00	0.000e+00	0.000e+00	3.024e+05	0.000e+00	0.000e+00	0.000e+00	0.000e+00	0.000e+00	0.000e+00	0.000e+00	0.000e+00	0.000e+00	0.000e+00	0.000e+00	0.000e+00	0.000e+00	0.000e+00	0.000e+00	0.000e+00	0.000e+00	0.000e+00	0.000e+00	0.000e+00	0.000e+00	0.000e+00	0.000e+00	0.000e+00	0.000e+00	0.000e+00	0.000e+00	0.000e+00	0.000e+00	0.000e+00	0.000e+00	0.000e+00	0.000e+00	0.000e+00	0.000e+00	0.000e+00	0.000e+00	0.000e+00	0.000e+00	0.000e+00	0.000e+00	0.000e+00	0.000e+00	0.000e+00	0.000e+00	0.000e+00	0.000e+00	0.000e+00	0.000e+00	0.000e+00	0.000e+00	0.000e+00	0.000e+00	0.000e+00	0.000e+00	0.000e+00	0.000e+00	0.000e+00	0.000e+00	
70.200	0.000e+00	0.000e+00	0.000e+00	0.000e+00	0.000e+00	0.000e+00	0.000e+00	0.000e+00	0.000e+00	0.000e+00	0.000e+00	0.000e+00	0.000e+00	0.000e+00	0.000e+00	0.000e+00	0.000e+00	0.000e+00	0.000e+00	0.000e+00	0.000e+00	0.000e+00	0.000e+00	0.000e+00	0.000e+00	0.000e+00	0.000e+00	0.000e+00	0.000e+00	1.063e+06	0.000e+00	3.543e+06	7.086e+06	5.315e+06	1.772e+06	0.000e+00	0.000e+00	3.543e+05	3.543e+05	7.086e+05	1.063e+06	0.000e+00	3.543e+05	3.543e+05	3.543e+05	7.086e+05	3.543e+05	0.000e+00	0.000e+00	0.000e+00	0.000e+00	0.000e+00	0.000e+00	0.000e+00	0.000e+00	0.000e+00	0.000e+00	0.000e+00	0.000e+00	0.000e+00	0.000e+00	0.000e+00	0.000e+00	0.000e+00	0.000e+00	0.000e+00	0.000e+00	0.000e+00	0.000e+00	0.000e+00	0.000e+00	0.000e+00	0.000e+00	0.000e+00	0.000e+00	0.000e+00	0.000e+00	0.000e+00	0.000e+00	0.000e+00	0.000e+00	0.000e+00	0.000e+00	0.000e+00	0.000e+00	0.000e+00	0.000e+00	0.000e+00	0.000e+00	0.000e+00	0.000e+00	0.000e+00	0.000e+00	0.000e+00	0.000e+00	0.000e+00	0.000e+00	0.000e+00	0.000e+00	0.000e+00	
73.800	0.000e+00	0.000e+00	0.000e+00	0.000e+00	0.000e+00	0.000e+00	0.000e+00	0.000e+00	0.000e+00	0.000e+00	0.000e+00	0.000e+00	0.000e+00	0.000e+00	0.000e+00	0.000e+00	0.000e+00	0.000e+00	0.000e+00	0.000e+00	0.000e+00	0.000e+00	0.000e+00	0.000e+00	0.000e+00	0.000e+00	0.000e+00	0.000e+00	0.000e+00	0.000e+00	0.000e+00	0.000e+00	0.000e+00	0.000e+00	0.000e+00	4.297e+05	0.000e+00	4.297e+05	4.297e+05	8.595e+05	0.000e+00	0.000e+00	4.297e+05	0.000e+00	4.297e+05	0.000e+00	0.000e+00	0.000e+00	0.000e+00	0.000e+00	0.000e+00	0.000e+00	0.000e+00	0.000e+00	0.000e+00	0.000e+00	0.000e+00	0.000e+00	0.000e+00	0.000e+00	0.000e+00	0.000e+00	0.000e+00	0.000e+00	0.000e+00	0.000e+00	0.000e+00	0.000e+00	0.000e+00	0.000e+00	0.000e+00	0.000e+00	0.000e+00	0.000e+00	0.000e+00	0.000e+00	0.000e+00	0.000e+00	0.000e+00	0.000e+00	0.000e+00	0.000e+00	0.000e+00	0.000e+00	0.000e+00	0.000e+00	0.000e+00	0.000e+00	0.000e+00	0.000e+00	0.000e+00	0.000e+00	0.000e+00	0.000e+00	0.000e+00	0.000e+00	0.000e+00	0.000e+00	0.000e+00	0.000e+00	
77.400	0.000e+00	0.000e+00	0.000e+00	0.000e+00	0.000e+00	0.000e+00	0.000e+00	0.000e+00	0.000e+00	0.000e+00	0.000e+00	0.000e+00	0.000e+00	0.000e+00	0.000e+00	0.000e+00	0.000e+00	0.000e+00	0.000e+00	0.000e+00	0.000e+00	0.000e+00	0.000e+00	0.000e+00	0.000e+00	0.000e+00	0.000e+00	0.000e+00	0.000e+00	0.000e+00	0.000e+00	0.000e+00	0.000e+00	0.000e+00	0.000e+00	0.000e+00	0.000e+00	0.000e+00	0.000e+00	0.000e+00	5.487e+05	0.000e+00	0.000e+00	0.000e+00	0.000e+00	0.000e+00	0.000e+00	0.000e+00	0.000e+00	0.000e+00	0.000e+00	0.000e+00	0.000e+00	0.000e+00	0.000e+00	0.000e+00	0.000e+00	0.000e+00	0.000e+00	0.000e+00	0.000e+00	0.000e+00	0.000e+00	0.000e+00	0.000e+00	0.000e+00	0.000e+00	0.000e+00	0.000e+00	0.000e+00	0.000e+00	0.000e+00	0.000e+00	0.000e+00	0.000e+00	0.000e+00	0.000e+00	0.000e+00	0.000e+00	0.000e+00	0.000e+00	0.000e+00	0.000e+00	0.000e+00	0.000e+00	0.000e+00	0.000e+00	0.000e+00	0.000e+00	0.000e+00	0.000e+00	0.000e+00	0.000e+00	0.000e+00	0.000e+00	0.000e+00	0.000e+00	0.000e+00	0.000e+00	0.000e+00	
81.000	0.000e+00	0.000e+00	0.000e+00	0.000e+00	0.000e+00	0.000e+00	0.000e+00	0.000e+00	0.000e+00	0.000e+00	0.000e+00	0.000e+00	0.000e+00	0.000e+00	0.000e+00	0.000e+00	0.000e+00	0.000e+00	0.000e+00	0.000e+00	0.000e+00	0.000e+00	0.000e+00	0.000e+00	0.000e+00	0.000e+00	0.000e+00	0.000e+00	0.000e+00	0.000e+00	0.000e+00	0.000e+00	0.000e+00	0.000e+00	0.000e+00	0.000e+00	0.000e+00	0.000e+00	0.000e+00	0.000e+00	0.000e+00	0.000e+00	0.000e+00	0.000e+00	0.000e+00	0.000e+00	0.000e+00	0.000e+00	0.000e+00	0.000e+00	0.000e+00	0.000e+00	0.000e+00	0.000e+00	0.000e+00	0.000e+00	0.000e+00	0.000e+00	0.000e+00	0.000e+00	0.000e+00	0.000e+00	0.000e+00	0.000e+00	0.000e+00	0.000e+00	0.000e+00	0.000e+00	0.000e+00	0.000e+00	0.000e+00	0.000e+00	0.000e+00	0.000e+00	0.000e+00	0.000e+00	0.000e+00	0.000e+00	0.000e+00	0.000e+00	0.000e+00	0.000e+00	0.000e+00	0.000e+00	0.000e+00	0.000e+00	0.000e+00	0.000e+00	0.000e+00	0.000e+00	0.000e+00	0.000e+00	0.000e+00	0.000e+00	0.000e+00	0.000e+00	0.000e+00	0.000e+00	0.000e+00	0.000e+00	
84.600	0.000e+00	0.000e+00	0.000e+00	0.000e+00	0.000e+00	0.000e+00	0.000e+00	0.000e+00	0.000e+00	0.000e+00	0.000e+00	0.000e+00	0.000e+00	0.000e+00	0.000e+00	0.000e+00	0.000e+00	0.000e+00	0.000e+00	0.000e+00	0.000e+00	0.000e+00	0.000e+00	0.000e+00	0.000e+00	0.000e+00	0.000e+00	0.000e+00	0.000e+00	0.000e+00	0.000e+00	0.000e+00	0.000e+00	0.000e+00	0.000e+00	0.000e+00	0.000e+00	0.000e+00	0.000e+00	0.000e+00	0.000e+00	0.000e+00	0.000e+00	0.000e+00	0.000e+00	0.000e+00	0.000e+00	0.000e+00	0.000e+00	0.000e+00	0.000e+00	0.000e+00	0.000e+00	0.000e+00	0.000e+00	0.000e+00	0.000e+00	0.000e+00	0.000e+00	0.000e+00	0.000e+00	0.000e+00	0.000e+00	0.000e+00	0.000e+00	0.000e+00	0.000e+00	0.000e+00	0.000e+00	0.000e+00	0.000e+00	0.000e+00	0.000e+00	0.000e+00	0.000e+00	0.000e+00	0.000e+00	0.000e+00	0.000e+00	0.000e+00	0.000e+00	0.000e+00	0.000e+00	0.000e+00	0.000e+00	0.000e+00	0.000e+00	0.000e+00	0.000e+00	0.000e+00	0.000e+00	0.000e+00	0.000e+00	0.000e+00	0.000e+00	0.000e+00	0.000e+00	0.000e+00	0.000e+00	0.000e+00	
88.200	0.000e+00	0.000e+00	0.000e+00	0.000e+00	0.000e+00	0.000e+00	0.000e+00	0.000e+00	0.000e+00	0.000e+00	0.000e+00	0.000e+00	0.000e+00	0.000e+00	0.000e+00	0.000e+00	0.000e+00	0.000e+00	0.000e+00	0.000e+00	0.000e+00	0.000e+00	0.000e+00	0.000e+00	0.000e+00	0.000e+00	0.000e+00	0.000e+00	0.000e+00	0.000e+00	0.000e+00	0.000e+00	0.000e+00	0.000e+00	0.000e+00	0.000e+00	0.000e+00	0.000e+00	0.000e+00	0.000e+00	0.000e+00	0.000e+00	0.000e+00	0.000e+00	0.000e+00	0.000e+00	0.000e+00	0.000e+00	0.000e+00	0.000e+00	0.000e+00	0.000e+00	0.000e+00	0.000e+00	0.000e+00	0.000e+00	0.000e+00	0.000e+00	0.000e+00	0.000e+00	0.000e+00	0.000e+00	0.000e+00	0.000e+00	0.000e+00	0.000e+00	0.000e+00	0.000e+00	0.000e+00	0.000e+00	0.000e+00	0.000e+00	0.000e+00	0.000e+00	0.000e+00	0.000e+00	0.000e+00	0.000e+00	0.000e+00	0.000e+00	0.000e+00	0.000e+00	0.000e+00	0.000e+00	0.000e+00	0.000e+00	0.000e+00	0.000e+00	0.000e+00	0.000e+00	0.000e+00	0.000e+00	0.000e+00	0.000e+00	0.000e+00	0.000e+00	0.000e+00	0.000e+00	0.000e+00	0.000e+00	
