#
# Electrons precipitation map
# Simulation setup: northward IMF, same Solar wind as Aizawa et al. (2021)
# Simulation code: iPIC3D
# Simulation path: /home/flavorenti/Bureau/data_simu_iPIC3D/Mercury_SaeInit/PR1/Normal-newbox/texts/
# Output: Flux, units 1/cm2/s
# Output minimum: 1e-6
# Grid X-Axis (first row): local time [hours] from 0 to 24 with 100 equispaced bins
# Grid Y-Axis (first column): latitude [deg.] from -90 to 90 with 50 equispaced bins
# Signature: Federico Lavorenti
#
nan	0.120	0.360	0.600	0.840	1.080	1.320	1.560	1.800	2.040	2.280	2.520	2.760	3.000	3.240	3.480	3.720	3.960	4.200	4.440	4.680	4.920	5.160	5.400	5.640	5.880	6.120	6.360	6.600	6.840	7.080	7.320	7.560	7.800	8.040	8.280	8.520	8.760	9.000	9.240	9.480	9.720	9.960	10.200	10.440	10.680	10.920	11.160	11.400	11.640	11.880	12.120	12.360	12.600	12.840	13.080	13.320	13.560	13.800	14.040	14.280	14.520	14.760	15.000	15.240	15.480	15.720	15.960	16.200	16.440	16.680	16.920	17.160	17.400	17.640	17.880	18.120	18.360	18.600	18.840	19.080	19.320	19.560	19.800	20.040	20.280	20.520	20.760	21.000	21.240	21.480	21.720	21.960	22.200	22.440	22.680	22.920	23.160	23.400	23.640	23.880	
-88.200	1.311e+07	1.966e+07	1.966e+07	1.966e+07	1.311e+07	2.949e+07	6.553e+06	1.638e+07	3.276e+07	2.293e+07	1.966e+07	1.638e+07	1.966e+07	1.311e+07	1.966e+07	1.638e+07	2.949e+07	2.949e+07	2.293e+07	1.638e+07	2.293e+07	3.276e+06	1.966e+07	1.311e+07	0.000e+00	1.966e+07	1.966e+07	9.829e+06	6.553e+06	3.276e+06	6.553e+06	6.553e+06	9.829e+06	1.311e+07	2.949e+07	2.621e+07	2.621e+07	9.829e+06	3.276e+07	2.949e+07	1.638e+07	3.276e+06	1.638e+07	6.553e+06	2.293e+07	2.293e+07	1.311e+07	9.829e+06	9.829e+06	1.638e+07	1.311e+07	1.638e+07	3.276e+06	9.829e+06	1.638e+07	1.311e+07	2.621e+07	1.311e+07	1.311e+07	1.966e+07	1.638e+07	1.311e+07	9.829e+06	1.311e+07	6.553e+06	9.829e+06	1.638e+07	9.829e+06	1.638e+07	2.621e+07	1.638e+07	3.276e+06	6.553e+06	1.638e+07	2.293e+07	1.638e+07	1.966e+07	6.553e+06	9.829e+06	2.621e+07	9.829e+06	1.966e+07	1.311e+07	6.553e+06	6.553e+06	6.553e+06	1.638e+07	1.311e+07	2.293e+07	1.966e+07	2.621e+07	1.311e+07	1.966e+07	2.621e+07	9.829e+06	2.621e+07	1.311e+07	6.553e+06	1.311e+07	1.311e+07	
-84.600	2.734e+07	1.859e+07	8.748e+06	1.750e+07	1.203e+07	1.640e+07	1.968e+07	1.859e+07	2.078e+07	1.968e+07	1.968e+07	1.203e+07	1.968e+07	1.640e+07	1.750e+07	2.187e+07	1.531e+07	1.750e+07	1.859e+07	1.422e+07	1.640e+07	9.842e+06	2.406e+07	1.094e+07	2.406e+07	1.859e+07	1.750e+07	1.859e+07	1.859e+07	3.062e+07	1.422e+07	1.968e+07	2.078e+07	2.953e+07	2.734e+07	3.281e+07	2.078e+07	1.859e+07	1.968e+07	2.296e+07	1.968e+07	1.422e+07	2.843e+07	2.624e+07	1.968e+07	9.842e+06	1.531e+07	1.422e+07	1.640e+07	1.750e+07	2.624e+07	1.531e+07	2.624e+07	1.312e+07	1.750e+07	1.422e+07	1.422e+07	2.406e+07	1.859e+07	1.422e+07	1.312e+07	1.094e+07	1.203e+07	1.968e+07	2.078e+07	8.748e+06	1.094e+07	7.655e+06	1.422e+07	8.748e+06	7.655e+06	8.748e+06	8.748e+06	1.094e+07	6.561e+06	5.468e+06	1.312e+07	5.468e+06	7.655e+06	1.312e+07	1.094e+07	1.203e+07	1.094e+07	1.094e+07	1.094e+07	1.312e+07	1.094e+07	1.531e+07	2.406e+07	9.842e+06	2.078e+07	9.842e+06	2.296e+07	1.094e+07	1.859e+07	1.422e+07	1.422e+07	1.531e+07	1.859e+07	2.515e+07	
-81.000	1.250e+07	1.710e+07	1.118e+07	2.171e+07	1.316e+07	1.513e+07	2.039e+07	1.974e+07	1.579e+07	1.842e+07	1.710e+07	1.513e+07	3.092e+07	2.895e+07	2.105e+07	2.631e+07	2.697e+07	2.434e+07	2.829e+07	2.368e+07	2.039e+07	2.829e+07	2.697e+07	3.487e+07	2.434e+07	3.026e+07	3.881e+07	4.079e+07	4.868e+07	4.737e+07	5.789e+07	5.789e+07	5.789e+07	5.460e+07	5.723e+07	6.776e+07	7.894e+07	6.776e+07	6.513e+07	5.658e+07	5.855e+07	4.737e+07	5.460e+07	4.539e+07	4.342e+07	4.276e+07	3.421e+07	3.750e+07	3.092e+07	3.684e+07	3.092e+07	3.158e+07	2.697e+07	2.697e+07	2.697e+07	1.316e+07	2.302e+07	1.776e+07	1.184e+07	8.552e+06	1.579e+07	9.868e+06	8.552e+06	1.053e+07	1.316e+07	9.868e+06	5.263e+06	4.605e+06	5.263e+06	3.289e+06	5.263e+06	5.921e+06	3.947e+06	7.236e+06	4.605e+06	3.947e+06	7.894e+06	6.578e+06	3.289e+06	7.236e+06	7.236e+06	7.236e+06	5.921e+06	6.578e+06	1.250e+07	7.236e+06	7.894e+06	7.236e+06	8.552e+06	1.184e+07	1.118e+07	1.118e+07	1.447e+07	1.250e+07	1.053e+07	1.053e+07	1.710e+07	1.118e+07	1.316e+07	1.250e+07	
-77.400	1.604e+07	1.651e+07	1.793e+07	1.934e+07	2.170e+07	2.264e+07	1.510e+07	1.981e+07	2.453e+07	1.793e+07	2.312e+07	2.170e+07	2.642e+07	2.170e+07	2.736e+07	2.359e+07	3.161e+07	3.066e+07	2.925e+07	1.887e+07	2.264e+07	2.689e+07	3.302e+07	2.878e+07	3.680e+07	3.727e+07	4.670e+07	5.472e+07	6.557e+07	8.067e+07	1.010e+08	9.058e+07	1.057e+08	1.000e+08	1.203e+08	1.028e+08	1.109e+08	1.104e+08	1.231e+08	1.047e+08	1.198e+08	1.076e+08	9.482e+07	9.718e+07	1.005e+08	1.019e+08	8.869e+07	7.925e+07	7.218e+07	8.067e+07	7.690e+07	4.765e+07	4.199e+07	2.642e+07	1.840e+07	1.462e+07	8.492e+06	8.963e+06	9.907e+06	8.020e+06	9.907e+06	8.020e+06	7.548e+06	4.718e+06	1.887e+06	2.359e+06	3.302e+06	3.302e+06	3.302e+06	5.189e+06	5.661e+06	4.718e+06	6.133e+06	8.020e+06	8.963e+06	9.435e+06	8.492e+06	1.321e+07	6.605e+06	8.963e+06	7.548e+06	9.435e+06	9.907e+06	8.963e+06	1.038e+07	1.085e+07	9.435e+06	1.038e+07	1.698e+07	8.963e+06	1.368e+07	1.368e+07	1.604e+07	1.415e+07	1.510e+07	1.510e+07	1.368e+07	1.793e+07	1.179e+07	1.604e+07	
-73.800	1.844e+07	1.734e+07	1.844e+07	1.328e+07	2.213e+07	2.103e+07	1.623e+07	2.103e+07	2.139e+07	2.766e+07	2.434e+07	2.582e+07	2.361e+07	2.471e+07	3.209e+07	3.135e+07	3.357e+07	3.873e+07	3.467e+07	2.803e+07	3.873e+07	2.766e+07	3.652e+07	3.172e+07	3.762e+07	4.426e+07	5.496e+07	9.443e+07	1.269e+08	1.383e+08	1.376e+08	1.258e+08	1.188e+08	1.409e+08	1.365e+08	1.239e+08	1.121e+08	1.029e+08	9.701e+07	1.084e+08	1.184e+08	1.143e+08	1.044e+08	9.775e+07	9.812e+07	8.410e+07	7.525e+07	7.820e+07	7.820e+07	7.672e+07	7.599e+07	9.554e+07	8.004e+07	5.828e+07	3.762e+07	1.365e+07	6.640e+06	5.164e+06	2.213e+06	2.951e+06	2.213e+06	5.533e+06	3.689e+06	3.320e+06	4.795e+06	3.689e+06	3.689e+06	4.426e+06	2.582e+06	2.213e+06	2.951e+06	4.795e+06	4.057e+06	8.115e+06	9.222e+06	9.222e+06	7.377e+06	1.439e+07	1.402e+07	1.807e+07	1.844e+07	1.734e+07	1.143e+07	1.512e+07	1.771e+07	1.623e+07	1.254e+07	2.029e+07	1.844e+07	1.291e+07	1.660e+07	1.291e+07	1.402e+07	1.254e+07	1.549e+07	1.955e+07	1.475e+07	1.143e+07	1.475e+07	1.771e+07	
-70.200	1.549e+07	1.215e+07	1.975e+07	2.035e+07	1.914e+07	2.248e+07	2.400e+07	2.096e+07	1.944e+07	2.491e+07	2.856e+07	2.704e+07	2.339e+07	3.251e+07	3.342e+07	3.372e+07	3.767e+07	4.344e+07	4.466e+07	4.861e+07	3.737e+07	3.949e+07	3.615e+07	4.344e+07	4.527e+07	6.866e+07	8.385e+07	1.045e+08	1.343e+08	1.394e+08	1.364e+08	1.473e+08	1.480e+08	1.501e+08	1.388e+08	1.194e+08	1.258e+08	1.288e+08	1.264e+08	1.407e+08	1.370e+08	1.376e+08	1.282e+08	1.236e+08	1.331e+08	1.003e+08	6.836e+07	7.109e+07	6.744e+07	9.084e+07	1.258e+08	1.592e+08	1.397e+08	8.658e+07	6.410e+07	4.435e+07	3.615e+07	9.418e+06	5.772e+06	2.734e+06	3.342e+06	4.253e+06	5.165e+06	4.253e+06	3.342e+06	3.342e+06	1.519e+06	2.734e+06	2.127e+06	4.557e+06	2.734e+06	6.684e+06	9.722e+06	1.154e+07	1.397e+07	1.185e+07	1.519e+07	1.124e+07	1.519e+07	1.397e+07	1.762e+07	2.066e+07	2.279e+07	2.370e+07	1.853e+07	1.975e+07	2.096e+07	1.853e+07	1.641e+07	2.127e+07	1.701e+07	1.641e+07	1.489e+07	1.762e+07	1.762e+07	1.975e+07	1.641e+07	2.096e+07	1.853e+07	1.944e+07	
-66.600	1.399e+07	1.451e+07	1.866e+07	1.995e+07	2.228e+07	2.021e+07	2.617e+07	2.228e+07	2.617e+07	2.151e+07	2.721e+07	3.343e+07	2.099e+07	2.824e+07	3.213e+07	4.612e+07	4.379e+07	4.923e+07	5.519e+07	5.234e+07	4.379e+07	5.053e+07	5.312e+07	5.778e+07	6.115e+07	8.577e+07	1.166e+08	1.363e+08	1.182e+08	1.303e+08	1.428e+08	1.560e+08	1.614e+08	1.464e+08	1.759e+08	1.661e+08	1.744e+08	1.731e+08	1.881e+08	1.666e+08	1.723e+08	1.391e+08	1.138e+08	8.836e+07	7.774e+07	8.758e+07	1.366e+08	1.114e+08	9.821e+07	6.711e+07	8.318e+07	1.350e+08	1.640e+08	1.607e+08	9.613e+07	4.664e+07	2.306e+07	1.036e+07	8.551e+06	5.960e+06	2.850e+06	2.850e+06	1.036e+06	2.332e+06	2.332e+06	4.923e+06	3.109e+06	6.478e+06	4.405e+06	5.960e+06	4.923e+06	9.069e+06	9.846e+06	1.425e+07	1.736e+07	1.399e+07	1.658e+07	1.969e+07	1.917e+07	2.202e+07	2.073e+07	3.187e+07	2.695e+07	2.695e+07	2.747e+07	3.006e+07	2.773e+07	2.824e+07	2.643e+07	2.591e+07	2.228e+07	2.254e+07	1.555e+07	1.814e+07	1.581e+07	1.581e+07	1.840e+07	1.710e+07	1.684e+07	1.943e+07	
-63.000	1.859e+07	1.519e+07	1.269e+07	1.451e+07	1.677e+07	1.927e+07	2.516e+07	3.400e+07	3.740e+07	3.808e+07	3.173e+07	3.355e+07	2.289e+07	2.743e+07	3.083e+07	2.901e+07	2.833e+07	4.012e+07	5.848e+07	6.528e+07	7.027e+07	6.415e+07	6.528e+07	6.687e+07	7.276e+07	1.056e+08	1.319e+08	1.333e+08	1.376e+08	1.478e+08	1.745e+08	1.555e+08	1.609e+08	1.573e+08	1.605e+08	1.761e+08	1.879e+08	1.868e+08	1.770e+08	1.807e+08	1.639e+08	1.405e+08	1.154e+08	9.860e+07	9.452e+07	9.226e+07	9.611e+07	7.639e+07	6.460e+07	6.755e+07	7.049e+07	8.115e+07	7.775e+07	1.020e+08	1.029e+08	9.475e+07	6.097e+07	2.924e+07	9.067e+06	1.065e+07	4.307e+06	6.573e+06	1.088e+07	1.677e+07	1.564e+07	1.745e+07	1.972e+07	1.337e+07	1.677e+07	1.473e+07	1.859e+07	1.496e+07	1.655e+07	1.655e+07	1.632e+07	1.723e+07	2.108e+07	1.949e+07	2.040e+07	2.675e+07	3.672e+07	3.173e+07	3.717e+07	3.559e+07	3.400e+07	4.216e+07	3.491e+07	3.332e+07	3.400e+07	3.037e+07	2.856e+07	2.584e+07	2.131e+07	1.949e+07	1.768e+07	1.451e+07	1.541e+07	1.269e+07	1.791e+07	1.927e+07	
-59.400	2.487e+07	2.487e+07	2.042e+07	2.042e+07	2.244e+07	2.123e+07	3.497e+07	4.549e+07	4.346e+07	3.174e+07	2.951e+07	2.911e+07	2.305e+07	1.718e+07	1.577e+07	1.698e+07	2.264e+07	3.760e+07	5.842e+07	8.026e+07	9.582e+07	9.562e+07	8.268e+07	8.309e+07	8.935e+07	1.203e+08	1.209e+08	1.114e+08	1.344e+08	1.476e+08	1.435e+08	1.587e+08	1.583e+08	1.631e+08	1.694e+08	1.842e+08	2.050e+08	2.147e+08	2.400e+08	2.327e+08	2.242e+08	2.003e+08	2.040e+08	1.637e+08	1.354e+08	1.154e+08	9.744e+07	9.481e+07	1.029e+08	1.082e+08	1.122e+08	1.007e+08	8.066e+07	9.218e+07	9.966e+07	1.039e+08	1.110e+08	7.358e+07	4.730e+07	4.549e+07	5.499e+07	5.276e+07	4.710e+07	4.023e+07	2.446e+07	2.648e+07	2.365e+07	1.658e+07	1.516e+07	1.435e+07	1.314e+07	1.456e+07	1.314e+07	1.395e+07	1.395e+07	2.163e+07	2.588e+07	2.426e+07	2.426e+07	3.962e+07	4.084e+07	4.185e+07	3.982e+07	4.164e+07	4.771e+07	4.852e+07	4.973e+07	5.236e+07	4.690e+07	3.396e+07	2.770e+07	2.446e+07	2.487e+07	1.900e+07	1.739e+07	9.703e+06	1.213e+07	8.895e+06	1.779e+07	2.284e+07	
-55.800	3.021e+07	2.618e+07	2.179e+07	2.636e+07	2.948e+07	2.911e+07	3.771e+07	4.028e+07	3.570e+07	3.570e+07	2.234e+07	1.996e+07	1.611e+07	1.483e+07	1.263e+07	1.501e+07	1.849e+07	2.856e+07	6.005e+07	9.026e+07	9.337e+07	9.117e+07	9.374e+07	9.410e+07	9.245e+07	9.721e+07	8.733e+07	9.557e+07	1.023e+08	1.195e+08	1.450e+08	1.503e+08	1.855e+08	1.695e+08	1.761e+08	2.007e+08	2.285e+08	2.622e+08	2.677e+08	2.660e+08	2.526e+08	2.625e+08	2.444e+08	2.396e+08	2.404e+08	2.223e+08	2.129e+08	1.860e+08	1.677e+08	1.377e+08	1.423e+08	1.441e+08	1.355e+08	1.490e+08	1.395e+08	1.430e+08	1.393e+08	1.276e+08	1.108e+08	1.098e+08	8.275e+07	6.518e+07	6.078e+07	5.090e+07	4.211e+07	2.710e+07	2.124e+07	1.648e+07	1.538e+07	1.355e+07	1.208e+07	1.227e+07	1.465e+07	2.050e+07	2.234e+07	2.307e+07	2.179e+07	3.204e+07	3.588e+07	4.614e+07	4.998e+07	4.961e+07	5.639e+07	5.620e+07	5.675e+07	5.639e+07	5.913e+07	5.639e+07	4.595e+07	3.277e+07	2.435e+07	2.343e+07	1.959e+07	1.611e+07	1.465e+07	1.190e+07	1.025e+07	1.318e+07	1.556e+07	2.179e+07	
-52.200	2.351e+07	2.334e+07	2.283e+07	2.670e+07	3.022e+07	3.778e+07	4.231e+07	3.962e+07	3.072e+07	2.753e+07	2.132e+07	2.300e+07	1.914e+07	1.410e+07	1.175e+07	1.209e+07	1.830e+07	2.972e+07	5.927e+07	8.092e+07	1.059e+08	9.654e+07	9.217e+07	1.036e+08	9.133e+07	9.520e+07	8.126e+07	9.033e+07	9.872e+07	1.185e+08	1.390e+08	1.558e+08	1.645e+08	1.832e+08	1.887e+08	2.136e+08	2.248e+08	2.418e+08	2.597e+08	2.483e+08	2.612e+08	2.688e+08	2.738e+08	2.896e+08	2.920e+08	2.690e+08	2.856e+08	2.945e+08	2.844e+08	2.534e+08	2.258e+08	2.171e+08	2.000e+08	2.065e+08	2.127e+08	1.815e+08	1.660e+08	1.472e+08	1.268e+08	9.637e+07	7.505e+07	6.816e+07	5.104e+07	4.130e+07	3.828e+07	2.552e+07	2.199e+07	1.746e+07	1.427e+07	1.259e+07	1.427e+07	1.679e+07	1.796e+07	2.048e+07	1.864e+07	2.619e+07	2.485e+07	4.617e+07	4.449e+07	5.272e+07	5.389e+07	5.557e+07	6.313e+07	6.649e+07	7.337e+07	7.119e+07	5.994e+07	4.701e+07	4.063e+07	2.300e+07	1.293e+07	1.075e+07	1.226e+07	1.091e+07	1.058e+07	1.125e+07	1.461e+07	1.830e+07	1.897e+07	1.645e+07	
-48.600	1.478e+07	2.116e+07	1.976e+07	2.427e+07	3.019e+07	2.770e+07	2.956e+07	3.096e+07	2.645e+07	2.303e+07	2.412e+07	2.287e+07	1.774e+07	1.556e+07	1.105e+07	1.400e+07	1.712e+07	2.739e+07	5.991e+07	9.056e+07	9.632e+07	1.025e+08	9.103e+07	9.710e+07	9.663e+07	8.371e+07	6.333e+07	7.344e+07	9.492e+07	1.175e+08	1.161e+08	1.183e+08	1.277e+08	1.442e+08	1.579e+08	1.682e+08	1.793e+08	2.021e+08	2.149e+08	2.322e+08	2.438e+08	2.658e+08	2.673e+08	2.679e+08	2.956e+08	3.098e+08	3.131e+08	2.773e+08	2.679e+08	2.661e+08	2.438e+08	2.155e+08	2.233e+08	2.360e+08	2.104e+08	1.695e+08	1.390e+08	1.094e+08	8.371e+07	6.411e+07	5.493e+07	4.699e+07	3.968e+07	3.579e+07	3.128e+07	2.567e+07	2.038e+07	1.821e+07	1.898e+07	1.229e+07	1.260e+07	1.245e+07	1.494e+07	1.260e+07	1.416e+07	2.132e+07	2.956e+07	4.793e+07	6.395e+07	6.971e+07	6.878e+07	8.543e+07	8.729e+07	7.204e+07	6.924e+07	5.664e+07	4.761e+07	3.812e+07	2.614e+07	1.260e+07	3.112e+06	2.956e+06	2.490e+06	3.423e+06	4.512e+06	8.403e+06	1.385e+07	1.789e+07	1.789e+07	1.447e+07	
-45.000	9.459e+06	1.295e+07	1.659e+07	1.906e+07	1.994e+07	1.877e+07	2.314e+07	1.659e+07	2.372e+07	2.387e+07	2.809e+07	1.994e+07	1.630e+07	1.339e+07	1.077e+07	9.313e+06	2.183e+07	3.623e+07	6.316e+07	9.925e+07	1.075e+08	1.112e+08	9.721e+07	1.051e+08	9.226e+07	7.087e+07	6.840e+07	6.170e+07	7.989e+07	8.600e+07	9.241e+07	8.280e+07	8.746e+07	8.702e+07	9.473e+07	9.765e+07	1.022e+08	1.164e+08	1.155e+08	1.199e+08	1.349e+08	1.330e+08	1.620e+08	1.643e+08	1.895e+08	1.788e+08	1.842e+08	1.695e+08	1.762e+08	1.682e+08	1.666e+08	1.707e+08	1.593e+08	1.222e+08	1.084e+08	9.139e+07	6.461e+07	6.257e+07	5.501e+07	4.555e+07	3.754e+07	3.565e+07	2.998e+07	2.576e+07	2.212e+07	2.270e+07	1.266e+07	1.470e+07	1.077e+07	1.251e+07	1.339e+07	1.193e+07	1.193e+07	1.601e+07	2.649e+07	4.831e+07	6.592e+07	9.459e+07	1.128e+08	1.014e+08	1.084e+08	1.179e+08	9.037e+07	7.174e+07	6.199e+07	3.973e+07	2.197e+07	1.019e+07	7.131e+06	4.075e+06	1.455e+06	1.164e+06	1.601e+06	4.366e+05	2.037e+06	3.493e+06	5.384e+06	5.821e+06	8.295e+06	1.077e+07	
-41.400	5.213e+06	5.624e+06	6.859e+06	1.015e+07	1.166e+07	1.070e+07	1.358e+07	1.632e+07	1.975e+07	2.099e+07	2.359e+07	1.852e+07	1.578e+07	1.399e+07	1.207e+07	1.358e+07	2.085e+07	4.417e+07	6.996e+07	1.202e+08	1.294e+08	1.159e+08	1.078e+08	1.012e+08	9.465e+07	6.447e+07	5.446e+07	5.857e+07	6.159e+07	7.558e+07	6.886e+07	7.133e+07	6.763e+07	6.667e+07	6.187e+07	6.063e+07	6.132e+07	6.351e+07	6.187e+07	5.213e+07	5.542e+07	5.652e+07	6.063e+07	6.475e+07	6.187e+07	6.283e+07	6.667e+07	6.296e+07	7.641e+07	6.475e+07	6.831e+07	6.873e+07	6.722e+07	6.022e+07	5.350e+07	5.597e+07	4.938e+07	3.745e+07	3.114e+07	3.032e+07	2.469e+07	2.250e+07	2.003e+07	1.770e+07	1.715e+07	1.440e+07	1.344e+07	1.482e+07	1.495e+07	1.235e+07	1.166e+07	1.783e+07	3.100e+07	5.213e+07	7.366e+07	1.536e+08	1.630e+08	1.466e+08	1.222e+08	9.410e+07	9.561e+07	6.420e+07	5.048e+07	2.922e+07	1.756e+07	7.408e+06	2.606e+06	1.646e+06	8.231e+05	4.115e+05	6.859e+05	6.859e+05	1.097e+06	6.859e+05	8.231e+05	8.231e+05	8.231e+05	2.469e+06	2.606e+06	4.252e+06	
-37.800	1.563e+06	1.693e+06	2.344e+06	2.995e+06	4.428e+06	5.079e+06	8.464e+06	9.636e+06	1.354e+07	1.576e+07	1.849e+07	1.667e+07	1.485e+07	1.211e+07	1.445e+07	2.240e+07	3.386e+07	6.303e+07	9.975e+07	1.538e+08	1.705e+08	1.694e+08	1.401e+08	1.296e+08	1.040e+08	7.540e+07	5.079e+07	5.248e+07	5.326e+07	5.600e+07	7.318e+07	1.073e+08	1.326e+08	1.643e+08	1.522e+08	1.686e+08	1.496e+08	1.677e+08	1.401e+08	1.464e+08	1.172e+08	1.119e+08	9.949e+07	1.022e+08	1.018e+08	6.081e+07	6.120e+07	4.935e+07	5.170e+07	4.870e+07	4.974e+07	4.362e+07	4.349e+07	4.037e+07	3.763e+07	3.672e+07	2.826e+07	2.630e+07	2.018e+07	2.513e+07	1.771e+07	2.097e+07	1.862e+07	1.927e+07	2.383e+07	2.018e+07	2.617e+07	3.151e+07	3.816e+07	6.329e+07	7.462e+07	1.165e+08	1.427e+08	1.483e+08	1.715e+08	1.516e+08	9.259e+07	8.204e+07	5.925e+07	3.946e+07	2.370e+07	1.276e+07	5.990e+06	1.953e+06	1.693e+06	6.511e+05	7.813e+05	7.813e+05	1.042e+06	6.511e+05	6.511e+05	6.511e+05	5.209e+05	5.209e+05	1.302e+05	1.042e+06	9.116e+05	3.907e+05	1.172e+06	6.511e+05	
-34.200	4.976e+05	2.488e+05	6.220e+05	6.220e+05	4.976e+05	1.742e+06	2.986e+06	4.976e+06	8.584e+06	1.020e+07	8.335e+06	1.120e+07	1.232e+07	1.418e+07	1.679e+07	2.749e+07	4.777e+07	9.007e+07	1.623e+08	2.192e+08	2.590e+08	2.217e+08	1.857e+08	1.487e+08	1.138e+08	8.534e+07	6.295e+07	6.755e+07	8.435e+07	1.278e+08	1.339e+08	1.541e+08	1.122e+08	1.259e+08	1.327e+08	1.587e+08	1.107e+08	1.748e+08	1.401e+08	1.503e+08	1.135e+08	1.334e+08	1.604e+08	1.490e+08	1.490e+08	2.037e+08	1.711e+08	1.638e+08	1.366e+08	1.446e+08	1.438e+08	9.791e+07	1.224e+08	1.193e+08	9.343e+07	1.268e+08	1.095e+08	1.011e+08	9.890e+07	1.474e+08	1.166e+08	1.244e+08	1.300e+08	1.269e+08	1.456e+08	1.548e+08	1.072e+08	1.475e+08	1.388e+08	1.121e+08	8.497e+07	8.410e+07	6.880e+07	5.872e+07	4.715e+07	2.351e+07	1.704e+07	1.207e+07	9.330e+06	5.225e+06	3.110e+06	2.239e+06	4.976e+05	1.493e+06	1.617e+06	7.464e+05	7.464e+05	1.368e+06	4.976e+05	4.976e+05	4.976e+05	4.976e+05	4.976e+05	2.488e+05	1.244e+05	4.976e+05	4.976e+05	4.976e+05	9.952e+05	4.976e+05	
-30.600	2.391e+05	1.076e+06	3.586e+05	2.391e+05	5.977e+05	5.977e+05	1.674e+06	2.988e+06	6.694e+06	1.052e+07	9.443e+06	1.076e+07	1.578e+07	1.458e+07	2.439e+07	4.244e+07	8.894e+07	1.238e+08	2.351e+08	3.113e+08	3.724e+08	3.204e+08	2.525e+08	2.008e+08	1.715e+08	1.347e+08	1.201e+08	1.281e+08	1.960e+08	1.978e+08	1.269e+08	4.722e+07	1.733e+07	9.922e+06	3.945e+06	2.988e+06	3.586e+06	3.706e+06	1.088e+07	4.184e+07	5.511e+07	3.921e+07	2.367e+07	4.889e+07	5.523e+07	4.303e+07	3.861e+07	5.654e+07	2.941e+07	3.801e+07	4.279e+07	3.945e+07	7.304e+07	9.001e+07	5.821e+07	6.766e+07	3.586e+07	1.131e+08	2.893e+07	5.690e+07	3.658e+07	5.427e+07	3.383e+07	3.490e+07	2.618e+07	1.901e+07	9.683e+06	1.243e+07	1.781e+07	1.267e+07	1.040e+07	1.016e+07	5.738e+06	3.108e+06	2.869e+06	1.674e+06	2.271e+06	1.793e+06	1.434e+06	9.563e+05	5.977e+05	7.172e+05	9.563e+05	5.977e+05	8.368e+05	4.781e+05	1.195e+05	5.977e+05	8.368e+05	4.781e+05	8.368e+05	1.076e+06	7.172e+05	2.391e+05	3.586e+05	4.781e+05	1.195e+05	7.172e+05	2.391e+05	9.563e+05	
-27.000	0.000e+00	2.309e+05	2.309e+05	4.619e+05	1.155e+05	5.774e+05	6.928e+05	1.501e+06	2.079e+06	5.196e+06	1.062e+07	1.132e+07	1.524e+07	2.806e+07	6.005e+07	8.684e+07	1.189e+08	1.958e+08	2.930e+08	4.528e+08	5.081e+08	4.589e+08	4.076e+08	3.127e+08	2.627e+08	1.900e+08	1.552e+08	1.599e+08	1.595e+08	7.968e+07	8.430e+06	3.349e+06	3.926e+06	2.425e+06	1.963e+06	1.617e+06	1.270e+06	1.270e+06	1.386e+06	2.079e+06	1.270e+06	1.732e+06	4.619e+05	9.238e+05	1.848e+06	4.619e+05	1.155e+06	4.619e+05	8.083e+05	3.464e+05	8.083e+05	2.887e+06	1.270e+06	8.083e+05	2.309e+05	4.619e+05	3.464e+05	3.464e+05	6.928e+05	4.619e+05	4.619e+05	9.238e+05	8.083e+05	4.619e+05	9.238e+05	1.617e+06	2.194e+06	1.848e+06	2.194e+06	3.233e+06	1.386e+06	1.155e+06	1.155e+05	4.619e+05	4.619e+05	3.464e+05	4.619e+05	8.083e+05	6.928e+05	4.619e+05	2.309e+05	2.309e+05	1.155e+05	3.464e+05	3.464e+05	3.464e+05	3.464e+05	4.619e+05	3.464e+05	4.619e+05	4.619e+05	3.464e+05	8.083e+05	3.464e+05	1.155e+05	3.464e+05	1.155e+05	1.155e+05	5.774e+05	2.309e+05	
-23.400	1.121e+05	1.121e+05	2.242e+05	2.242e+05	0.000e+00	3.363e+05	2.242e+05	3.363e+05	1.233e+06	3.924e+06	7.623e+06	7.175e+06	5.381e+06	1.334e+07	2.702e+07	3.655e+07	5.157e+07	8.946e+07	1.307e+08	3.835e+08	6.328e+08	6.292e+08	5.801e+08	4.669e+08	3.368e+08	2.177e+08	1.641e+08	1.331e+08	2.489e+07	6.054e+06	3.924e+06	2.242e+06	1.682e+06	1.682e+06	1.009e+06	1.009e+06	1.457e+06	1.121e+06	6.726e+05	7.847e+05	6.726e+05	5.605e+05	8.968e+05	2.242e+05	5.605e+05	2.242e+05	2.242e+05	2.242e+05	4.484e+05	1.121e+05	1.121e+05	1.121e+05	0.000e+00	0.000e+00	1.121e+05	2.242e+05	0.000e+00	0.000e+00	0.000e+00	0.000e+00	0.000e+00	2.242e+05	0.000e+00	1.121e+05	4.484e+05	4.484e+05	7.847e+05	4.484e+05	7.847e+05	6.726e+05	0.000e+00	1.121e+05	2.242e+05	2.242e+05	0.000e+00	2.242e+05	1.121e+05	2.242e+05	4.484e+05	1.121e+05	4.484e+05	4.484e+05	0.000e+00	1.121e+05	2.242e+05	4.484e+05	1.121e+05	3.363e+05	2.242e+05	6.726e+05	8.968e+05	4.484e+05	2.242e+05	5.605e+05	5.605e+05	2.242e+05	3.363e+05	5.605e+05	0.000e+00	6.726e+05	
-19.800	7.654e+05	2.187e+05	4.374e+05	2.187e+05	6.561e+05	5.467e+05	7.654e+05	1.531e+06	1.859e+06	2.406e+06	2.296e+06	3.499e+06	3.827e+06	2.843e+06	2.187e+06	2.734e+06	3.280e+06	4.921e+06	6.605e+07	2.609e+08	4.711e+08	3.707e+08	4.201e+08	4.005e+08	1.888e+08	1.298e+08	8.179e+07	1.465e+07	4.264e+06	3.280e+06	2.406e+06	2.296e+06	1.093e+06	6.561e+05	7.654e+05	6.561e+05	6.561e+05	8.748e+05	5.467e+05	7.654e+05	2.187e+05	3.280e+05	2.187e+05	0.000e+00	0.000e+00	0.000e+00	0.000e+00	2.187e+05	0.000e+00	0.000e+00	1.093e+05	0.000e+00	0.000e+00	0.000e+00	1.093e+05	0.000e+00	1.093e+05	0.000e+00	1.093e+05	0.000e+00	0.000e+00	3.280e+05	2.187e+05	1.093e+05	2.187e+05	3.280e+05	2.187e+05	1.093e+05	1.093e+05	2.187e+05	0.000e+00	0.000e+00	0.000e+00	1.093e+05	0.000e+00	0.000e+00	2.187e+05	2.187e+05	3.280e+05	0.000e+00	1.093e+05	4.374e+05	3.280e+05	1.093e+05	1.093e+05	4.374e+05	3.280e+05	2.187e+05	5.467e+05	4.374e+05	4.374e+05	5.467e+05	7.654e+05	3.280e+05	3.280e+05	3.280e+05	2.187e+05	4.374e+05	2.187e+05	3.280e+05	
-16.200	4.285e+05	1.500e+06	1.178e+06	1.821e+06	2.357e+06	2.785e+06	1.393e+06	2.571e+06	3.214e+06	3.428e+06	4.821e+06	3.857e+06	3.428e+06	3.642e+06	2.464e+06	2.143e+06	1.607e+06	1.714e+06	3.107e+06	1.821e+07	3.728e+07	5.753e+07	7.628e+07	4.414e+07	1.950e+07	6.856e+06	5.678e+06	2.785e+06	2.785e+06	2.036e+06	8.571e+05	1.821e+06	4.285e+05	7.499e+05	5.357e+05	3.214e+05	4.285e+05	3.214e+05	2.143e+05	3.214e+05	2.143e+05	1.071e+05	0.000e+00	2.143e+05	2.143e+05	3.214e+05	2.143e+05	0.000e+00	0.000e+00	0.000e+00	2.143e+05	0.000e+00	0.000e+00	0.000e+00	0.000e+00	1.071e+05	0.000e+00	0.000e+00	0.000e+00	1.071e+05	0.000e+00	0.000e+00	1.071e+05	0.000e+00	0.000e+00	0.000e+00	0.000e+00	2.143e+05	0.000e+00	0.000e+00	0.000e+00	0.000e+00	0.000e+00	1.071e+05	0.000e+00	1.071e+05	0.000e+00	2.143e+05	0.000e+00	1.071e+05	1.071e+05	2.143e+05	1.071e+05	3.214e+05	4.285e+05	2.143e+05	6.428e+05	1.071e+06	7.499e+05	4.285e+05	3.214e+05	6.428e+05	7.499e+05	4.285e+05	9.642e+05	3.214e+05	4.285e+05	4.285e+05	9.642e+05	4.285e+05	
-12.600	2.319e+06	2.425e+06	2.214e+06	3.584e+06	4.427e+06	6.430e+06	4.744e+06	4.954e+06	5.798e+06	4.217e+06	3.900e+06	3.584e+06	3.268e+06	3.057e+06	1.792e+06	2.214e+06	1.792e+06	6.325e+05	1.370e+06	1.792e+06	3.162e+06	2.003e+06	3.057e+06	3.162e+06	2.108e+06	2.319e+06	2.846e+06	1.370e+06	1.687e+06	1.160e+06	1.476e+06	9.487e+05	6.325e+05	3.162e+05	5.271e+05	2.108e+05	0.000e+00	1.054e+05	0.000e+00	1.054e+05	0.000e+00	0.000e+00	3.162e+05	1.054e+05	0.000e+00	1.054e+05	1.054e+05	0.000e+00	0.000e+00	0.000e+00	0.000e+00	0.000e+00	0.000e+00	0.000e+00	0.000e+00	0.000e+00	0.000e+00	0.000e+00	1.054e+05	0.000e+00	0.000e+00	0.000e+00	0.000e+00	0.000e+00	1.054e+05	0.000e+00	0.000e+00	0.000e+00	0.000e+00	1.054e+05	1.054e+05	0.000e+00	0.000e+00	1.054e+05	1.054e+05	0.000e+00	0.000e+00	0.000e+00	1.054e+05	1.054e+05	3.162e+05	1.054e+05	5.271e+05	5.271e+05	2.108e+05	5.271e+05	7.379e+05	6.325e+05	8.433e+05	4.217e+05	1.265e+06	9.487e+05	9.487e+05	9.487e+05	2.635e+06	1.054e+06	1.265e+06	1.897e+06	2.003e+06	1.687e+06	
-9.000	5.416e+06	5.416e+06	4.374e+06	4.687e+06	5.520e+06	5.103e+06	4.166e+06	4.791e+06	2.396e+06	2.187e+06	1.979e+06	1.771e+06	1.146e+06	7.291e+05	2.083e+06	1.875e+06	1.875e+06	7.291e+05	1.771e+06	1.458e+06	1.458e+06	1.354e+06	1.771e+06	1.042e+06	2.396e+06	1.146e+06	1.146e+06	1.354e+06	8.332e+05	1.250e+06	5.208e+05	1.042e+06	3.125e+05	2.083e+05	0.000e+00	0.000e+00	0.000e+00	1.042e+05	0.000e+00	1.042e+05	2.083e+05	1.042e+05	0.000e+00	0.000e+00	1.042e+05	0.000e+00	0.000e+00	0.000e+00	0.000e+00	0.000e+00	0.000e+00	0.000e+00	0.000e+00	0.000e+00	0.000e+00	0.000e+00	0.000e+00	0.000e+00	0.000e+00	0.000e+00	0.000e+00	0.000e+00	0.000e+00	0.000e+00	0.000e+00	0.000e+00	0.000e+00	0.000e+00	0.000e+00	0.000e+00	0.000e+00	0.000e+00	0.000e+00	0.000e+00	0.000e+00	1.042e+05	0.000e+00	0.000e+00	1.042e+05	1.042e+05	1.042e+05	3.125e+05	0.000e+00	3.125e+05	4.166e+05	3.125e+05	6.249e+05	1.146e+06	9.374e+05	1.250e+06	1.458e+06	1.458e+06	2.396e+06	1.875e+06	2.187e+06	2.708e+06	3.437e+06	4.583e+06	4.999e+06	4.062e+06	
-5.400	5.476e+06	6.406e+06	5.166e+06	5.889e+06	4.236e+06	4.443e+06	4.650e+06	2.480e+06	1.963e+06	2.066e+06	5.166e+05	1.033e+06	4.133e+05	6.199e+05	7.233e+05	7.233e+05	1.860e+06	1.447e+06	2.170e+06	1.137e+06	1.343e+06	1.447e+06	1.447e+06	9.299e+05	6.199e+05	9.299e+05	1.137e+06	4.133e+05	1.033e+06	8.266e+05	6.199e+05	3.100e+05	4.133e+05	1.033e+05	1.033e+05	0.000e+00	0.000e+00	2.066e+05	1.033e+05	2.066e+05	1.033e+05	1.033e+05	0.000e+00	0.000e+00	0.000e+00	0.000e+00	0.000e+00	0.000e+00	0.000e+00	0.000e+00	0.000e+00	0.000e+00	0.000e+00	0.000e+00	0.000e+00	0.000e+00	0.000e+00	0.000e+00	0.000e+00	0.000e+00	0.000e+00	0.000e+00	0.000e+00	0.000e+00	0.000e+00	0.000e+00	0.000e+00	0.000e+00	1.033e+05	0.000e+00	0.000e+00	0.000e+00	0.000e+00	0.000e+00	0.000e+00	0.000e+00	2.066e+05	0.000e+00	2.066e+05	0.000e+00	1.033e+05	2.066e+05	2.066e+05	3.100e+05	2.066e+05	7.233e+05	1.343e+06	1.447e+06	9.299e+05	1.757e+06	1.550e+06	1.963e+06	1.343e+06	3.616e+06	3.513e+06	3.823e+06	4.856e+06	4.960e+06	7.233e+06	6.509e+06	
-1.800	6.381e+06	5.763e+06	5.557e+06	3.705e+06	4.528e+06	3.499e+06	2.779e+06	2.573e+06	2.058e+06	1.029e+06	1.029e+06	6.175e+05	5.146e+05	7.204e+05	1.029e+05	5.146e+05	4.116e+05	7.204e+05	1.852e+06	3.087e+06	1.235e+06	1.441e+06	1.955e+06	1.029e+06	7.204e+05	8.233e+05	5.146e+05	0.000e+00	9.262e+05	5.146e+05	5.146e+05	2.058e+05	7.204e+05	1.029e+05	0.000e+00	1.029e+05	1.029e+05	0.000e+00	0.000e+00	0.000e+00	0.000e+00	0.000e+00	0.000e+00	0.000e+00	0.000e+00	0.000e+00	0.000e+00	0.000e+00	0.000e+00	0.000e+00	0.000e+00	0.000e+00	0.000e+00	0.000e+00	0.000e+00	0.000e+00	0.000e+00	0.000e+00	0.000e+00	0.000e+00	0.000e+00	0.000e+00	0.000e+00	0.000e+00	0.000e+00	0.000e+00	0.000e+00	0.000e+00	0.000e+00	0.000e+00	0.000e+00	0.000e+00	1.029e+05	0.000e+00	0.000e+00	0.000e+00	0.000e+00	0.000e+00	1.029e+05	0.000e+00	4.116e+05	2.058e+05	0.000e+00	8.233e+05	4.116e+05	7.204e+05	9.262e+05	7.204e+05	1.441e+06	2.367e+06	7.204e+05	2.161e+06	2.470e+06	2.882e+06	3.396e+06	4.116e+06	4.425e+06	4.116e+06	6.278e+06	8.748e+06	
1.800	5.763e+06	5.557e+06	4.837e+06	3.499e+06	3.808e+06	2.264e+06	2.264e+06	2.058e+06	1.132e+06	1.235e+06	1.749e+06	4.116e+05	3.087e+05	6.174e+05	4.116e+05	4.116e+05	6.174e+05	5.145e+05	8.233e+05	1.955e+06	1.647e+06	2.470e+06	1.544e+06	8.233e+05	1.029e+05	9.262e+05	0.000e+00	3.087e+05	3.087e+05	3.087e+05	4.116e+05	2.058e+05	1.029e+05	2.058e+05	1.029e+05	0.000e+00	1.029e+05	0.000e+00	2.058e+05	0.000e+00	0.000e+00	1.029e+05	1.029e+05	0.000e+00	0.000e+00	1.029e+05	0.000e+00	0.000e+00	0.000e+00	0.000e+00	0.000e+00	0.000e+00	1.029e+05	0.000e+00	0.000e+00	0.000e+00	0.000e+00	0.000e+00	0.000e+00	0.000e+00	0.000e+00	0.000e+00	0.000e+00	0.000e+00	0.000e+00	0.000e+00	0.000e+00	0.000e+00	0.000e+00	0.000e+00	0.000e+00	0.000e+00	0.000e+00	0.000e+00	0.000e+00	0.000e+00	0.000e+00	0.000e+00	0.000e+00	0.000e+00	0.000e+00	0.000e+00	2.058e+05	1.029e+05	4.116e+05	5.145e+05	9.262e+05	9.262e+05	1.338e+06	1.235e+06	1.338e+06	1.955e+06	2.881e+06	2.161e+06	2.676e+06	2.881e+06	3.190e+06	4.528e+06	4.940e+06	5.557e+06	
5.400	5.475e+06	3.099e+06	3.203e+06	2.996e+06	1.963e+06	2.066e+06	1.756e+06	4.132e+05	8.265e+05	8.265e+05	8.265e+05	3.099e+05	2.066e+05	3.099e+05	3.099e+05	2.066e+05	3.099e+05	2.066e+05	2.066e+05	4.132e+05	1.550e+06	1.653e+06	1.240e+06	8.265e+05	9.298e+05	5.165e+05	6.199e+05	6.199e+05	5.165e+05	2.066e+05	5.165e+05	2.066e+05	0.000e+00	0.000e+00	2.066e+05	0.000e+00	0.000e+00	0.000e+00	0.000e+00	0.000e+00	0.000e+00	0.000e+00	0.000e+00	0.000e+00	0.000e+00	0.000e+00	0.000e+00	0.000e+00	0.000e+00	0.000e+00	0.000e+00	0.000e+00	0.000e+00	0.000e+00	0.000e+00	0.000e+00	0.000e+00	0.000e+00	0.000e+00	0.000e+00	0.000e+00	0.000e+00	0.000e+00	0.000e+00	0.000e+00	0.000e+00	0.000e+00	0.000e+00	0.000e+00	0.000e+00	0.000e+00	0.000e+00	0.000e+00	0.000e+00	0.000e+00	0.000e+00	0.000e+00	0.000e+00	0.000e+00	0.000e+00	0.000e+00	1.033e+05	4.132e+05	3.099e+05	3.099e+05	5.165e+05	8.265e+05	9.298e+05	1.136e+06	9.298e+05	1.446e+06	1.860e+06	1.550e+06	1.653e+06	1.653e+06	3.203e+06	2.479e+06	3.099e+06	2.686e+06	5.372e+06	
9.000	3.957e+06	2.811e+06	2.499e+06	1.562e+06	1.562e+06	1.145e+06	1.250e+06	1.250e+06	7.289e+05	5.206e+05	4.165e+05	0.000e+00	3.124e+05	2.083e+05	4.165e+05	3.124e+05	2.083e+05	5.206e+05	2.083e+05	4.165e+05	4.165e+05	1.354e+06	9.371e+05	5.206e+05	2.083e+05	3.124e+05	4.165e+05	3.124e+05	4.165e+05	1.041e+05	0.000e+00	0.000e+00	0.000e+00	0.000e+00	0.000e+00	0.000e+00	0.000e+00	0.000e+00	0.000e+00	0.000e+00	0.000e+00	0.000e+00	0.000e+00	0.000e+00	0.000e+00	0.000e+00	0.000e+00	0.000e+00	0.000e+00	0.000e+00	0.000e+00	0.000e+00	0.000e+00	0.000e+00	0.000e+00	0.000e+00	0.000e+00	0.000e+00	0.000e+00	0.000e+00	0.000e+00	0.000e+00	0.000e+00	0.000e+00	0.000e+00	0.000e+00	0.000e+00	1.041e+05	0.000e+00	0.000e+00	0.000e+00	0.000e+00	0.000e+00	0.000e+00	0.000e+00	0.000e+00	0.000e+00	0.000e+00	0.000e+00	0.000e+00	0.000e+00	0.000e+00	1.041e+05	1.041e+05	2.083e+05	5.206e+05	6.248e+05	7.289e+05	3.124e+05	6.248e+05	1.250e+06	8.330e+05	8.330e+05	1.354e+06	1.145e+06	1.666e+06	1.666e+06	2.603e+06	3.332e+06	3.124e+06	
12.600	2.740e+06	1.581e+06	1.159e+06	1.265e+06	1.265e+06	8.430e+05	4.215e+05	3.161e+05	0.000e+00	2.108e+05	1.054e+05	0.000e+00	0.000e+00	0.000e+00	2.108e+05	1.054e+05	0.000e+00	2.108e+05	0.000e+00	1.054e+05	3.161e+05	4.215e+05	8.430e+05	1.159e+06	8.430e+05	5.269e+05	4.215e+05	2.108e+05	2.108e+05	0.000e+00	1.054e+05	2.108e+05	3.161e+05	0.000e+00	0.000e+00	0.000e+00	0.000e+00	0.000e+00	0.000e+00	0.000e+00	0.000e+00	0.000e+00	0.000e+00	0.000e+00	0.000e+00	0.000e+00	0.000e+00	0.000e+00	0.000e+00	0.000e+00	0.000e+00	0.000e+00	0.000e+00	0.000e+00	0.000e+00	0.000e+00	0.000e+00	0.000e+00	0.000e+00	0.000e+00	0.000e+00	0.000e+00	0.000e+00	0.000e+00	0.000e+00	0.000e+00	0.000e+00	0.000e+00	0.000e+00	0.000e+00	0.000e+00	0.000e+00	0.000e+00	0.000e+00	0.000e+00	0.000e+00	0.000e+00	0.000e+00	0.000e+00	0.000e+00	0.000e+00	0.000e+00	1.054e+05	1.054e+05	1.054e+05	2.108e+05	3.161e+05	3.161e+05	3.161e+05	3.161e+05	4.215e+05	2.108e+05	3.161e+05	4.215e+05	6.323e+05	2.108e+05	8.430e+05	7.376e+05	1.686e+06	2.845e+06	
16.200	9.637e+05	4.283e+05	7.496e+05	6.425e+05	3.212e+05	1.071e+05	2.142e+05	1.071e+05	0.000e+00	1.071e+05	2.142e+05	0.000e+00	0.000e+00	1.071e+05	0.000e+00	0.000e+00	0.000e+00	3.212e+05	1.071e+05	0.000e+00	3.212e+05	1.071e+05	1.071e+05	1.071e+05	2.142e+05	1.071e+05	2.142e+05	1.071e+05	3.212e+05	0.000e+00	1.071e+05	0.000e+00	0.000e+00	0.000e+00	1.071e+05	0.000e+00	0.000e+00	0.000e+00	0.000e+00	0.000e+00	0.000e+00	0.000e+00	0.000e+00	0.000e+00	0.000e+00	0.000e+00	0.000e+00	0.000e+00	0.000e+00	0.000e+00	0.000e+00	0.000e+00	0.000e+00	0.000e+00	0.000e+00	0.000e+00	0.000e+00	0.000e+00	0.000e+00	0.000e+00	0.000e+00	0.000e+00	0.000e+00	0.000e+00	0.000e+00	0.000e+00	0.000e+00	0.000e+00	0.000e+00	0.000e+00	0.000e+00	0.000e+00	0.000e+00	0.000e+00	0.000e+00	0.000e+00	0.000e+00	0.000e+00	1.071e+05	0.000e+00	0.000e+00	0.000e+00	1.071e+05	2.142e+05	3.212e+05	2.142e+05	3.212e+05	2.142e+05	0.000e+00	0.000e+00	2.142e+05	1.071e+05	0.000e+00	0.000e+00	2.142e+05	2.142e+05	2.142e+05	5.354e+05	5.354e+05	1.071e+06	
19.800	7.650e+05	8.743e+05	4.371e+05	5.464e+05	5.464e+05	0.000e+00	0.000e+00	1.093e+05	2.186e+05	2.186e+05	0.000e+00	1.093e+05	0.000e+00	1.093e+05	1.093e+05	1.093e+05	0.000e+00	0.000e+00	2.186e+05	2.186e+05	0.000e+00	1.093e+05	0.000e+00	4.371e+05	2.186e+05	1.093e+05	1.093e+05	1.093e+05	0.000e+00	2.186e+05	1.093e+05	0.000e+00	0.000e+00	1.093e+05	1.093e+05	0.000e+00	0.000e+00	0.000e+00	0.000e+00	0.000e+00	0.000e+00	0.000e+00	0.000e+00	0.000e+00	0.000e+00	0.000e+00	0.000e+00	0.000e+00	0.000e+00	0.000e+00	0.000e+00	0.000e+00	0.000e+00	0.000e+00	0.000e+00	0.000e+00	0.000e+00	0.000e+00	0.000e+00	0.000e+00	0.000e+00	0.000e+00	0.000e+00	0.000e+00	0.000e+00	0.000e+00	0.000e+00	0.000e+00	0.000e+00	0.000e+00	0.000e+00	0.000e+00	0.000e+00	0.000e+00	0.000e+00	0.000e+00	0.000e+00	0.000e+00	0.000e+00	0.000e+00	0.000e+00	0.000e+00	4.371e+05	2.186e+05	0.000e+00	5.464e+05	0.000e+00	5.464e+05	1.093e+05	1.093e+05	0.000e+00	0.000e+00	0.000e+00	0.000e+00	1.093e+05	2.186e+05	1.093e+05	1.093e+05	5.464e+05	3.279e+05	
23.400	4.481e+05	6.722e+05	3.361e+05	0.000e+00	3.361e+05	1.120e+05	1.120e+05	0.000e+00	1.120e+05	0.000e+00	0.000e+00	0.000e+00	2.241e+05	1.120e+05	0.000e+00	0.000e+00	0.000e+00	1.120e+05	0.000e+00	0.000e+00	1.120e+05	1.120e+05	4.481e+05	2.241e+05	2.241e+05	3.361e+05	1.120e+05	0.000e+00	2.241e+05	0.000e+00	0.000e+00	1.120e+05	0.000e+00	0.000e+00	0.000e+00	0.000e+00	0.000e+00	0.000e+00	0.000e+00	0.000e+00	0.000e+00	0.000e+00	0.000e+00	0.000e+00	0.000e+00	0.000e+00	0.000e+00	0.000e+00	0.000e+00	0.000e+00	0.000e+00	0.000e+00	0.000e+00	0.000e+00	0.000e+00	0.000e+00	0.000e+00	0.000e+00	0.000e+00	0.000e+00	0.000e+00	0.000e+00	0.000e+00	0.000e+00	0.000e+00	0.000e+00	0.000e+00	0.000e+00	0.000e+00	0.000e+00	0.000e+00	0.000e+00	0.000e+00	0.000e+00	0.000e+00	0.000e+00	0.000e+00	1.120e+05	0.000e+00	0.000e+00	1.120e+05	1.120e+05	4.481e+05	3.361e+05	2.241e+05	8.962e+05	5.601e+05	1.120e+05	3.361e+05	0.000e+00	0.000e+00	0.000e+00	0.000e+00	2.241e+05	0.000e+00	0.000e+00	2.241e+05	3.361e+05	7.842e+05	4.481e+05	
27.000	6.923e+05	8.077e+05	3.461e+05	3.461e+05	2.308e+05	2.308e+05	2.308e+05	0.000e+00	1.154e+05	0.000e+00	1.154e+05	1.154e+05	1.154e+05	1.154e+05	0.000e+00	1.154e+05	0.000e+00	1.154e+05	0.000e+00	3.461e+05	0.000e+00	1.154e+05	2.308e+05	1.154e+05	3.461e+05	2.308e+05	1.154e+05	0.000e+00	0.000e+00	0.000e+00	0.000e+00	0.000e+00	0.000e+00	0.000e+00	0.000e+00	0.000e+00	0.000e+00	0.000e+00	0.000e+00	0.000e+00	0.000e+00	0.000e+00	0.000e+00	0.000e+00	0.000e+00	0.000e+00	0.000e+00	0.000e+00	0.000e+00	0.000e+00	0.000e+00	0.000e+00	0.000e+00	0.000e+00	0.000e+00	0.000e+00	0.000e+00	0.000e+00	0.000e+00	0.000e+00	0.000e+00	0.000e+00	0.000e+00	0.000e+00	0.000e+00	0.000e+00	0.000e+00	0.000e+00	0.000e+00	0.000e+00	0.000e+00	0.000e+00	0.000e+00	0.000e+00	0.000e+00	0.000e+00	0.000e+00	1.154e+05	0.000e+00	0.000e+00	4.615e+05	3.461e+05	6.923e+05	8.077e+05	6.923e+05	5.769e+05	8.077e+05	9.230e+05	5.769e+05	2.308e+05	4.615e+05	2.308e+05	0.000e+00	3.461e+05	0.000e+00	2.308e+05	1.154e+05	4.615e+05	1.154e+05	4.615e+05	
30.600	9.554e+05	1.194e+06	5.971e+05	1.194e+05	4.777e+05	2.388e+05	1.194e+05	1.194e+05	2.388e+05	1.194e+05	1.194e+05	0.000e+00	2.388e+05	1.194e+05	0.000e+00	0.000e+00	0.000e+00	1.194e+05	1.194e+05	1.194e+05	2.388e+05	2.388e+05	1.194e+05	3.583e+05	3.583e+05	0.000e+00	2.388e+05	0.000e+00	1.194e+05	1.194e+05	0.000e+00	0.000e+00	0.000e+00	0.000e+00	0.000e+00	0.000e+00	0.000e+00	0.000e+00	0.000e+00	0.000e+00	0.000e+00	0.000e+00	0.000e+00	0.000e+00	0.000e+00	0.000e+00	0.000e+00	0.000e+00	0.000e+00	0.000e+00	0.000e+00	0.000e+00	0.000e+00	0.000e+00	0.000e+00	0.000e+00	0.000e+00	0.000e+00	0.000e+00	0.000e+00	0.000e+00	0.000e+00	0.000e+00	0.000e+00	0.000e+00	0.000e+00	0.000e+00	0.000e+00	0.000e+00	0.000e+00	0.000e+00	0.000e+00	0.000e+00	0.000e+00	0.000e+00	0.000e+00	1.194e+05	0.000e+00	0.000e+00	1.194e+05	2.388e+05	3.583e+05	1.433e+06	1.194e+06	3.583e+05	1.433e+06	8.360e+05	1.314e+06	1.433e+06	7.165e+05	3.583e+05	7.165e+05	5.971e+05	5.971e+05	3.583e+05	4.777e+05	8.360e+05	1.075e+06	1.672e+06	1.791e+06	
34.200	2.610e+06	1.616e+06	9.942e+05	8.699e+05	2.485e+05	3.728e+05	1.243e+05	6.214e+05	3.728e+05	1.243e+05	0.000e+00	2.485e+05	1.243e+05	0.000e+00	0.000e+00	0.000e+00	1.243e+05	2.485e+05	2.485e+05	2.485e+05	0.000e+00	0.000e+00	2.485e+05	3.728e+05	8.699e+05	4.971e+05	0.000e+00	0.000e+00	0.000e+00	0.000e+00	0.000e+00	0.000e+00	0.000e+00	0.000e+00	0.000e+00	0.000e+00	0.000e+00	0.000e+00	0.000e+00	0.000e+00	0.000e+00	0.000e+00	0.000e+00	0.000e+00	0.000e+00	0.000e+00	0.000e+00	0.000e+00	0.000e+00	0.000e+00	0.000e+00	0.000e+00	0.000e+00	0.000e+00	0.000e+00	0.000e+00	0.000e+00	0.000e+00	0.000e+00	0.000e+00	0.000e+00	0.000e+00	0.000e+00	0.000e+00	0.000e+00	0.000e+00	0.000e+00	0.000e+00	0.000e+00	0.000e+00	0.000e+00	0.000e+00	0.000e+00	0.000e+00	0.000e+00	0.000e+00	3.728e+05	1.243e+05	0.000e+00	0.000e+00	1.118e+06	8.699e+05	1.243e+06	1.118e+06	9.942e+05	8.699e+05	1.367e+06	7.456e+05	1.243e+06	1.243e+06	2.361e+06	1.243e+06	8.699e+05	3.728e+05	8.699e+05	1.740e+06	1.740e+06	2.610e+06	2.858e+06	3.107e+06	
37.800	3.252e+06	2.471e+06	1.431e+06	3.902e+05	2.601e+05	0.000e+00	0.000e+00	0.000e+00	3.902e+05	0.000e+00	7.804e+05	1.301e+05	1.301e+05	1.301e+05	1.301e+05	3.902e+05	0.000e+00	1.301e+05	0.000e+00	2.601e+05	0.000e+00	0.000e+00	1.561e+06	2.211e+06	3.121e+06	2.601e+06	5.202e+05	1.301e+05	1.301e+05	0.000e+00	0.000e+00	0.000e+00	0.000e+00	0.000e+00	0.000e+00	0.000e+00	0.000e+00	0.000e+00	0.000e+00	0.000e+00	0.000e+00	0.000e+00	0.000e+00	0.000e+00	0.000e+00	0.000e+00	0.000e+00	0.000e+00	0.000e+00	0.000e+00	0.000e+00	0.000e+00	0.000e+00	0.000e+00	0.000e+00	0.000e+00	0.000e+00	0.000e+00	0.000e+00	0.000e+00	0.000e+00	0.000e+00	0.000e+00	0.000e+00	0.000e+00	0.000e+00	0.000e+00	0.000e+00	0.000e+00	0.000e+00	0.000e+00	0.000e+00	0.000e+00	0.000e+00	0.000e+00	0.000e+00	1.301e+05	2.601e+05	2.601e+05	1.301e+05	2.601e+05	9.104e+05	1.040e+06	2.211e+06	1.561e+06	3.382e+06	2.211e+06	2.081e+06	1.561e+06	3.642e+06	2.731e+06	2.471e+06	2.861e+06	2.731e+06	3.382e+06	3.121e+06	4.942e+06	5.333e+06	7.023e+06	6.113e+06	
41.400	7.123e+06	4.931e+06	2.603e+06	1.096e+06	1.370e+05	1.370e+05	0.000e+00	0.000e+00	1.370e+05	1.370e+05	2.740e+05	1.370e+05	0.000e+00	1.370e+05	1.370e+05	1.370e+05	0.000e+00	1.370e+05	0.000e+00	0.000e+00	0.000e+00	8.219e+05	3.425e+06	3.836e+06	3.288e+06	1.781e+06	1.370e+06	4.110e+05	0.000e+00	0.000e+00	0.000e+00	0.000e+00	0.000e+00	0.000e+00	0.000e+00	0.000e+00	0.000e+00	0.000e+00	0.000e+00	0.000e+00	0.000e+00	0.000e+00	0.000e+00	0.000e+00	0.000e+00	0.000e+00	0.000e+00	0.000e+00	0.000e+00	0.000e+00	0.000e+00	0.000e+00	0.000e+00	0.000e+00	0.000e+00	0.000e+00	0.000e+00	0.000e+00	0.000e+00	0.000e+00	0.000e+00	0.000e+00	0.000e+00	0.000e+00	0.000e+00	0.000e+00	0.000e+00	0.000e+00	0.000e+00	0.000e+00	0.000e+00	0.000e+00	0.000e+00	0.000e+00	1.370e+05	0.000e+00	0.000e+00	4.110e+05	1.370e+05	1.096e+06	8.219e+05	1.096e+06	1.918e+06	2.603e+06	2.192e+06	2.192e+06	3.288e+06	2.055e+06	3.014e+06	3.425e+06	4.520e+06	4.520e+06	3.288e+06	5.479e+06	6.849e+06	5.479e+06	6.986e+06	8.219e+06	7.260e+06	6.712e+06	
45.000	4.649e+06	4.940e+06	1.598e+06	1.598e+06	1.162e+06	4.359e+05	5.812e+05	1.308e+06	7.265e+05	2.906e+05	1.453e+05	1.453e+05	0.000e+00	0.000e+00	0.000e+00	0.000e+00	0.000e+00	0.000e+00	0.000e+00	5.812e+05	1.308e+06	3.196e+06	1.017e+06	2.906e+05	1.453e+05	1.453e+05	4.359e+05	1.453e+05	0.000e+00	0.000e+00	0.000e+00	0.000e+00	0.000e+00	0.000e+00	0.000e+00	0.000e+00	0.000e+00	0.000e+00	0.000e+00	0.000e+00	0.000e+00	0.000e+00	0.000e+00	0.000e+00	0.000e+00	0.000e+00	0.000e+00	0.000e+00	0.000e+00	0.000e+00	0.000e+00	0.000e+00	0.000e+00	0.000e+00	0.000e+00	0.000e+00	0.000e+00	0.000e+00	0.000e+00	0.000e+00	0.000e+00	0.000e+00	0.000e+00	0.000e+00	0.000e+00	0.000e+00	0.000e+00	0.000e+00	0.000e+00	0.000e+00	0.000e+00	0.000e+00	0.000e+00	0.000e+00	2.906e+05	1.453e+05	2.906e+05	5.812e+05	4.359e+05	2.906e+05	7.265e+05	1.017e+06	1.598e+06	2.325e+06	1.889e+06	2.615e+06	2.906e+06	5.666e+06	4.359e+06	4.940e+06	2.615e+06	5.376e+06	5.376e+06	4.940e+06	5.666e+06	5.376e+06	5.666e+06	5.376e+06	4.213e+06	5.085e+06	
48.600	2.640e+06	2.174e+06	1.553e+06	9.319e+05	1.553e+06	2.330e+06	3.106e+06	1.709e+06	1.709e+06	1.243e+06	4.660e+05	1.553e+05	4.660e+05	3.106e+05	0.000e+00	3.106e+05	4.660e+05	6.213e+05	5.281e+06	1.460e+07	2.998e+07	5.483e+07	4.768e+07	2.066e+07	2.019e+06	0.000e+00	0.000e+00	0.000e+00	0.000e+00	0.000e+00	0.000e+00	0.000e+00	0.000e+00	0.000e+00	0.000e+00	0.000e+00	0.000e+00	0.000e+00	0.000e+00	0.000e+00	0.000e+00	0.000e+00	0.000e+00	0.000e+00	0.000e+00	0.000e+00	0.000e+00	0.000e+00	0.000e+00	0.000e+00	0.000e+00	0.000e+00	0.000e+00	0.000e+00	0.000e+00	0.000e+00	0.000e+00	0.000e+00	0.000e+00	0.000e+00	0.000e+00	0.000e+00	3.106e+05	0.000e+00	0.000e+00	0.000e+00	0.000e+00	0.000e+00	0.000e+00	0.000e+00	0.000e+00	1.553e+05	0.000e+00	0.000e+00	1.553e+05	0.000e+00	1.553e+05	1.553e+05	1.553e+05	4.660e+05	9.319e+05	7.766e+05	1.709e+06	1.243e+06	2.485e+06	1.243e+06	2.951e+06	3.106e+06	2.330e+06	2.951e+06	2.951e+06	3.417e+06	2.174e+06	1.553e+06	1.398e+06	9.319e+05	1.709e+06	9.319e+05	7.766e+05	9.319e+05	
52.200	0.000e+00	0.000e+00	0.000e+00	5.026e+05	3.351e+05	1.675e+05	3.351e+05	1.340e+06	1.340e+06	2.513e+06	5.194e+06	1.910e+07	3.820e+07	7.573e+07	6.668e+07	6.333e+07	5.780e+07	5.378e+07	7.439e+07	1.175e+08	1.630e+08	1.029e+08	9.332e+07	8.528e+07	7.020e+07	4.407e+07	9.048e+06	1.675e+05	0.000e+00	0.000e+00	0.000e+00	0.000e+00	0.000e+00	0.000e+00	0.000e+00	0.000e+00	0.000e+00	0.000e+00	0.000e+00	0.000e+00	0.000e+00	0.000e+00	0.000e+00	0.000e+00	0.000e+00	0.000e+00	0.000e+00	0.000e+00	0.000e+00	0.000e+00	0.000e+00	0.000e+00	0.000e+00	0.000e+00	0.000e+00	0.000e+00	1.675e+05	0.000e+00	1.675e+05	0.000e+00	0.000e+00	0.000e+00	0.000e+00	0.000e+00	1.675e+05	0.000e+00	0.000e+00	0.000e+00	0.000e+00	0.000e+00	0.000e+00	0.000e+00	0.000e+00	0.000e+00	1.675e+05	1.675e+05	0.000e+00	0.000e+00	0.000e+00	5.026e+05	1.675e+05	0.000e+00	3.351e+05	8.377e+05	1.005e+06	1.508e+06	1.173e+06	6.702e+05	6.702e+05	1.005e+06	5.026e+05	1.675e+05	0.000e+00	0.000e+00	0.000e+00	0.000e+00	0.000e+00	0.000e+00	0.000e+00	0.000e+00	
55.800	0.000e+00	0.000e+00	0.000e+00	0.000e+00	0.000e+00	0.000e+00	0.000e+00	0.000e+00	1.826e+05	9.132e+05	1.644e+06	1.279e+06	6.027e+06	1.918e+07	5.680e+07	1.364e+08	2.384e+08	2.206e+08	1.638e+08	1.874e+08	2.084e+08	1.852e+08	1.364e+08	8.420e+07	6.100e+07	4.694e+07	4.804e+07	6.502e+07	2.429e+07	5.479e+05	0.000e+00	0.000e+00	0.000e+00	0.000e+00	0.000e+00	0.000e+00	0.000e+00	0.000e+00	0.000e+00	0.000e+00	0.000e+00	0.000e+00	0.000e+00	0.000e+00	0.000e+00	0.000e+00	0.000e+00	0.000e+00	0.000e+00	0.000e+00	0.000e+00	0.000e+00	0.000e+00	1.826e+05	0.000e+00	1.826e+05	3.653e+05	0.000e+00	1.826e+05	1.826e+05	3.653e+05	1.826e+05	3.653e+05	1.826e+05	1.826e+05	1.826e+05	1.826e+05	0.000e+00	0.000e+00	0.000e+00	0.000e+00	0.000e+00	0.000e+00	1.826e+05	1.826e+05	0.000e+00	0.000e+00	0.000e+00	0.000e+00	0.000e+00	0.000e+00	0.000e+00	0.000e+00	0.000e+00	0.000e+00	0.000e+00	0.000e+00	0.000e+00	0.000e+00	0.000e+00	0.000e+00	0.000e+00	0.000e+00	0.000e+00	0.000e+00	0.000e+00	0.000e+00	0.000e+00	0.000e+00	0.000e+00	
59.400	0.000e+00	0.000e+00	0.000e+00	0.000e+00	0.000e+00	2.016e+05	0.000e+00	0.000e+00	1.008e+06	6.048e+05	2.218e+06	2.016e+06	1.230e+07	5.020e+07	1.464e+08	2.085e+08	2.236e+08	2.315e+08	2.044e+08	1.980e+08	2.099e+08	1.863e+08	1.615e+08	1.218e+08	1.192e+08	9.395e+07	6.734e+07	6.270e+07	1.208e+08	1.274e+08	1.675e+08	1.399e+08	9.758e+07	5.766e+07	4.657e+07	4.073e+07	3.185e+07	3.569e+07	5.060e+07	4.859e+07	3.629e+07	3.528e+07	4.032e+07	4.355e+07	4.435e+07	4.315e+07	3.790e+07	8.286e+07	4.052e+07	5.302e+07	7.460e+07	5.343e+07	1.167e+08	6.492e+07	5.605e+07	8.790e+07	7.036e+07	6.875e+07	8.710e+07	6.835e+07	8.790e+07	7.923e+07	7.198e+07	5.605e+07	5.665e+07	4.738e+07	3.972e+07	2.964e+07	1.492e+07	1.129e+07	7.258e+06	3.831e+06	1.815e+06	4.032e+05	0.000e+00	0.000e+00	0.000e+00	0.000e+00	0.000e+00	0.000e+00	0.000e+00	0.000e+00	0.000e+00	0.000e+00	0.000e+00	0.000e+00	0.000e+00	0.000e+00	0.000e+00	0.000e+00	0.000e+00	0.000e+00	0.000e+00	0.000e+00	0.000e+00	0.000e+00	0.000e+00	0.000e+00	0.000e+00	0.000e+00	
63.000	0.000e+00	0.000e+00	0.000e+00	2.260e+05	4.519e+05	0.000e+00	1.356e+06	6.779e+05	9.039e+05	2.260e+06	4.971e+06	9.265e+06	3.909e+07	1.293e+08	1.726e+08	1.686e+08	1.950e+08	1.833e+08	1.726e+08	2.178e+08	2.135e+08	2.165e+08	1.939e+08	1.923e+08	1.683e+08	1.695e+08	1.647e+08	1.796e+08	2.115e+08	2.126e+08	1.724e+08	1.946e+08	2.083e+08	2.153e+08	2.449e+08	2.474e+08	2.237e+08	2.194e+08	1.826e+08	1.930e+08	1.862e+08	2.061e+08	2.133e+08	2.113e+08	2.004e+08	1.975e+08	2.169e+08	2.282e+08	2.413e+08	2.092e+08	2.147e+08	1.937e+08	2.144e+08	2.540e+08	1.819e+08	1.297e+08	1.243e+08	1.385e+08	1.670e+08	1.686e+08	1.462e+08	1.109e+08	1.119e+08	1.159e+08	1.180e+08	1.125e+08	1.121e+08	1.173e+08	9.897e+07	8.519e+07	6.824e+07	4.858e+07	3.954e+07	2.599e+07	1.650e+07	9.717e+06	3.389e+06	1.130e+06	0.000e+00	0.000e+00	0.000e+00	0.000e+00	0.000e+00	0.000e+00	0.000e+00	0.000e+00	0.000e+00	0.000e+00	0.000e+00	0.000e+00	0.000e+00	0.000e+00	0.000e+00	0.000e+00	0.000e+00	0.000e+00	0.000e+00	0.000e+00	0.000e+00	0.000e+00	
66.600	0.000e+00	2.582e+05	0.000e+00	5.163e+05	1.033e+06	1.291e+06	1.033e+06	2.840e+06	3.873e+06	3.873e+06	6.454e+06	2.065e+07	8.158e+07	1.541e+08	1.430e+08	1.735e+08	1.830e+08	1.355e+08	1.025e+08	1.144e+08	1.552e+08	1.624e+08	1.629e+08	1.639e+08	1.642e+08	1.637e+08	1.761e+08	2.285e+08	2.749e+08	3.392e+08	3.317e+08	3.286e+08	3.346e+08	3.377e+08	3.707e+08	3.829e+08	4.061e+08	4.126e+08	3.715e+08	3.586e+08	3.558e+08	3.609e+08	3.503e+08	3.186e+08	2.972e+08	3.108e+08	2.995e+08	3.243e+08	3.408e+08	3.581e+08	3.501e+08	3.098e+08	3.222e+08	3.328e+08	3.467e+08	3.077e+08	2.796e+08	2.484e+08	2.163e+08	1.895e+08	1.774e+08	1.867e+08	1.588e+08	1.384e+08	1.379e+08	1.319e+08	1.100e+08	8.933e+07	9.991e+07	9.139e+07	8.700e+07	4.570e+07	3.692e+07	4.492e+07	3.485e+07	1.704e+07	2.298e+07	1.678e+07	1.730e+07	1.007e+07	2.582e+06	5.163e+05	0.000e+00	0.000e+00	0.000e+00	0.000e+00	0.000e+00	0.000e+00	0.000e+00	0.000e+00	0.000e+00	0.000e+00	0.000e+00	0.000e+00	0.000e+00	0.000e+00	0.000e+00	0.000e+00	0.000e+00	0.000e+00	
70.200	3.025e+05	3.025e+05	9.074e+05	1.210e+06	9.074e+05	1.815e+06	2.420e+06	2.420e+06	7.864e+06	8.166e+06	9.376e+06	2.480e+07	7.320e+07	1.131e+08	1.285e+08	1.727e+08	1.875e+08	1.388e+08	1.164e+08	8.711e+07	8.590e+07	1.298e+08	2.163e+08	2.535e+08	2.504e+08	2.214e+08	1.654e+08	1.803e+08	2.135e+08	2.631e+08	3.094e+08	3.124e+08	3.636e+08	3.518e+08	2.988e+08	2.913e+08	2.786e+08	2.889e+08	2.970e+08	2.879e+08	2.640e+08	2.822e+08	2.831e+08	2.677e+08	2.477e+08	2.610e+08	2.765e+08	3.000e+08	3.493e+08	3.191e+08	3.037e+08	3.300e+08	2.498e+08	1.975e+08	1.618e+08	1.806e+08	1.775e+08	1.533e+08	1.355e+08	1.062e+08	6.715e+07	6.775e+07	6.684e+07	5.565e+07	6.775e+07	6.926e+07	6.805e+07	8.045e+07	8.499e+07	9.044e+07	7.501e+07	6.563e+07	6.321e+07	7.562e+07	7.713e+07	4.537e+07	2.934e+07	2.692e+07	3.146e+07	3.297e+07	2.571e+07	1.694e+07	6.049e+06	3.025e+05	3.025e+05	0.000e+00	0.000e+00	0.000e+00	0.000e+00	0.000e+00	0.000e+00	0.000e+00	0.000e+00	0.000e+00	0.000e+00	0.000e+00	0.000e+00	0.000e+00	0.000e+00	0.000e+00	
73.800	9.905e+06	1.064e+07	5.136e+06	8.438e+06	1.321e+07	1.027e+07	1.174e+07	1.651e+07	1.431e+07	2.128e+07	3.045e+07	3.192e+07	5.063e+07	7.887e+07	9.465e+07	9.978e+07	1.123e+08	1.354e+08	1.438e+08	1.596e+08	1.379e+08	1.493e+08	1.955e+08	2.153e+08	2.366e+08	1.831e+08	1.673e+08	1.618e+08	1.919e+08	2.348e+08	2.502e+08	2.726e+08	2.821e+08	2.979e+08	2.707e+08	2.957e+08	3.577e+08	3.896e+08	3.940e+08	3.933e+08	4.244e+08	3.566e+08	4.307e+08	5.107e+08	5.008e+08	4.685e+08	3.922e+08	3.841e+08	3.107e+08	2.454e+08	1.871e+08	1.816e+08	1.515e+08	1.860e+08	1.515e+08	1.090e+08	1.368e+08	1.288e+08	9.832e+07	7.887e+07	3.889e+07	3.265e+07	4.072e+07	5.613e+07	7.190e+07	7.264e+07	9.391e+07	1.203e+08	1.497e+08	1.442e+08	1.192e+08	1.035e+08	8.548e+07	7.887e+07	6.970e+07	5.796e+07	6.053e+07	5.136e+07	5.283e+07	5.980e+07	5.393e+07	3.632e+07	2.641e+07	1.064e+07	5.503e+06	1.101e+06	3.669e+05	0.000e+00	7.337e+05	3.669e+05	3.669e+05	3.669e+05	7.337e+05	7.337e+05	2.568e+06	1.834e+06	4.769e+06	5.870e+06	4.035e+06	9.171e+06	
77.400	3.513e+07	2.998e+07	4.075e+07	4.216e+07	4.918e+07	4.637e+07	5.012e+07	5.293e+07	5.153e+07	5.949e+07	5.012e+07	6.230e+07	6.886e+07	6.511e+07	6.464e+07	5.855e+07	8.572e+07	8.150e+07	8.759e+07	8.853e+07	9.930e+07	1.251e+08	1.269e+08	1.565e+08	1.724e+08	1.747e+08	1.522e+08	1.569e+08	1.668e+08	1.677e+08	1.817e+08	1.621e+08	1.429e+08	1.438e+08	1.143e+08	1.368e+08	1.054e+08	9.415e+07	1.059e+08	1.054e+08	1.246e+08	1.349e+08	1.082e+08	1.377e+08	1.382e+08	1.621e+08	2.487e+08	2.426e+08	2.000e+08	1.415e+08	1.382e+08	1.705e+08	1.583e+08	1.429e+08	7.214e+07	2.295e+07	1.827e+07	2.295e+07	2.483e+07	3.560e+07	3.982e+07	4.169e+07	3.513e+07	3.466e+07	4.684e+07	6.183e+07	6.933e+07	7.120e+07	8.244e+07	6.886e+07	7.260e+07	8.150e+07	7.541e+07	6.605e+07	6.698e+07	5.293e+07	6.417e+07	5.715e+07	5.480e+07	5.574e+07	5.387e+07	2.857e+07	2.108e+07	1.499e+07	6.089e+06	5.621e+06	4.216e+06	3.747e+06	9.368e+05	4.216e+06	6.558e+06	5.621e+06	3.747e+06	1.031e+07	9.837e+06	1.405e+07	1.312e+07	2.857e+07	3.232e+07	3.466e+07	
81.000	3.582e+07	3.452e+07	3.582e+07	4.624e+07	5.992e+07	6.969e+07	5.927e+07	6.904e+07	8.337e+07	6.448e+07	7.295e+07	7.360e+07	8.793e+07	7.816e+07	8.532e+07	7.490e+07	6.057e+07	5.862e+07	5.862e+07	6.187e+07	6.252e+07	8.076e+07	6.773e+07	8.532e+07	9.248e+07	9.704e+07	1.068e+08	1.283e+08	1.237e+08	1.107e+08	1.211e+08	1.237e+08	1.237e+08	1.231e+08	1.107e+08	1.029e+08	1.088e+08	9.444e+07	7.881e+07	7.099e+07	5.145e+07	5.797e+07	5.341e+07	3.973e+07	5.015e+07	5.601e+07	4.429e+07	7.620e+07	8.011e+07	9.314e+07	1.023e+08	8.532e+07	6.839e+07	3.973e+07	3.647e+07	2.801e+07	2.280e+07	1.368e+07	1.563e+07	1.693e+07	9.769e+06	2.345e+07	2.410e+07	3.061e+07	3.061e+07	4.624e+07	3.843e+07	3.061e+07	3.908e+07	3.517e+07	3.843e+07	3.647e+07	4.364e+07	2.996e+07	2.996e+07	2.605e+07	3.061e+07	2.866e+07	2.149e+07	1.759e+07	1.303e+07	1.107e+07	1.042e+07	7.816e+06	6.513e+06	5.862e+06	8.467e+06	1.042e+07	1.042e+07	7.816e+06	1.107e+07	1.498e+07	2.149e+07	2.475e+07	2.345e+07	2.019e+07	2.280e+07	2.280e+07	2.996e+07	2.280e+07	
84.600	2.366e+07	2.473e+07	4.194e+07	6.452e+07	4.087e+07	5.807e+07	5.915e+07	6.775e+07	7.635e+07	6.990e+07	5.592e+07	8.388e+07	6.775e+07	6.668e+07	7.205e+07	7.420e+07	6.990e+07	5.269e+07	6.990e+07	6.237e+07	4.194e+07	4.409e+07	4.517e+07	4.732e+07	4.624e+07	6.990e+07	5.700e+07	6.130e+07	4.302e+07	6.452e+07	5.485e+07	5.377e+07	6.775e+07	6.560e+07	7.205e+07	7.205e+07	9.033e+07	9.356e+07	8.926e+07	7.528e+07	8.281e+07	7.635e+07	6.130e+07	4.302e+07	6.990e+07	6.237e+07	7.528e+07	7.313e+07	8.711e+07	6.237e+07	7.205e+07	6.345e+07	5.700e+07	5.592e+07	3.979e+07	2.904e+07	2.473e+07	3.011e+07	1.398e+07	1.183e+07	9.679e+06	1.506e+07	1.075e+07	1.506e+07	1.721e+07	1.183e+07	2.473e+07	1.506e+07	1.721e+07	1.613e+07	1.721e+07	1.506e+07	9.679e+06	1.613e+07	8.603e+06	8.603e+06	9.679e+06	5.377e+06	9.679e+06	8.603e+06	6.452e+06	7.528e+06	8.603e+06	2.151e+06	3.226e+06	2.151e+06	3.226e+06	2.151e+06	4.302e+06	7.528e+06	1.183e+07	1.290e+07	7.528e+06	7.528e+06	1.075e+07	1.828e+07	1.936e+07	2.366e+07	1.721e+07	3.119e+07	
88.200	1.871e+07	3.430e+07	3.430e+07	2.495e+07	4.365e+07	5.925e+07	4.989e+07	4.365e+07	4.054e+07	4.989e+07	4.677e+07	8.107e+07	7.172e+07	4.365e+07	5.925e+07	7.172e+07	5.613e+07	4.989e+07	4.677e+07	4.365e+07	5.613e+07	7.484e+07	7.484e+07	7.172e+07	4.054e+07	5.613e+07	4.677e+07	4.989e+07	6.548e+07	5.925e+07	6.236e+07	3.742e+07	7.795e+07	3.430e+07	6.236e+07	5.301e+07	6.236e+07	5.301e+07	6.548e+07	4.677e+07	5.613e+07	1.871e+07	4.989e+07	4.054e+07	4.989e+07	4.989e+07	7.795e+07	5.925e+07	4.054e+07	9.355e+07	5.613e+07	2.495e+07	4.365e+07	6.236e+07	2.495e+07	5.613e+07	2.806e+07	3.430e+07	2.183e+07	9.355e+06	2.495e+07	1.247e+07	1.559e+07	3.118e+07	6.236e+06	2.495e+07	3.118e+07	2.495e+07	6.236e+06	1.559e+07	2.495e+07	2.183e+07	1.871e+07	0.000e+00	1.871e+07	1.871e+07	1.247e+07	9.355e+06	1.871e+07	1.871e+07	1.871e+07	1.559e+07	3.118e+06	1.559e+07	3.118e+06	9.355e+06	9.355e+06	0.000e+00	1.871e+07	1.871e+07	1.247e+07	1.871e+07	1.559e+07	2.183e+07	3.118e+07	2.495e+07	2.183e+07	3.430e+07	2.183e+07	4.677e+07	
