#
# Protons precipitation map
# Simulation setup: northward IMF, same Solar wind as Aizawa et al. (2021)
# Simulation code: iPIC3D
# Simulation path: /home/flavorenti/Bureau/data_simu_iPIC3D/Mercury_SaeInit/PR1/Normal-newbox/texts/
# Output: Flux, units 1/cm2/s
# Output minimum: 1e-6
# Grid X-Axis (first row): local time [hours] from 0 to 24 with 100 equispaced bins
# Grid Y-Axis (first column): latitude [deg.] from -90 to 90 with 50 equispaced bins
# Signature: Federico Lavorenti
#
nan	0.120	0.360	0.600	0.840	1.080	1.320	1.560	1.800	2.040	2.280	2.520	2.760	3.000	3.240	3.480	3.720	3.960	4.200	4.440	4.680	4.920	5.160	5.400	5.640	5.880	6.120	6.360	6.600	6.840	7.080	7.320	7.560	7.800	8.040	8.280	8.520	8.760	9.000	9.240	9.480	9.720	9.960	10.200	10.440	10.680	10.920	11.160	11.400	11.640	11.880	12.120	12.360	12.600	12.840	13.080	13.320	13.560	13.800	14.040	14.280	14.520	14.760	15.000	15.240	15.480	15.720	15.960	16.200	16.440	16.680	16.920	17.160	17.400	17.640	17.880	18.120	18.360	18.600	18.840	19.080	19.320	19.560	19.800	20.040	20.280	20.520	20.760	21.000	21.240	21.480	21.720	21.960	22.200	22.440	22.680	22.920	23.160	23.400	23.640	23.880	
-88.200	0.000e+00	0.000e+00	0.000e+00	0.000e+00	3.276e+06	0.000e+00	0.000e+00	0.000e+00	3.276e+06	3.276e+06	0.000e+00	0.000e+00	0.000e+00	0.000e+00	0.000e+00	6.553e+06	0.000e+00	0.000e+00	0.000e+00	0.000e+00	0.000e+00	0.000e+00	0.000e+00	0.000e+00	0.000e+00	0.000e+00	0.000e+00	0.000e+00	0.000e+00	0.000e+00	0.000e+00	3.276e+06	0.000e+00	0.000e+00	0.000e+00	0.000e+00	0.000e+00	0.000e+00	0.000e+00	3.276e+06	0.000e+00	0.000e+00	0.000e+00	3.276e+06	0.000e+00	0.000e+00	0.000e+00	0.000e+00	0.000e+00	0.000e+00	0.000e+00	0.000e+00	0.000e+00	0.000e+00	0.000e+00	0.000e+00	0.000e+00	0.000e+00	0.000e+00	0.000e+00	0.000e+00	0.000e+00	0.000e+00	0.000e+00	0.000e+00	0.000e+00	0.000e+00	0.000e+00	0.000e+00	3.276e+06	0.000e+00	0.000e+00	0.000e+00	0.000e+00	0.000e+00	0.000e+00	0.000e+00	0.000e+00	0.000e+00	0.000e+00	0.000e+00	0.000e+00	0.000e+00	0.000e+00	0.000e+00	0.000e+00	0.000e+00	0.000e+00	0.000e+00	0.000e+00	0.000e+00	0.000e+00	0.000e+00	0.000e+00	0.000e+00	0.000e+00	6.553e+06	0.000e+00	0.000e+00	0.000e+00	
-84.600	0.000e+00	0.000e+00	0.000e+00	2.187e+06	0.000e+00	2.187e+06	0.000e+00	0.000e+00	1.094e+06	1.094e+06	0.000e+00	0.000e+00	3.281e+06	1.094e+06	2.187e+06	0.000e+00	1.094e+06	2.187e+06	1.094e+06	2.187e+06	1.094e+06	2.187e+06	1.094e+06	0.000e+00	0.000e+00	0.000e+00	3.281e+06	0.000e+00	1.094e+06	1.094e+06	0.000e+00	1.094e+06	1.094e+06	1.094e+06	1.094e+06	1.094e+06	0.000e+00	1.094e+06	0.000e+00	1.094e+06	0.000e+00	0.000e+00	1.094e+06	0.000e+00	0.000e+00	1.094e+06	0.000e+00	0.000e+00	0.000e+00	0.000e+00	1.094e+06	0.000e+00	0.000e+00	0.000e+00	0.000e+00	0.000e+00	0.000e+00	1.094e+06	0.000e+00	0.000e+00	1.094e+06	0.000e+00	0.000e+00	0.000e+00	0.000e+00	0.000e+00	0.000e+00	0.000e+00	0.000e+00	0.000e+00	0.000e+00	0.000e+00	0.000e+00	0.000e+00	0.000e+00	0.000e+00	0.000e+00	0.000e+00	0.000e+00	0.000e+00	0.000e+00	0.000e+00	0.000e+00	0.000e+00	0.000e+00	0.000e+00	0.000e+00	0.000e+00	0.000e+00	0.000e+00	0.000e+00	0.000e+00	0.000e+00	0.000e+00	0.000e+00	2.187e+06	0.000e+00	0.000e+00	0.000e+00	0.000e+00	
-81.000	0.000e+00	0.000e+00	0.000e+00	6.578e+05	6.578e+05	0.000e+00	0.000e+00	0.000e+00	0.000e+00	0.000e+00	0.000e+00	6.578e+05	1.316e+06	0.000e+00	0.000e+00	6.578e+05	6.578e+05	1.316e+06	6.578e+05	6.578e+05	1.316e+06	2.631e+06	2.631e+06	2.631e+06	1.974e+06	1.974e+06	1.974e+06	6.578e+05	4.605e+06	3.289e+06	1.316e+06	2.631e+06	1.974e+06	6.578e+06	7.894e+06	1.513e+07	1.710e+07	2.105e+07	1.842e+07	1.513e+07	8.552e+06	6.578e+06	3.289e+06	6.578e+05	1.316e+06	6.578e+05	0.000e+00	0.000e+00	0.000e+00	0.000e+00	0.000e+00	0.000e+00	0.000e+00	0.000e+00	0.000e+00	0.000e+00	0.000e+00	0.000e+00	0.000e+00	0.000e+00	0.000e+00	0.000e+00	0.000e+00	0.000e+00	0.000e+00	0.000e+00	0.000e+00	0.000e+00	0.000e+00	0.000e+00	0.000e+00	0.000e+00	0.000e+00	0.000e+00	0.000e+00	0.000e+00	0.000e+00	0.000e+00	0.000e+00	0.000e+00	0.000e+00	0.000e+00	0.000e+00	0.000e+00	0.000e+00	0.000e+00	0.000e+00	0.000e+00	0.000e+00	0.000e+00	0.000e+00	0.000e+00	0.000e+00	0.000e+00	0.000e+00	1.316e+06	0.000e+00	0.000e+00	0.000e+00	0.000e+00	
-77.400	0.000e+00	0.000e+00	0.000e+00	0.000e+00	0.000e+00	0.000e+00	4.718e+05	9.435e+05	0.000e+00	0.000e+00	0.000e+00	0.000e+00	0.000e+00	0.000e+00	0.000e+00	0.000e+00	1.415e+06	4.718e+05	4.718e+05	1.415e+06	1.887e+06	3.774e+06	1.887e+06	4.246e+06	5.661e+06	5.661e+06	4.718e+06	7.548e+06	4.718e+06	2.076e+07	3.208e+07	3.491e+07	5.236e+07	5.755e+07	4.953e+07	5.189e+07	5.614e+07	5.142e+07	5.472e+07	5.378e+07	5.472e+07	5.803e+07	3.538e+07	4.434e+07	3.019e+07	1.698e+07	6.605e+06	2.831e+06	4.718e+05	0.000e+00	0.000e+00	0.000e+00	0.000e+00	4.718e+05	0.000e+00	0.000e+00	0.000e+00	0.000e+00	0.000e+00	0.000e+00	0.000e+00	0.000e+00	0.000e+00	0.000e+00	0.000e+00	0.000e+00	0.000e+00	0.000e+00	0.000e+00	0.000e+00	0.000e+00	0.000e+00	0.000e+00	0.000e+00	0.000e+00	0.000e+00	0.000e+00	0.000e+00	0.000e+00	0.000e+00	0.000e+00	0.000e+00	0.000e+00	0.000e+00	0.000e+00	0.000e+00	0.000e+00	0.000e+00	0.000e+00	0.000e+00	0.000e+00	0.000e+00	0.000e+00	0.000e+00	0.000e+00	0.000e+00	0.000e+00	0.000e+00	0.000e+00	0.000e+00	
-73.800	0.000e+00	0.000e+00	0.000e+00	0.000e+00	0.000e+00	0.000e+00	0.000e+00	0.000e+00	0.000e+00	0.000e+00	0.000e+00	3.689e+05	0.000e+00	0.000e+00	0.000e+00	3.689e+05	7.377e+05	3.689e+05	2.582e+06	1.107e+06	3.320e+06	4.795e+06	6.271e+06	8.115e+06	1.439e+07	1.475e+07	1.402e+07	3.394e+07	6.160e+07	6.824e+07	7.451e+07	5.496e+07	5.644e+07	5.090e+07	6.271e+07	7.525e+07	6.381e+07	6.824e+07	7.340e+07	5.828e+07	8.041e+07	6.861e+07	8.410e+07	9.222e+07	7.488e+07	6.898e+07	4.832e+07	2.508e+07	9.959e+06	1.475e+06	0.000e+00	3.689e+05	0.000e+00	0.000e+00	0.000e+00	0.000e+00	3.689e+05	3.689e+05	0.000e+00	0.000e+00	3.689e+05	3.689e+05	7.377e+05	0.000e+00	0.000e+00	3.689e+05	0.000e+00	0.000e+00	0.000e+00	0.000e+00	0.000e+00	0.000e+00	0.000e+00	0.000e+00	0.000e+00	0.000e+00	0.000e+00	0.000e+00	3.689e+05	0.000e+00	0.000e+00	0.000e+00	0.000e+00	0.000e+00	0.000e+00	0.000e+00	3.689e+05	0.000e+00	0.000e+00	3.689e+05	0.000e+00	0.000e+00	0.000e+00	0.000e+00	0.000e+00	0.000e+00	0.000e+00	0.000e+00	0.000e+00	0.000e+00	
-70.200	0.000e+00	0.000e+00	0.000e+00	0.000e+00	0.000e+00	0.000e+00	0.000e+00	0.000e+00	0.000e+00	3.038e+05	0.000e+00	0.000e+00	0.000e+00	0.000e+00	0.000e+00	0.000e+00	3.038e+05	1.519e+06	3.949e+06	5.165e+06	8.506e+06	1.124e+07	1.397e+07	1.306e+07	1.792e+07	2.461e+07	4.861e+07	6.744e+07	7.534e+07	8.780e+07	9.053e+07	8.871e+07	8.294e+07	7.868e+07	8.111e+07	7.656e+07	7.808e+07	8.233e+07	7.230e+07	7.777e+07	7.960e+07	8.841e+07	9.600e+07	1.097e+08	1.030e+08	1.021e+08	8.598e+07	6.623e+07	3.767e+07	1.276e+07	1.215e+06	6.076e+05	1.215e+06	0.000e+00	3.038e+05	9.114e+05	9.114e+05	6.076e+05	6.076e+05	3.038e+05	6.076e+05	0.000e+00	3.038e+05	0.000e+00	0.000e+00	6.076e+05	0.000e+00	0.000e+00	0.000e+00	0.000e+00	0.000e+00	0.000e+00	0.000e+00	0.000e+00	3.038e+05	3.038e+05	3.038e+05	0.000e+00	3.038e+05	3.038e+05	0.000e+00	0.000e+00	0.000e+00	0.000e+00	0.000e+00	0.000e+00	0.000e+00	3.038e+05	0.000e+00	0.000e+00	0.000e+00	0.000e+00	0.000e+00	0.000e+00	0.000e+00	0.000e+00	0.000e+00	0.000e+00	0.000e+00	0.000e+00	
-66.600	0.000e+00	0.000e+00	0.000e+00	0.000e+00	0.000e+00	0.000e+00	2.591e+05	2.591e+05	0.000e+00	0.000e+00	0.000e+00	0.000e+00	2.591e+05	2.591e+05	0.000e+00	7.774e+05	7.774e+05	5.182e+05	1.555e+06	3.369e+06	5.960e+06	8.292e+06	2.332e+07	2.384e+07	2.902e+07	5.260e+07	6.970e+07	8.836e+07	9.017e+07	9.380e+07	1.047e+08	9.976e+07	1.003e+08	9.613e+07	9.199e+07	8.888e+07	8.888e+07	9.121e+07	9.250e+07	9.872e+07	1.042e+08	1.016e+08	1.021e+08	1.148e+08	1.119e+08	1.298e+08	1.200e+08	1.091e+08	8.758e+07	5.390e+07	2.047e+07	1.036e+07	8.033e+06	2.332e+06	2.332e+06	1.814e+06	1.555e+06	1.555e+06	2.073e+06	7.774e+05	7.774e+05	2.591e+05	5.182e+05	5.182e+05	1.814e+06	2.591e+05	0.000e+00	7.774e+05	2.591e+05	2.591e+05	2.591e+05	2.591e+05	2.591e+05	1.036e+06	7.774e+05	1.036e+06	7.774e+05	1.036e+06	1.036e+06	1.036e+06	1.555e+06	5.182e+05	7.774e+05	5.182e+05	7.774e+05	2.591e+05	2.591e+05	2.591e+05	2.591e+05	0.000e+00	0.000e+00	0.000e+00	0.000e+00	0.000e+00	0.000e+00	0.000e+00	0.000e+00	0.000e+00	0.000e+00	0.000e+00	
-63.000	0.000e+00	0.000e+00	0.000e+00	0.000e+00	0.000e+00	2.267e+05	2.267e+05	0.000e+00	2.267e+05	0.000e+00	4.533e+05	6.800e+05	4.533e+05	4.533e+05	4.533e+05	1.587e+06	9.067e+05	6.800e+05	1.133e+06	2.720e+06	5.667e+06	1.405e+07	2.267e+07	3.128e+07	4.420e+07	6.959e+07	9.838e+07	1.061e+08	1.210e+08	1.253e+08	1.183e+08	1.161e+08	1.156e+08	1.043e+08	9.430e+07	8.976e+07	9.271e+07	9.792e+07	9.611e+07	1.104e+08	1.129e+08	1.145e+08	1.238e+08	1.208e+08	1.290e+08	1.287e+08	1.328e+08	1.065e+08	7.979e+07	5.213e+07	4.329e+07	3.173e+07	1.927e+07	1.541e+07	9.974e+06	7.027e+06	2.947e+06	2.267e+06	3.173e+06	2.040e+06	1.587e+06	1.587e+06	1.360e+06	1.587e+06	9.067e+05	1.133e+06	9.067e+05	6.800e+05	9.067e+05	9.067e+05	1.133e+06	2.947e+06	2.493e+06	2.040e+06	1.360e+06	2.493e+06	2.493e+06	4.080e+06	1.813e+06	3.627e+06	4.533e+06	1.360e+06	2.947e+06	3.853e+06	1.813e+06	1.587e+06	4.533e+05	2.267e+05	2.267e+05	4.533e+05	0.000e+00	0.000e+00	2.267e+05	4.533e+05	0.000e+00	0.000e+00	0.000e+00	2.267e+05	0.000e+00	0.000e+00	
-59.400	0.000e+00	2.022e+05	4.043e+05	0.000e+00	2.022e+05	0.000e+00	0.000e+00	2.022e+05	2.022e+05	8.086e+05	8.086e+05	1.011e+06	6.065e+05	8.086e+05	6.065e+05	2.022e+06	1.415e+06	2.224e+06	2.830e+06	2.426e+06	5.256e+06	1.112e+07	2.527e+07	3.396e+07	4.953e+07	7.682e+07	9.319e+07	9.562e+07	1.067e+08	1.225e+08	1.142e+08	1.144e+08	1.272e+08	1.057e+08	9.623e+07	9.077e+07	9.805e+07	9.703e+07	1.138e+08	1.154e+08	1.013e+08	9.643e+07	8.996e+07	8.187e+07	8.086e+07	7.075e+07	7.601e+07	5.195e+07	3.760e+07	2.972e+07	2.972e+07	2.426e+07	1.880e+07	1.071e+07	1.334e+07	1.011e+07	6.671e+06	3.437e+06	3.639e+06	2.224e+06	1.819e+06	1.819e+06	1.617e+06	2.022e+06	1.617e+06	2.426e+06	2.022e+06	2.426e+06	1.617e+06	3.437e+06	2.628e+06	2.224e+06	2.426e+06	3.437e+06	4.650e+06	4.245e+06	4.245e+06	3.234e+06	4.852e+06	6.065e+06	5.863e+06	5.863e+06	4.245e+06	3.639e+06	3.234e+06	2.022e+06	6.065e+05	4.043e+05	8.086e+05	2.022e+05	0.000e+00	2.022e+05	0.000e+00	0.000e+00	4.043e+05	0.000e+00	2.022e+05	0.000e+00	2.022e+05	0.000e+00	
-55.800	0.000e+00	0.000e+00	1.831e+05	0.000e+00	0.000e+00	0.000e+00	0.000e+00	0.000e+00	1.831e+05	3.662e+05	9.154e+05	7.323e+05	1.282e+06	1.648e+06	2.380e+06	2.380e+06	1.282e+06	2.746e+06	4.577e+06	3.478e+06	3.478e+06	4.760e+06	1.410e+07	2.325e+07	3.552e+07	5.071e+07	5.822e+07	7.323e+07	7.927e+07	9.666e+07	1.249e+08	1.179e+08	1.186e+08	1.033e+08	9.685e+07	9.776e+07	9.117e+07	8.751e+07	8.550e+07	7.854e+07	6.572e+07	5.675e+07	5.913e+07	4.760e+07	4.321e+07	4.852e+07	3.735e+07	2.746e+07	2.526e+07	2.032e+07	2.160e+07	1.483e+07	1.245e+07	1.080e+07	1.044e+07	8.788e+06	5.309e+06	4.577e+06	3.662e+06	3.112e+06	2.014e+06	2.929e+06	1.282e+06	2.563e+06	1.831e+06	1.648e+06	1.831e+06	1.831e+06	1.648e+06	2.014e+06	2.014e+06	2.014e+06	3.112e+06	2.746e+06	2.563e+06	3.478e+06	5.858e+06	3.478e+06	4.577e+06	7.323e+06	7.140e+06	8.238e+06	7.506e+06	8.788e+06	3.478e+06	3.662e+06	1.282e+06	9.154e+05	0.000e+00	0.000e+00	5.492e+05	0.000e+00	0.000e+00	0.000e+00	0.000e+00	0.000e+00	0.000e+00	0.000e+00	0.000e+00	0.000e+00	
-52.200	0.000e+00	0.000e+00	0.000e+00	0.000e+00	0.000e+00	0.000e+00	1.679e+05	0.000e+00	5.037e+05	3.358e+05	1.007e+06	6.716e+05	1.175e+06	1.343e+06	1.679e+06	1.847e+06	3.694e+06	2.518e+06	4.197e+06	3.862e+06	4.365e+06	6.380e+06	7.219e+06	1.175e+07	1.629e+07	3.039e+07	4.819e+07	7.622e+07	8.294e+07	9.805e+07	1.098e+08	1.105e+08	1.002e+08	9.184e+07	9.385e+07	8.193e+07	7.958e+07	6.766e+07	5.473e+07	4.231e+07	4.080e+07	3.526e+07	4.315e+07	3.643e+07	3.442e+07	3.291e+07	1.981e+07	2.149e+07	2.048e+07	1.477e+07	1.091e+07	1.075e+07	1.091e+07	8.898e+06	6.548e+06	4.197e+06	3.358e+06	3.022e+06	4.029e+06	4.029e+06	2.686e+06	1.847e+06	2.686e+06	2.518e+06	2.183e+06	2.183e+06	1.511e+06	2.183e+06	3.358e+06	2.015e+06	2.351e+06	3.022e+06	4.197e+06	3.694e+06	2.854e+06	3.022e+06	3.358e+06	4.701e+06	4.197e+06	5.373e+06	6.884e+06	7.555e+06	6.548e+06	6.380e+06	6.212e+06	1.847e+06	1.007e+06	5.037e+05	0.000e+00	0.000e+00	0.000e+00	0.000e+00	0.000e+00	0.000e+00	1.679e+05	0.000e+00	0.000e+00	0.000e+00	0.000e+00	0.000e+00	
-48.600	0.000e+00	0.000e+00	0.000e+00	0.000e+00	0.000e+00	1.556e+05	1.556e+05	3.112e+05	1.556e+05	3.112e+05	4.668e+05	3.112e+05	7.780e+05	1.556e+06	2.645e+06	2.645e+06	5.290e+06	6.224e+06	7.158e+06	5.446e+06	4.824e+06	6.535e+06	9.803e+06	9.025e+06	1.058e+07	1.494e+07	3.345e+07	4.637e+07	6.489e+07	7.562e+07	7.453e+07	7.298e+07	6.722e+07	6.224e+07	5.679e+07	4.590e+07	4.372e+07	4.419e+07	3.626e+07	2.956e+07	3.345e+07	3.501e+07	3.128e+07	2.848e+07	2.676e+07	2.132e+07	1.789e+07	1.229e+07	1.276e+07	8.869e+06	7.780e+06	8.091e+06	7.624e+06	3.890e+06	4.824e+06	5.446e+06	3.734e+06	2.801e+06	1.556e+06	2.334e+06	1.712e+06	2.334e+06	1.867e+06	2.645e+06	1.867e+06	1.867e+06	2.178e+06	2.956e+06	2.490e+06	3.112e+06	3.112e+06	2.178e+06	1.556e+06	2.956e+06	2.023e+06	4.201e+06	3.112e+06	2.956e+06	4.824e+06	4.979e+06	3.890e+06	4.824e+06	7.158e+06	3.423e+06	2.490e+06	6.224e+05	7.780e+05	0.000e+00	0.000e+00	0.000e+00	0.000e+00	0.000e+00	1.556e+05	0.000e+00	0.000e+00	1.556e+05	0.000e+00	0.000e+00	0.000e+00	0.000e+00	
-45.000	1.455e+05	0.000e+00	0.000e+00	0.000e+00	0.000e+00	1.455e+05	0.000e+00	0.000e+00	0.000e+00	2.910e+05	0.000e+00	2.910e+05	1.455e+05	7.276e+05	1.892e+06	2.474e+06	6.840e+06	7.276e+06	8.440e+06	7.713e+06	6.257e+06	7.422e+06	1.135e+07	1.222e+07	9.022e+06	1.135e+07	1.368e+07	1.892e+07	2.590e+07	3.478e+07	3.420e+07	3.201e+07	3.551e+07	3.216e+07	3.201e+07	3.216e+07	2.896e+07	3.143e+07	3.071e+07	3.012e+07	3.420e+07	3.114e+07	2.954e+07	1.863e+07	1.746e+07	1.412e+07	1.091e+07	9.459e+06	7.422e+06	6.403e+06	6.112e+06	4.220e+06	3.493e+06	4.366e+06	3.347e+06	3.201e+06	3.347e+06	2.037e+06	1.746e+06	2.328e+06	1.892e+06	2.765e+06	2.619e+06	3.056e+06	2.619e+06	2.619e+06	2.910e+06	3.056e+06	2.183e+06	2.328e+06	1.746e+06	2.328e+06	2.328e+06	1.746e+06	1.455e+06	1.455e+06	2.765e+06	1.892e+06	2.037e+06	3.493e+06	3.784e+06	4.657e+06	4.802e+06	2.183e+06	8.731e+05	5.821e+05	0.000e+00	5.821e+05	0.000e+00	0.000e+00	0.000e+00	0.000e+00	0.000e+00	0.000e+00	1.455e+05	0.000e+00	0.000e+00	0.000e+00	0.000e+00	0.000e+00	
-41.400	0.000e+00	0.000e+00	0.000e+00	0.000e+00	1.372e+05	0.000e+00	0.000e+00	0.000e+00	0.000e+00	0.000e+00	2.744e+05	5.487e+05	8.231e+05	8.231e+05	2.606e+06	4.664e+06	7.270e+06	1.317e+07	1.427e+07	8.642e+06	1.043e+07	9.191e+06	1.193e+07	1.152e+07	1.029e+07	9.740e+06	7.682e+06	6.584e+06	6.036e+06	1.783e+07	1.907e+07	2.414e+07	2.497e+07	2.949e+07	2.894e+07	2.771e+07	3.059e+07	2.771e+07	2.305e+07	2.167e+07	1.907e+07	1.674e+07	1.495e+07	1.125e+07	1.111e+07	8.093e+06	6.447e+06	7.408e+06	7.682e+06	4.252e+06	3.292e+06	3.429e+06	3.018e+06	2.744e+06	3.018e+06	2.606e+06	2.744e+06	2.469e+06	2.606e+06	1.920e+06	2.881e+06	1.509e+06	3.018e+06	1.646e+06	2.606e+06	1.646e+06	2.469e+06	2.744e+06	2.195e+06	2.881e+06	3.018e+06	3.292e+06	3.155e+06	3.978e+06	1.509e+06	2.606e+06	2.195e+06	2.469e+06	3.018e+06	4.115e+06	2.881e+06	1.235e+06	6.859e+05	2.744e+05	1.372e+05	1.372e+05	0.000e+00	0.000e+00	1.372e+05	0.000e+00	0.000e+00	0.000e+00	2.744e+05	1.372e+05	0.000e+00	0.000e+00	0.000e+00	0.000e+00	0.000e+00	0.000e+00	
-37.800	0.000e+00	0.000e+00	0.000e+00	0.000e+00	0.000e+00	0.000e+00	0.000e+00	0.000e+00	0.000e+00	0.000e+00	1.302e+05	3.907e+05	9.116e+05	1.432e+06	2.214e+06	2.995e+06	7.813e+06	1.406e+07	1.380e+07	1.315e+07	7.553e+06	1.081e+07	9.636e+06	1.563e+07	1.185e+07	8.334e+06	5.079e+06	3.776e+06	4.297e+06	5.730e+06	1.159e+07	1.524e+07	1.758e+07	2.031e+07	1.289e+07	1.393e+07	1.341e+07	1.198e+07	1.289e+07	1.133e+07	7.944e+06	1.003e+07	5.860e+06	7.162e+06	4.037e+06	4.558e+06	4.428e+06	3.776e+06	2.995e+06	2.344e+06	2.865e+06	2.735e+06	2.865e+06	1.693e+06	1.563e+06	1.953e+06	1.432e+06	1.823e+06	2.604e+06	2.474e+06	1.953e+06	2.214e+06	1.953e+06	2.344e+06	2.735e+06	3.386e+06	2.865e+06	4.037e+06	3.256e+06	3.907e+06	2.735e+06	3.907e+06	4.167e+06	3.386e+06	2.995e+06	3.125e+06	2.344e+06	1.563e+06	1.172e+06	5.209e+05	6.511e+05	1.302e+05	1.302e+05	0.000e+00	0.000e+00	0.000e+00	0.000e+00	0.000e+00	0.000e+00	0.000e+00	0.000e+00	1.302e+05	0.000e+00	0.000e+00	0.000e+00	0.000e+00	0.000e+00	0.000e+00	0.000e+00	1.302e+05	
-34.200	0.000e+00	0.000e+00	0.000e+00	0.000e+00	0.000e+00	0.000e+00	1.244e+05	1.244e+05	1.244e+05	0.000e+00	3.732e+05	2.488e+05	9.952e+05	1.244e+06	2.613e+06	3.732e+06	7.216e+06	1.269e+07	1.356e+07	1.232e+07	8.086e+06	1.082e+07	9.952e+06	1.057e+07	5.971e+06	5.101e+06	3.483e+06	3.483e+06	1.742e+06	1.866e+06	2.364e+06	3.608e+06	3.732e+06	4.976e+06	5.225e+06	4.230e+06	4.727e+06	5.598e+06	3.732e+06	3.110e+06	3.110e+06	2.115e+06	1.990e+06	2.986e+06	1.866e+06	1.617e+06	1.990e+06	1.493e+06	2.239e+06	2.364e+06	1.866e+06	1.990e+06	1.368e+06	1.742e+06	1.742e+06	2.115e+06	1.742e+06	1.866e+06	1.493e+06	1.990e+06	1.990e+06	2.239e+06	2.613e+06	2.239e+06	2.488e+06	2.986e+06	2.115e+06	3.732e+06	3.732e+06	2.239e+06	2.986e+06	4.354e+06	3.732e+06	2.488e+06	1.866e+06	1.866e+06	8.708e+05	2.488e+05	1.244e+05	0.000e+00	0.000e+00	0.000e+00	0.000e+00	0.000e+00	0.000e+00	1.244e+05	0.000e+00	0.000e+00	0.000e+00	0.000e+00	0.000e+00	0.000e+00	1.244e+05	0.000e+00	0.000e+00	0.000e+00	0.000e+00	0.000e+00	0.000e+00	0.000e+00	
-30.600	0.000e+00	0.000e+00	0.000e+00	0.000e+00	0.000e+00	2.391e+05	0.000e+00	0.000e+00	0.000e+00	1.195e+05	3.586e+05	5.977e+05	5.977e+05	1.195e+06	7.172e+05	2.391e+06	5.260e+06	8.248e+06	1.458e+07	1.279e+07	7.650e+06	8.965e+06	1.028e+07	7.292e+06	4.781e+06	3.108e+06	2.630e+06	1.554e+06	1.554e+06	9.563e+05	7.172e+05	9.563e+05	1.195e+05	1.076e+06	1.195e+06	8.368e+05	7.172e+05	8.368e+05	2.391e+05	9.563e+05	4.781e+05	9.563e+05	9.563e+05	1.076e+06	5.977e+05	1.195e+06	1.076e+06	9.563e+05	7.172e+05	8.368e+05	9.563e+05	5.977e+05	1.434e+06	8.368e+05	8.368e+05	8.368e+05	9.563e+05	3.586e+05	3.586e+05	8.368e+05	1.674e+06	1.076e+06	1.554e+06	9.563e+05	1.913e+06	3.228e+06	2.152e+06	3.228e+06	1.554e+06	2.271e+06	2.391e+06	1.793e+06	1.434e+06	5.977e+05	0.000e+00	0.000e+00	0.000e+00	0.000e+00	0.000e+00	0.000e+00	0.000e+00	0.000e+00	0.000e+00	1.195e+05	0.000e+00	0.000e+00	0.000e+00	1.195e+05	0.000e+00	0.000e+00	0.000e+00	0.000e+00	0.000e+00	0.000e+00	0.000e+00	0.000e+00	0.000e+00	0.000e+00	0.000e+00	0.000e+00	
-27.000	0.000e+00	0.000e+00	0.000e+00	0.000e+00	0.000e+00	0.000e+00	0.000e+00	0.000e+00	0.000e+00	1.155e+05	2.309e+05	2.309e+05	0.000e+00	2.309e+05	0.000e+00	5.774e+05	3.349e+06	6.928e+06	9.469e+06	1.016e+07	9.815e+06	6.928e+06	5.196e+06	5.312e+06	2.309e+06	2.079e+06	9.238e+05	9.238e+05	6.928e+05	5.774e+05	5.774e+05	4.619e+05	0.000e+00	2.309e+05	1.155e+05	2.309e+05	1.155e+05	1.155e+05	1.155e+05	2.309e+05	2.309e+05	0.000e+00	4.619e+05	2.309e+05	2.309e+05	0.000e+00	1.155e+05	1.155e+05	4.619e+05	1.155e+05	1.155e+05	1.155e+05	1.155e+05	8.083e+05	3.464e+05	3.464e+05	3.464e+05	6.928e+05	9.238e+05	4.619e+05	1.386e+06	1.039e+06	8.083e+05	1.501e+06	1.848e+06	1.270e+06	2.194e+06	2.540e+06	2.425e+06	8.083e+05	5.774e+05	3.464e+05	2.309e+05	0.000e+00	0.000e+00	0.000e+00	0.000e+00	0.000e+00	0.000e+00	0.000e+00	0.000e+00	0.000e+00	0.000e+00	0.000e+00	0.000e+00	0.000e+00	0.000e+00	0.000e+00	0.000e+00	0.000e+00	0.000e+00	0.000e+00	0.000e+00	1.155e+05	0.000e+00	0.000e+00	0.000e+00	0.000e+00	1.155e+05	0.000e+00	
-23.400	0.000e+00	1.121e+05	1.121e+05	0.000e+00	0.000e+00	0.000e+00	0.000e+00	0.000e+00	0.000e+00	1.121e+05	0.000e+00	1.121e+05	0.000e+00	0.000e+00	0.000e+00	1.121e+05	0.000e+00	8.968e+05	5.045e+06	6.951e+06	8.296e+06	6.502e+06	5.493e+06	2.691e+06	1.345e+06	8.968e+05	1.345e+06	7.847e+05	3.363e+05	3.363e+05	1.121e+05	0.000e+00	2.242e+05	1.121e+05	2.242e+05	1.121e+05	0.000e+00	0.000e+00	1.121e+05	0.000e+00	0.000e+00	1.121e+05	1.121e+05	0.000e+00	2.242e+05	1.121e+05	0.000e+00	1.121e+05	0.000e+00	1.121e+05	2.242e+05	1.121e+05	1.121e+05	1.121e+05	0.000e+00	3.363e+05	6.726e+05	2.242e+05	1.121e+05	1.121e+05	2.242e+05	7.847e+05	5.605e+05	6.726e+05	1.457e+06	1.345e+06	7.847e+05	8.968e+05	1.121e+05	2.242e+05	0.000e+00	0.000e+00	0.000e+00	0.000e+00	0.000e+00	0.000e+00	0.000e+00	0.000e+00	0.000e+00	0.000e+00	0.000e+00	0.000e+00	0.000e+00	0.000e+00	0.000e+00	0.000e+00	0.000e+00	0.000e+00	0.000e+00	0.000e+00	0.000e+00	1.121e+05	0.000e+00	0.000e+00	0.000e+00	0.000e+00	0.000e+00	1.121e+05	0.000e+00	0.000e+00	
-19.800	0.000e+00	0.000e+00	0.000e+00	0.000e+00	0.000e+00	0.000e+00	0.000e+00	0.000e+00	0.000e+00	0.000e+00	0.000e+00	0.000e+00	0.000e+00	0.000e+00	1.093e+05	0.000e+00	0.000e+00	1.093e+05	1.093e+06	2.515e+06	2.296e+06	2.843e+06	3.499e+06	1.421e+06	6.561e+05	7.654e+05	3.280e+05	3.280e+05	1.093e+05	0.000e+00	0.000e+00	1.093e+05	0.000e+00	2.187e+05	0.000e+00	0.000e+00	0.000e+00	0.000e+00	0.000e+00	0.000e+00	0.000e+00	0.000e+00	0.000e+00	0.000e+00	2.187e+05	0.000e+00	1.093e+05	0.000e+00	0.000e+00	0.000e+00	0.000e+00	0.000e+00	2.187e+05	2.187e+05	3.280e+05	1.093e+05	0.000e+00	1.093e+05	5.467e+05	2.187e+05	1.093e+05	0.000e+00	3.280e+05	2.187e+05	1.093e+05	1.093e+05	0.000e+00	0.000e+00	0.000e+00	0.000e+00	0.000e+00	0.000e+00	0.000e+00	0.000e+00	0.000e+00	0.000e+00	0.000e+00	0.000e+00	0.000e+00	0.000e+00	0.000e+00	0.000e+00	0.000e+00	0.000e+00	0.000e+00	0.000e+00	0.000e+00	0.000e+00	0.000e+00	0.000e+00	0.000e+00	0.000e+00	0.000e+00	0.000e+00	0.000e+00	1.093e+05	0.000e+00	0.000e+00	0.000e+00	0.000e+00	
-16.200	0.000e+00	0.000e+00	0.000e+00	0.000e+00	0.000e+00	0.000e+00	0.000e+00	0.000e+00	0.000e+00	0.000e+00	0.000e+00	0.000e+00	0.000e+00	0.000e+00	0.000e+00	0.000e+00	0.000e+00	0.000e+00	0.000e+00	4.285e+05	6.428e+05	6.428e+05	4.285e+05	4.285e+05	2.143e+05	4.285e+05	0.000e+00	1.071e+05	2.143e+05	0.000e+00	0.000e+00	0.000e+00	0.000e+00	0.000e+00	1.071e+05	0.000e+00	1.071e+05	0.000e+00	0.000e+00	0.000e+00	0.000e+00	0.000e+00	0.000e+00	0.000e+00	0.000e+00	1.071e+05	0.000e+00	0.000e+00	0.000e+00	0.000e+00	1.071e+05	0.000e+00	1.071e+05	1.071e+05	0.000e+00	1.071e+05	2.143e+05	1.071e+05	1.071e+05	1.071e+05	1.071e+05	0.000e+00	0.000e+00	0.000e+00	1.071e+05	1.071e+05	1.071e+05	0.000e+00	0.000e+00	0.000e+00	0.000e+00	0.000e+00	0.000e+00	0.000e+00	0.000e+00	0.000e+00	0.000e+00	0.000e+00	0.000e+00	0.000e+00	0.000e+00	0.000e+00	0.000e+00	0.000e+00	0.000e+00	0.000e+00	0.000e+00	0.000e+00	0.000e+00	0.000e+00	0.000e+00	0.000e+00	0.000e+00	0.000e+00	0.000e+00	0.000e+00	0.000e+00	0.000e+00	0.000e+00	1.071e+05	
-12.600	0.000e+00	0.000e+00	0.000e+00	0.000e+00	0.000e+00	0.000e+00	0.000e+00	0.000e+00	0.000e+00	0.000e+00	0.000e+00	0.000e+00	0.000e+00	0.000e+00	0.000e+00	0.000e+00	0.000e+00	0.000e+00	2.108e+05	3.162e+05	2.108e+05	1.054e+05	0.000e+00	0.000e+00	1.054e+05	0.000e+00	1.054e+05	0.000e+00	1.054e+05	0.000e+00	0.000e+00	1.054e+05	0.000e+00	0.000e+00	0.000e+00	0.000e+00	0.000e+00	0.000e+00	0.000e+00	0.000e+00	0.000e+00	0.000e+00	0.000e+00	0.000e+00	0.000e+00	0.000e+00	0.000e+00	1.054e+05	0.000e+00	0.000e+00	0.000e+00	0.000e+00	0.000e+00	0.000e+00	0.000e+00	0.000e+00	0.000e+00	0.000e+00	1.054e+05	0.000e+00	0.000e+00	0.000e+00	0.000e+00	0.000e+00	0.000e+00	0.000e+00	0.000e+00	0.000e+00	0.000e+00	0.000e+00	0.000e+00	0.000e+00	0.000e+00	0.000e+00	0.000e+00	0.000e+00	0.000e+00	0.000e+00	0.000e+00	0.000e+00	0.000e+00	0.000e+00	0.000e+00	0.000e+00	0.000e+00	0.000e+00	0.000e+00	0.000e+00	0.000e+00	0.000e+00	0.000e+00	1.054e+05	0.000e+00	0.000e+00	0.000e+00	0.000e+00	1.054e+05	0.000e+00	0.000e+00	0.000e+00	
-9.000	0.000e+00	0.000e+00	0.000e+00	0.000e+00	0.000e+00	0.000e+00	0.000e+00	0.000e+00	0.000e+00	0.000e+00	0.000e+00	0.000e+00	0.000e+00	0.000e+00	0.000e+00	0.000e+00	0.000e+00	1.042e+05	3.125e+05	1.042e+05	1.042e+05	1.042e+05	1.042e+05	0.000e+00	2.083e+05	0.000e+00	0.000e+00	1.042e+05	0.000e+00	0.000e+00	0.000e+00	0.000e+00	0.000e+00	0.000e+00	0.000e+00	0.000e+00	0.000e+00	0.000e+00	0.000e+00	0.000e+00	0.000e+00	0.000e+00	1.042e+05	0.000e+00	0.000e+00	0.000e+00	0.000e+00	0.000e+00	0.000e+00	0.000e+00	0.000e+00	0.000e+00	0.000e+00	0.000e+00	0.000e+00	0.000e+00	0.000e+00	0.000e+00	0.000e+00	0.000e+00	0.000e+00	0.000e+00	0.000e+00	0.000e+00	0.000e+00	0.000e+00	0.000e+00	0.000e+00	0.000e+00	0.000e+00	0.000e+00	0.000e+00	0.000e+00	0.000e+00	0.000e+00	0.000e+00	0.000e+00	0.000e+00	0.000e+00	0.000e+00	0.000e+00	0.000e+00	0.000e+00	0.000e+00	0.000e+00	0.000e+00	0.000e+00	0.000e+00	0.000e+00	0.000e+00	0.000e+00	0.000e+00	0.000e+00	0.000e+00	0.000e+00	0.000e+00	0.000e+00	0.000e+00	0.000e+00	0.000e+00	
-5.400	0.000e+00	0.000e+00	0.000e+00	0.000e+00	0.000e+00	0.000e+00	0.000e+00	0.000e+00	0.000e+00	0.000e+00	0.000e+00	0.000e+00	0.000e+00	0.000e+00	0.000e+00	0.000e+00	0.000e+00	0.000e+00	1.033e+05	1.033e+05	0.000e+00	0.000e+00	0.000e+00	0.000e+00	0.000e+00	1.033e+05	0.000e+00	0.000e+00	0.000e+00	0.000e+00	0.000e+00	0.000e+00	0.000e+00	0.000e+00	0.000e+00	0.000e+00	0.000e+00	0.000e+00	0.000e+00	0.000e+00	0.000e+00	0.000e+00	0.000e+00	0.000e+00	0.000e+00	0.000e+00	1.033e+05	0.000e+00	0.000e+00	0.000e+00	0.000e+00	0.000e+00	0.000e+00	0.000e+00	0.000e+00	0.000e+00	0.000e+00	0.000e+00	0.000e+00	0.000e+00	0.000e+00	0.000e+00	0.000e+00	0.000e+00	1.033e+05	0.000e+00	1.033e+05	0.000e+00	0.000e+00	0.000e+00	0.000e+00	0.000e+00	0.000e+00	0.000e+00	0.000e+00	0.000e+00	0.000e+00	0.000e+00	0.000e+00	0.000e+00	0.000e+00	0.000e+00	0.000e+00	0.000e+00	0.000e+00	0.000e+00	0.000e+00	0.000e+00	0.000e+00	0.000e+00	0.000e+00	0.000e+00	0.000e+00	0.000e+00	0.000e+00	0.000e+00	0.000e+00	0.000e+00	0.000e+00	0.000e+00	
-1.800	0.000e+00	0.000e+00	1.029e+05	0.000e+00	0.000e+00	0.000e+00	0.000e+00	0.000e+00	0.000e+00	0.000e+00	0.000e+00	0.000e+00	0.000e+00	0.000e+00	0.000e+00	1.029e+05	0.000e+00	0.000e+00	0.000e+00	0.000e+00	0.000e+00	0.000e+00	0.000e+00	0.000e+00	0.000e+00	0.000e+00	0.000e+00	1.029e+05	0.000e+00	1.029e+05	0.000e+00	0.000e+00	0.000e+00	0.000e+00	0.000e+00	0.000e+00	0.000e+00	0.000e+00	0.000e+00	0.000e+00	0.000e+00	0.000e+00	0.000e+00	0.000e+00	0.000e+00	0.000e+00	0.000e+00	0.000e+00	0.000e+00	0.000e+00	1.029e+05	0.000e+00	0.000e+00	0.000e+00	0.000e+00	0.000e+00	0.000e+00	0.000e+00	0.000e+00	0.000e+00	0.000e+00	0.000e+00	0.000e+00	0.000e+00	0.000e+00	0.000e+00	0.000e+00	0.000e+00	0.000e+00	0.000e+00	0.000e+00	0.000e+00	0.000e+00	0.000e+00	0.000e+00	0.000e+00	0.000e+00	0.000e+00	0.000e+00	0.000e+00	0.000e+00	0.000e+00	0.000e+00	0.000e+00	0.000e+00	0.000e+00	0.000e+00	0.000e+00	0.000e+00	0.000e+00	0.000e+00	0.000e+00	0.000e+00	0.000e+00	1.029e+05	0.000e+00	0.000e+00	0.000e+00	0.000e+00	0.000e+00	
1.800	0.000e+00	0.000e+00	0.000e+00	0.000e+00	0.000e+00	0.000e+00	0.000e+00	0.000e+00	0.000e+00	0.000e+00	0.000e+00	0.000e+00	0.000e+00	0.000e+00	0.000e+00	0.000e+00	0.000e+00	1.029e+05	0.000e+00	0.000e+00	0.000e+00	0.000e+00	0.000e+00	0.000e+00	0.000e+00	0.000e+00	0.000e+00	0.000e+00	1.029e+05	0.000e+00	0.000e+00	0.000e+00	0.000e+00	0.000e+00	0.000e+00	0.000e+00	0.000e+00	0.000e+00	0.000e+00	0.000e+00	0.000e+00	0.000e+00	0.000e+00	0.000e+00	0.000e+00	0.000e+00	0.000e+00	0.000e+00	0.000e+00	0.000e+00	0.000e+00	0.000e+00	0.000e+00	1.029e+05	0.000e+00	0.000e+00	0.000e+00	0.000e+00	0.000e+00	0.000e+00	0.000e+00	0.000e+00	0.000e+00	0.000e+00	0.000e+00	0.000e+00	0.000e+00	0.000e+00	0.000e+00	0.000e+00	0.000e+00	0.000e+00	0.000e+00	0.000e+00	0.000e+00	0.000e+00	0.000e+00	0.000e+00	0.000e+00	0.000e+00	0.000e+00	0.000e+00	0.000e+00	0.000e+00	0.000e+00	0.000e+00	0.000e+00	0.000e+00	0.000e+00	0.000e+00	0.000e+00	0.000e+00	0.000e+00	0.000e+00	0.000e+00	0.000e+00	0.000e+00	0.000e+00	0.000e+00	0.000e+00	
5.400	0.000e+00	0.000e+00	0.000e+00	1.033e+05	0.000e+00	0.000e+00	0.000e+00	0.000e+00	0.000e+00	0.000e+00	0.000e+00	1.033e+05	0.000e+00	0.000e+00	0.000e+00	0.000e+00	0.000e+00	0.000e+00	0.000e+00	0.000e+00	0.000e+00	0.000e+00	0.000e+00	0.000e+00	1.033e+05	0.000e+00	0.000e+00	0.000e+00	0.000e+00	0.000e+00	0.000e+00	0.000e+00	0.000e+00	0.000e+00	0.000e+00	0.000e+00	0.000e+00	0.000e+00	0.000e+00	0.000e+00	0.000e+00	0.000e+00	0.000e+00	0.000e+00	0.000e+00	0.000e+00	0.000e+00	0.000e+00	0.000e+00	0.000e+00	0.000e+00	0.000e+00	0.000e+00	0.000e+00	0.000e+00	0.000e+00	0.000e+00	0.000e+00	0.000e+00	0.000e+00	0.000e+00	0.000e+00	0.000e+00	0.000e+00	0.000e+00	0.000e+00	0.000e+00	0.000e+00	0.000e+00	0.000e+00	0.000e+00	0.000e+00	0.000e+00	0.000e+00	0.000e+00	0.000e+00	0.000e+00	0.000e+00	0.000e+00	0.000e+00	0.000e+00	0.000e+00	0.000e+00	0.000e+00	0.000e+00	0.000e+00	0.000e+00	0.000e+00	0.000e+00	0.000e+00	0.000e+00	0.000e+00	0.000e+00	0.000e+00	0.000e+00	0.000e+00	0.000e+00	0.000e+00	0.000e+00	0.000e+00	
9.000	0.000e+00	1.041e+05	0.000e+00	0.000e+00	1.041e+05	0.000e+00	0.000e+00	0.000e+00	0.000e+00	0.000e+00	0.000e+00	0.000e+00	0.000e+00	0.000e+00	0.000e+00	0.000e+00	0.000e+00	0.000e+00	1.041e+05	0.000e+00	0.000e+00	0.000e+00	0.000e+00	0.000e+00	0.000e+00	0.000e+00	0.000e+00	0.000e+00	0.000e+00	0.000e+00	0.000e+00	0.000e+00	0.000e+00	0.000e+00	0.000e+00	0.000e+00	0.000e+00	0.000e+00	0.000e+00	0.000e+00	0.000e+00	0.000e+00	0.000e+00	0.000e+00	0.000e+00	0.000e+00	0.000e+00	0.000e+00	0.000e+00	0.000e+00	0.000e+00	0.000e+00	0.000e+00	0.000e+00	0.000e+00	0.000e+00	0.000e+00	0.000e+00	0.000e+00	0.000e+00	0.000e+00	0.000e+00	0.000e+00	0.000e+00	0.000e+00	0.000e+00	0.000e+00	0.000e+00	0.000e+00	0.000e+00	0.000e+00	0.000e+00	0.000e+00	0.000e+00	0.000e+00	0.000e+00	0.000e+00	0.000e+00	0.000e+00	0.000e+00	0.000e+00	0.000e+00	0.000e+00	0.000e+00	0.000e+00	0.000e+00	0.000e+00	0.000e+00	0.000e+00	0.000e+00	0.000e+00	0.000e+00	0.000e+00	0.000e+00	0.000e+00	0.000e+00	0.000e+00	0.000e+00	0.000e+00	0.000e+00	
12.600	0.000e+00	0.000e+00	0.000e+00	0.000e+00	0.000e+00	0.000e+00	0.000e+00	0.000e+00	0.000e+00	0.000e+00	0.000e+00	0.000e+00	1.054e+05	0.000e+00	0.000e+00	0.000e+00	0.000e+00	0.000e+00	0.000e+00	0.000e+00	0.000e+00	0.000e+00	0.000e+00	0.000e+00	1.054e+05	0.000e+00	0.000e+00	0.000e+00	0.000e+00	0.000e+00	0.000e+00	0.000e+00	0.000e+00	0.000e+00	0.000e+00	0.000e+00	0.000e+00	0.000e+00	0.000e+00	0.000e+00	0.000e+00	0.000e+00	0.000e+00	0.000e+00	0.000e+00	0.000e+00	0.000e+00	0.000e+00	0.000e+00	0.000e+00	0.000e+00	0.000e+00	0.000e+00	0.000e+00	0.000e+00	0.000e+00	0.000e+00	0.000e+00	0.000e+00	0.000e+00	0.000e+00	0.000e+00	0.000e+00	0.000e+00	0.000e+00	0.000e+00	0.000e+00	0.000e+00	0.000e+00	0.000e+00	0.000e+00	0.000e+00	0.000e+00	0.000e+00	0.000e+00	0.000e+00	0.000e+00	0.000e+00	0.000e+00	0.000e+00	0.000e+00	0.000e+00	0.000e+00	0.000e+00	0.000e+00	0.000e+00	0.000e+00	0.000e+00	0.000e+00	0.000e+00	0.000e+00	0.000e+00	0.000e+00	0.000e+00	0.000e+00	0.000e+00	0.000e+00	0.000e+00	0.000e+00	0.000e+00	
16.200	0.000e+00	0.000e+00	0.000e+00	0.000e+00	0.000e+00	0.000e+00	0.000e+00	0.000e+00	0.000e+00	0.000e+00	0.000e+00	0.000e+00	0.000e+00	0.000e+00	0.000e+00	0.000e+00	0.000e+00	0.000e+00	0.000e+00	0.000e+00	0.000e+00	0.000e+00	0.000e+00	0.000e+00	0.000e+00	0.000e+00	0.000e+00	0.000e+00	0.000e+00	0.000e+00	0.000e+00	0.000e+00	0.000e+00	0.000e+00	0.000e+00	0.000e+00	0.000e+00	0.000e+00	0.000e+00	0.000e+00	0.000e+00	0.000e+00	0.000e+00	0.000e+00	0.000e+00	0.000e+00	0.000e+00	0.000e+00	0.000e+00	0.000e+00	0.000e+00	0.000e+00	0.000e+00	0.000e+00	0.000e+00	0.000e+00	0.000e+00	0.000e+00	0.000e+00	0.000e+00	0.000e+00	0.000e+00	0.000e+00	0.000e+00	0.000e+00	0.000e+00	0.000e+00	0.000e+00	0.000e+00	0.000e+00	0.000e+00	0.000e+00	0.000e+00	0.000e+00	0.000e+00	0.000e+00	0.000e+00	0.000e+00	0.000e+00	0.000e+00	0.000e+00	0.000e+00	0.000e+00	0.000e+00	0.000e+00	0.000e+00	0.000e+00	0.000e+00	0.000e+00	0.000e+00	0.000e+00	0.000e+00	0.000e+00	0.000e+00	0.000e+00	0.000e+00	0.000e+00	0.000e+00	0.000e+00	0.000e+00	
19.800	0.000e+00	0.000e+00	0.000e+00	0.000e+00	0.000e+00	0.000e+00	0.000e+00	0.000e+00	0.000e+00	0.000e+00	0.000e+00	0.000e+00	0.000e+00	0.000e+00	0.000e+00	0.000e+00	1.093e+05	0.000e+00	0.000e+00	0.000e+00	0.000e+00	0.000e+00	0.000e+00	0.000e+00	0.000e+00	0.000e+00	0.000e+00	0.000e+00	0.000e+00	0.000e+00	0.000e+00	0.000e+00	0.000e+00	0.000e+00	0.000e+00	0.000e+00	0.000e+00	0.000e+00	0.000e+00	0.000e+00	0.000e+00	0.000e+00	0.000e+00	0.000e+00	0.000e+00	0.000e+00	0.000e+00	0.000e+00	0.000e+00	0.000e+00	0.000e+00	0.000e+00	0.000e+00	0.000e+00	0.000e+00	0.000e+00	0.000e+00	0.000e+00	0.000e+00	0.000e+00	0.000e+00	0.000e+00	0.000e+00	0.000e+00	0.000e+00	0.000e+00	0.000e+00	0.000e+00	0.000e+00	0.000e+00	0.000e+00	0.000e+00	0.000e+00	0.000e+00	0.000e+00	0.000e+00	0.000e+00	0.000e+00	0.000e+00	0.000e+00	0.000e+00	0.000e+00	0.000e+00	0.000e+00	0.000e+00	0.000e+00	0.000e+00	0.000e+00	0.000e+00	0.000e+00	0.000e+00	0.000e+00	0.000e+00	0.000e+00	0.000e+00	0.000e+00	0.000e+00	0.000e+00	0.000e+00	0.000e+00	
23.400	0.000e+00	1.120e+05	0.000e+00	0.000e+00	0.000e+00	0.000e+00	1.120e+05	0.000e+00	0.000e+00	0.000e+00	0.000e+00	0.000e+00	0.000e+00	0.000e+00	0.000e+00	0.000e+00	0.000e+00	0.000e+00	0.000e+00	0.000e+00	0.000e+00	0.000e+00	0.000e+00	0.000e+00	0.000e+00	0.000e+00	0.000e+00	0.000e+00	0.000e+00	0.000e+00	0.000e+00	0.000e+00	0.000e+00	0.000e+00	0.000e+00	0.000e+00	0.000e+00	0.000e+00	0.000e+00	0.000e+00	0.000e+00	0.000e+00	0.000e+00	0.000e+00	0.000e+00	0.000e+00	0.000e+00	0.000e+00	0.000e+00	0.000e+00	0.000e+00	0.000e+00	0.000e+00	0.000e+00	0.000e+00	0.000e+00	0.000e+00	0.000e+00	0.000e+00	0.000e+00	0.000e+00	0.000e+00	0.000e+00	0.000e+00	0.000e+00	0.000e+00	0.000e+00	0.000e+00	0.000e+00	0.000e+00	0.000e+00	0.000e+00	0.000e+00	0.000e+00	0.000e+00	0.000e+00	0.000e+00	0.000e+00	0.000e+00	0.000e+00	0.000e+00	0.000e+00	0.000e+00	0.000e+00	0.000e+00	0.000e+00	0.000e+00	0.000e+00	0.000e+00	0.000e+00	0.000e+00	0.000e+00	0.000e+00	0.000e+00	0.000e+00	0.000e+00	0.000e+00	0.000e+00	0.000e+00	0.000e+00	
27.000	0.000e+00	0.000e+00	0.000e+00	0.000e+00	0.000e+00	0.000e+00	0.000e+00	0.000e+00	0.000e+00	0.000e+00	0.000e+00	0.000e+00	0.000e+00	0.000e+00	0.000e+00	0.000e+00	0.000e+00	0.000e+00	0.000e+00	0.000e+00	0.000e+00	0.000e+00	0.000e+00	0.000e+00	0.000e+00	0.000e+00	0.000e+00	0.000e+00	0.000e+00	0.000e+00	0.000e+00	0.000e+00	0.000e+00	0.000e+00	0.000e+00	0.000e+00	0.000e+00	0.000e+00	0.000e+00	0.000e+00	0.000e+00	0.000e+00	0.000e+00	0.000e+00	0.000e+00	0.000e+00	0.000e+00	0.000e+00	0.000e+00	0.000e+00	0.000e+00	0.000e+00	0.000e+00	0.000e+00	0.000e+00	0.000e+00	0.000e+00	0.000e+00	0.000e+00	0.000e+00	0.000e+00	0.000e+00	0.000e+00	0.000e+00	0.000e+00	0.000e+00	0.000e+00	0.000e+00	0.000e+00	0.000e+00	0.000e+00	0.000e+00	0.000e+00	0.000e+00	0.000e+00	0.000e+00	0.000e+00	0.000e+00	0.000e+00	0.000e+00	0.000e+00	0.000e+00	0.000e+00	0.000e+00	0.000e+00	0.000e+00	0.000e+00	0.000e+00	0.000e+00	0.000e+00	0.000e+00	0.000e+00	0.000e+00	0.000e+00	0.000e+00	0.000e+00	0.000e+00	0.000e+00	0.000e+00	0.000e+00	
30.600	0.000e+00	1.194e+05	0.000e+00	0.000e+00	0.000e+00	0.000e+00	0.000e+00	0.000e+00	0.000e+00	0.000e+00	0.000e+00	0.000e+00	0.000e+00	0.000e+00	0.000e+00	0.000e+00	0.000e+00	0.000e+00	0.000e+00	0.000e+00	0.000e+00	0.000e+00	0.000e+00	0.000e+00	0.000e+00	0.000e+00	0.000e+00	0.000e+00	0.000e+00	0.000e+00	0.000e+00	0.000e+00	0.000e+00	0.000e+00	0.000e+00	0.000e+00	0.000e+00	0.000e+00	0.000e+00	0.000e+00	0.000e+00	0.000e+00	0.000e+00	0.000e+00	0.000e+00	0.000e+00	0.000e+00	0.000e+00	0.000e+00	0.000e+00	0.000e+00	0.000e+00	0.000e+00	0.000e+00	0.000e+00	0.000e+00	0.000e+00	0.000e+00	0.000e+00	0.000e+00	0.000e+00	0.000e+00	0.000e+00	0.000e+00	0.000e+00	0.000e+00	0.000e+00	0.000e+00	0.000e+00	0.000e+00	0.000e+00	0.000e+00	0.000e+00	0.000e+00	0.000e+00	0.000e+00	0.000e+00	0.000e+00	0.000e+00	0.000e+00	0.000e+00	0.000e+00	0.000e+00	0.000e+00	0.000e+00	0.000e+00	0.000e+00	0.000e+00	0.000e+00	0.000e+00	0.000e+00	0.000e+00	0.000e+00	0.000e+00	0.000e+00	0.000e+00	0.000e+00	0.000e+00	0.000e+00	0.000e+00	
34.200	0.000e+00	0.000e+00	0.000e+00	0.000e+00	0.000e+00	0.000e+00	0.000e+00	0.000e+00	0.000e+00	0.000e+00	0.000e+00	0.000e+00	0.000e+00	0.000e+00	0.000e+00	0.000e+00	0.000e+00	0.000e+00	0.000e+00	0.000e+00	0.000e+00	0.000e+00	0.000e+00	0.000e+00	0.000e+00	0.000e+00	0.000e+00	0.000e+00	0.000e+00	0.000e+00	0.000e+00	0.000e+00	0.000e+00	0.000e+00	0.000e+00	0.000e+00	0.000e+00	0.000e+00	0.000e+00	0.000e+00	0.000e+00	0.000e+00	0.000e+00	0.000e+00	0.000e+00	0.000e+00	0.000e+00	0.000e+00	0.000e+00	0.000e+00	0.000e+00	0.000e+00	0.000e+00	0.000e+00	0.000e+00	0.000e+00	0.000e+00	0.000e+00	0.000e+00	0.000e+00	0.000e+00	0.000e+00	0.000e+00	0.000e+00	0.000e+00	0.000e+00	0.000e+00	0.000e+00	0.000e+00	0.000e+00	0.000e+00	0.000e+00	0.000e+00	0.000e+00	0.000e+00	0.000e+00	0.000e+00	0.000e+00	0.000e+00	0.000e+00	0.000e+00	0.000e+00	0.000e+00	0.000e+00	0.000e+00	0.000e+00	0.000e+00	0.000e+00	0.000e+00	0.000e+00	0.000e+00	0.000e+00	0.000e+00	0.000e+00	0.000e+00	0.000e+00	0.000e+00	0.000e+00	0.000e+00	0.000e+00	
37.800	0.000e+00	0.000e+00	0.000e+00	0.000e+00	0.000e+00	0.000e+00	0.000e+00	0.000e+00	0.000e+00	0.000e+00	0.000e+00	0.000e+00	0.000e+00	0.000e+00	0.000e+00	0.000e+00	0.000e+00	0.000e+00	0.000e+00	0.000e+00	0.000e+00	0.000e+00	0.000e+00	0.000e+00	0.000e+00	0.000e+00	0.000e+00	0.000e+00	0.000e+00	0.000e+00	0.000e+00	0.000e+00	0.000e+00	0.000e+00	0.000e+00	0.000e+00	0.000e+00	0.000e+00	0.000e+00	0.000e+00	0.000e+00	0.000e+00	0.000e+00	0.000e+00	0.000e+00	0.000e+00	0.000e+00	0.000e+00	0.000e+00	0.000e+00	0.000e+00	0.000e+00	0.000e+00	0.000e+00	0.000e+00	0.000e+00	0.000e+00	0.000e+00	0.000e+00	0.000e+00	0.000e+00	0.000e+00	0.000e+00	0.000e+00	0.000e+00	0.000e+00	0.000e+00	0.000e+00	0.000e+00	0.000e+00	0.000e+00	0.000e+00	0.000e+00	0.000e+00	0.000e+00	0.000e+00	0.000e+00	0.000e+00	0.000e+00	0.000e+00	0.000e+00	0.000e+00	0.000e+00	0.000e+00	0.000e+00	0.000e+00	0.000e+00	0.000e+00	0.000e+00	0.000e+00	0.000e+00	0.000e+00	0.000e+00	0.000e+00	0.000e+00	0.000e+00	0.000e+00	0.000e+00	0.000e+00	0.000e+00	
41.400	0.000e+00	0.000e+00	0.000e+00	0.000e+00	0.000e+00	0.000e+00	0.000e+00	0.000e+00	1.370e+05	0.000e+00	0.000e+00	0.000e+00	0.000e+00	0.000e+00	0.000e+00	0.000e+00	0.000e+00	0.000e+00	0.000e+00	0.000e+00	0.000e+00	0.000e+00	0.000e+00	0.000e+00	0.000e+00	0.000e+00	0.000e+00	0.000e+00	0.000e+00	0.000e+00	0.000e+00	0.000e+00	0.000e+00	0.000e+00	0.000e+00	0.000e+00	0.000e+00	0.000e+00	0.000e+00	0.000e+00	0.000e+00	0.000e+00	0.000e+00	0.000e+00	0.000e+00	0.000e+00	0.000e+00	0.000e+00	0.000e+00	0.000e+00	0.000e+00	0.000e+00	0.000e+00	0.000e+00	0.000e+00	0.000e+00	0.000e+00	0.000e+00	0.000e+00	0.000e+00	0.000e+00	0.000e+00	0.000e+00	0.000e+00	0.000e+00	0.000e+00	0.000e+00	0.000e+00	0.000e+00	0.000e+00	0.000e+00	0.000e+00	0.000e+00	0.000e+00	0.000e+00	0.000e+00	0.000e+00	0.000e+00	0.000e+00	0.000e+00	0.000e+00	0.000e+00	0.000e+00	0.000e+00	0.000e+00	0.000e+00	0.000e+00	0.000e+00	0.000e+00	0.000e+00	0.000e+00	0.000e+00	0.000e+00	0.000e+00	0.000e+00	0.000e+00	0.000e+00	0.000e+00	0.000e+00	0.000e+00	
45.000	0.000e+00	0.000e+00	0.000e+00	0.000e+00	0.000e+00	0.000e+00	0.000e+00	0.000e+00	0.000e+00	0.000e+00	0.000e+00	0.000e+00	0.000e+00	0.000e+00	0.000e+00	0.000e+00	0.000e+00	0.000e+00	0.000e+00	0.000e+00	1.453e+05	1.453e+05	0.000e+00	0.000e+00	0.000e+00	0.000e+00	1.453e+05	0.000e+00	0.000e+00	0.000e+00	0.000e+00	0.000e+00	0.000e+00	0.000e+00	0.000e+00	0.000e+00	0.000e+00	0.000e+00	0.000e+00	0.000e+00	0.000e+00	0.000e+00	0.000e+00	0.000e+00	0.000e+00	0.000e+00	0.000e+00	0.000e+00	0.000e+00	0.000e+00	0.000e+00	0.000e+00	0.000e+00	0.000e+00	0.000e+00	0.000e+00	0.000e+00	0.000e+00	0.000e+00	0.000e+00	0.000e+00	0.000e+00	0.000e+00	0.000e+00	0.000e+00	0.000e+00	0.000e+00	0.000e+00	0.000e+00	0.000e+00	0.000e+00	0.000e+00	0.000e+00	0.000e+00	0.000e+00	0.000e+00	0.000e+00	0.000e+00	0.000e+00	0.000e+00	0.000e+00	0.000e+00	0.000e+00	0.000e+00	0.000e+00	0.000e+00	0.000e+00	0.000e+00	0.000e+00	0.000e+00	0.000e+00	0.000e+00	0.000e+00	0.000e+00	0.000e+00	0.000e+00	0.000e+00	0.000e+00	0.000e+00	0.000e+00	
48.600	0.000e+00	0.000e+00	0.000e+00	0.000e+00	0.000e+00	0.000e+00	0.000e+00	0.000e+00	0.000e+00	0.000e+00	0.000e+00	0.000e+00	0.000e+00	0.000e+00	0.000e+00	0.000e+00	0.000e+00	0.000e+00	0.000e+00	0.000e+00	1.553e+05	3.106e+05	0.000e+00	4.660e+05	0.000e+00	1.553e+05	0.000e+00	0.000e+00	0.000e+00	0.000e+00	0.000e+00	0.000e+00	0.000e+00	0.000e+00	0.000e+00	0.000e+00	0.000e+00	0.000e+00	0.000e+00	0.000e+00	0.000e+00	0.000e+00	0.000e+00	0.000e+00	0.000e+00	0.000e+00	0.000e+00	0.000e+00	0.000e+00	0.000e+00	0.000e+00	0.000e+00	0.000e+00	0.000e+00	0.000e+00	0.000e+00	0.000e+00	0.000e+00	0.000e+00	0.000e+00	0.000e+00	0.000e+00	0.000e+00	0.000e+00	0.000e+00	0.000e+00	0.000e+00	0.000e+00	0.000e+00	0.000e+00	0.000e+00	0.000e+00	0.000e+00	0.000e+00	0.000e+00	0.000e+00	0.000e+00	0.000e+00	0.000e+00	0.000e+00	0.000e+00	0.000e+00	0.000e+00	0.000e+00	0.000e+00	0.000e+00	0.000e+00	0.000e+00	0.000e+00	0.000e+00	0.000e+00	0.000e+00	0.000e+00	0.000e+00	0.000e+00	0.000e+00	0.000e+00	0.000e+00	0.000e+00	0.000e+00	
52.200	0.000e+00	0.000e+00	0.000e+00	0.000e+00	0.000e+00	0.000e+00	0.000e+00	0.000e+00	0.000e+00	0.000e+00	0.000e+00	0.000e+00	0.000e+00	0.000e+00	1.675e+05	0.000e+00	0.000e+00	0.000e+00	3.351e+05	0.000e+00	1.005e+06	3.351e+05	1.675e+05	6.702e+05	1.675e+05	0.000e+00	1.675e+05	0.000e+00	0.000e+00	0.000e+00	0.000e+00	0.000e+00	0.000e+00	0.000e+00	0.000e+00	0.000e+00	0.000e+00	0.000e+00	0.000e+00	0.000e+00	0.000e+00	0.000e+00	0.000e+00	0.000e+00	0.000e+00	0.000e+00	1.675e+05	0.000e+00	0.000e+00	0.000e+00	0.000e+00	0.000e+00	0.000e+00	0.000e+00	1.675e+05	1.675e+05	0.000e+00	1.675e+05	1.675e+05	0.000e+00	0.000e+00	0.000e+00	0.000e+00	0.000e+00	0.000e+00	0.000e+00	0.000e+00	0.000e+00	0.000e+00	0.000e+00	0.000e+00	0.000e+00	0.000e+00	0.000e+00	0.000e+00	0.000e+00	0.000e+00	0.000e+00	0.000e+00	0.000e+00	0.000e+00	0.000e+00	0.000e+00	0.000e+00	0.000e+00	0.000e+00	0.000e+00	0.000e+00	0.000e+00	0.000e+00	0.000e+00	0.000e+00	0.000e+00	0.000e+00	0.000e+00	0.000e+00	0.000e+00	0.000e+00	0.000e+00	0.000e+00	
55.800	0.000e+00	0.000e+00	0.000e+00	0.000e+00	0.000e+00	0.000e+00	0.000e+00	0.000e+00	0.000e+00	0.000e+00	0.000e+00	0.000e+00	7.306e+05	5.479e+05	1.096e+06	1.279e+06	1.096e+06	7.306e+05	5.479e+05	1.826e+06	1.279e+06	1.461e+06	1.279e+06	9.132e+05	1.826e+05	5.479e+05	0.000e+00	1.826e+05	1.826e+05	0.000e+00	0.000e+00	0.000e+00	0.000e+00	0.000e+00	0.000e+00	0.000e+00	0.000e+00	0.000e+00	0.000e+00	0.000e+00	0.000e+00	0.000e+00	0.000e+00	0.000e+00	0.000e+00	1.826e+05	0.000e+00	0.000e+00	0.000e+00	0.000e+00	0.000e+00	0.000e+00	1.826e+05	0.000e+00	0.000e+00	0.000e+00	0.000e+00	3.653e+05	5.479e+05	1.826e+05	7.306e+05	1.826e+05	1.826e+05	5.479e+05	3.653e+05	5.479e+05	0.000e+00	0.000e+00	0.000e+00	0.000e+00	0.000e+00	0.000e+00	0.000e+00	0.000e+00	0.000e+00	0.000e+00	0.000e+00	0.000e+00	0.000e+00	0.000e+00	0.000e+00	0.000e+00	0.000e+00	0.000e+00	0.000e+00	0.000e+00	0.000e+00	0.000e+00	0.000e+00	0.000e+00	0.000e+00	0.000e+00	0.000e+00	0.000e+00	0.000e+00	0.000e+00	0.000e+00	0.000e+00	0.000e+00	0.000e+00	
59.400	0.000e+00	0.000e+00	0.000e+00	0.000e+00	0.000e+00	0.000e+00	0.000e+00	0.000e+00	0.000e+00	0.000e+00	0.000e+00	4.032e+05	1.815e+06	1.008e+06	6.048e+05	8.065e+05	3.024e+06	8.065e+05	1.613e+06	1.815e+06	2.218e+06	1.411e+06	1.613e+06	2.016e+06	2.016e+06	1.411e+06	4.032e+05	6.048e+05	2.016e+05	6.048e+05	2.016e+05	0.000e+00	6.048e+05	0.000e+00	0.000e+00	0.000e+00	0.000e+00	0.000e+00	6.048e+05	2.016e+05	0.000e+00	0.000e+00	0.000e+00	0.000e+00	2.016e+05	0.000e+00	0.000e+00	0.000e+00	0.000e+00	0.000e+00	0.000e+00	0.000e+00	2.016e+05	0.000e+00	2.016e+05	2.016e+05	8.065e+05	6.048e+05	4.032e+05	8.065e+05	1.411e+06	2.016e+05	1.411e+06	1.411e+06	1.008e+06	1.411e+06	2.218e+06	2.218e+06	2.016e+06	1.411e+06	8.065e+05	6.048e+05	4.032e+05	0.000e+00	0.000e+00	0.000e+00	0.000e+00	0.000e+00	0.000e+00	0.000e+00	0.000e+00	0.000e+00	0.000e+00	0.000e+00	0.000e+00	0.000e+00	0.000e+00	0.000e+00	0.000e+00	0.000e+00	0.000e+00	0.000e+00	0.000e+00	0.000e+00	0.000e+00	0.000e+00	0.000e+00	0.000e+00	0.000e+00	0.000e+00	
63.000	0.000e+00	0.000e+00	0.000e+00	0.000e+00	0.000e+00	0.000e+00	0.000e+00	0.000e+00	0.000e+00	0.000e+00	4.519e+05	4.519e+05	4.519e+05	6.779e+05	6.779e+05	6.779e+05	1.130e+06	6.779e+05	2.260e+05	4.519e+05	2.260e+05	4.519e+05	1.130e+06	6.779e+05	1.130e+06	1.130e+06	2.712e+06	2.486e+06	1.808e+06	2.486e+06	1.356e+06	2.260e+06	1.130e+06	1.130e+06	9.039e+05	1.130e+06	2.260e+06	6.779e+05	9.039e+05	1.808e+06	1.582e+06	2.486e+06	1.130e+06	1.808e+06	6.779e+05	1.356e+06	4.519e+05	0.000e+00	2.260e+05	1.356e+06	6.779e+05	2.260e+05	6.779e+05	0.000e+00	2.260e+05	9.039e+05	0.000e+00	0.000e+00	4.519e+05	1.130e+06	9.039e+05	1.356e+06	9.039e+05	1.582e+06	2.034e+06	2.486e+06	1.582e+06	2.486e+06	2.486e+06	2.260e+06	1.808e+06	2.486e+06	1.808e+06	1.356e+06	4.519e+05	0.000e+00	2.260e+05	0.000e+00	0.000e+00	0.000e+00	0.000e+00	0.000e+00	0.000e+00	0.000e+00	0.000e+00	0.000e+00	0.000e+00	0.000e+00	0.000e+00	0.000e+00	0.000e+00	0.000e+00	0.000e+00	0.000e+00	0.000e+00	0.000e+00	0.000e+00	0.000e+00	0.000e+00	0.000e+00	
66.600	0.000e+00	0.000e+00	0.000e+00	0.000e+00	0.000e+00	0.000e+00	0.000e+00	0.000e+00	0.000e+00	5.163e+05	1.033e+06	5.163e+05	1.291e+06	5.163e+05	2.582e+05	2.582e+05	0.000e+00	0.000e+00	5.163e+05	7.745e+05	0.000e+00	2.065e+06	1.033e+06	2.582e+05	1.291e+06	4.905e+06	1.084e+07	1.601e+07	3.511e+07	4.389e+07	4.621e+07	2.582e+07	2.143e+07	2.737e+07	2.891e+07	3.072e+07	2.504e+07	2.943e+07	2.788e+07	3.124e+07	2.582e+07	1.910e+07	2.065e+07	1.497e+07	6.454e+06	9.294e+06	7.229e+06	8.520e+06	7.229e+06	3.356e+06	3.098e+06	1.291e+06	5.163e+05	7.745e+05	7.745e+05	7.745e+05	2.582e+05	0.000e+00	2.582e+05	0.000e+00	2.582e+05	5.163e+05	1.033e+06	7.745e+05	1.033e+06	1.549e+06	2.582e+06	2.582e+06	1.549e+06	2.324e+06	2.065e+06	1.291e+06	1.033e+06	1.033e+06	2.582e+05	1.033e+06	0.000e+00	0.000e+00	0.000e+00	0.000e+00	0.000e+00	0.000e+00	0.000e+00	0.000e+00	0.000e+00	0.000e+00	0.000e+00	0.000e+00	0.000e+00	0.000e+00	0.000e+00	0.000e+00	0.000e+00	0.000e+00	0.000e+00	0.000e+00	0.000e+00	0.000e+00	0.000e+00	0.000e+00	
70.200	0.000e+00	0.000e+00	0.000e+00	0.000e+00	0.000e+00	0.000e+00	0.000e+00	0.000e+00	3.025e+05	1.512e+06	2.117e+06	9.074e+05	0.000e+00	6.049e+05	3.025e+05	0.000e+00	0.000e+00	0.000e+00	0.000e+00	3.025e+05	0.000e+00	0.000e+00	6.049e+05	6.049e+05	1.210e+06	5.444e+06	6.049e+06	2.238e+07	4.265e+07	8.348e+07	1.358e+08	1.543e+08	1.113e+08	1.077e+08	1.406e+08	1.437e+08	1.627e+08	1.872e+08	1.806e+08	1.730e+08	1.576e+08	1.403e+08	1.334e+08	1.074e+08	7.773e+07	7.531e+07	7.229e+07	4.991e+07	3.267e+07	2.147e+07	2.147e+07	1.633e+07	9.074e+06	5.142e+06	3.932e+06	3.630e+06	2.420e+06	9.074e+05	1.815e+06	1.512e+06	2.117e+06	3.025e+06	2.420e+06	4.537e+06	3.327e+06	3.630e+06	4.839e+06	3.932e+06	6.049e+06	4.234e+06	3.630e+06	2.117e+06	1.815e+06	2.420e+06	1.815e+06	6.049e+05	6.049e+05	0.000e+00	0.000e+00	0.000e+00	0.000e+00	0.000e+00	0.000e+00	0.000e+00	0.000e+00	0.000e+00	0.000e+00	0.000e+00	0.000e+00	0.000e+00	0.000e+00	0.000e+00	0.000e+00	0.000e+00	0.000e+00	0.000e+00	0.000e+00	0.000e+00	0.000e+00	0.000e+00	
73.800	0.000e+00	0.000e+00	0.000e+00	0.000e+00	0.000e+00	0.000e+00	0.000e+00	0.000e+00	0.000e+00	2.568e+06	2.201e+06	1.101e+06	3.669e+05	7.337e+05	0.000e+00	0.000e+00	0.000e+00	0.000e+00	0.000e+00	0.000e+00	0.000e+00	0.000e+00	0.000e+00	3.669e+05	3.669e+05	3.669e+05	1.467e+06	4.035e+06	8.804e+06	1.431e+07	5.063e+07	1.174e+08	1.581e+08	1.684e+08	1.666e+08	1.930e+08	2.407e+08	2.854e+08	2.091e+08	1.662e+08	1.625e+08	1.291e+08	1.266e+08	1.871e+08	1.856e+08	1.233e+08	1.002e+08	9.758e+07	6.567e+07	4.476e+07	3.448e+07	2.348e+07	2.128e+07	1.467e+07	9.538e+06	4.402e+06	4.769e+06	4.402e+06	6.603e+06	5.870e+06	6.603e+06	4.402e+06	5.136e+06	4.402e+06	2.568e+06	3.669e+06	3.669e+06	5.870e+06	6.236e+06	6.603e+06	6.236e+06	4.402e+06	2.201e+06	2.201e+06	1.101e+06	0.000e+00	3.669e+05	0.000e+00	0.000e+00	0.000e+00	0.000e+00	0.000e+00	0.000e+00	0.000e+00	0.000e+00	0.000e+00	0.000e+00	0.000e+00	0.000e+00	0.000e+00	0.000e+00	0.000e+00	0.000e+00	0.000e+00	0.000e+00	0.000e+00	0.000e+00	0.000e+00	0.000e+00	0.000e+00	
77.400	0.000e+00	0.000e+00	0.000e+00	0.000e+00	0.000e+00	0.000e+00	0.000e+00	0.000e+00	4.684e+05	0.000e+00	4.684e+05	4.684e+05	4.684e+05	0.000e+00	0.000e+00	0.000e+00	0.000e+00	0.000e+00	0.000e+00	0.000e+00	0.000e+00	0.000e+00	0.000e+00	0.000e+00	0.000e+00	0.000e+00	9.368e+05	1.405e+06	9.368e+05	9.368e+05	9.368e+05	1.405e+06	3.279e+06	7.495e+06	2.717e+07	4.028e+07	3.607e+07	3.138e+07	3.326e+07	3.419e+07	2.576e+07	2.576e+07	1.874e+07	1.312e+07	2.857e+07	4.075e+07	4.075e+07	2.904e+07	1.593e+07	9.368e+06	4.684e+06	1.874e+06	4.216e+06	1.874e+06	0.000e+00	4.684e+05	0.000e+00	9.368e+05	0.000e+00	4.684e+05	0.000e+00	0.000e+00	0.000e+00	0.000e+00	0.000e+00	0.000e+00	0.000e+00	0.000e+00	4.684e+05	2.342e+06	9.368e+05	0.000e+00	0.000e+00	9.368e+05	0.000e+00	0.000e+00	0.000e+00	0.000e+00	0.000e+00	0.000e+00	0.000e+00	0.000e+00	0.000e+00	0.000e+00	0.000e+00	0.000e+00	0.000e+00	0.000e+00	0.000e+00	0.000e+00	0.000e+00	0.000e+00	0.000e+00	0.000e+00	0.000e+00	0.000e+00	0.000e+00	0.000e+00	0.000e+00	0.000e+00	
81.000	0.000e+00	0.000e+00	0.000e+00	0.000e+00	0.000e+00	0.000e+00	0.000e+00	0.000e+00	0.000e+00	0.000e+00	0.000e+00	0.000e+00	0.000e+00	0.000e+00	0.000e+00	0.000e+00	0.000e+00	0.000e+00	0.000e+00	0.000e+00	0.000e+00	0.000e+00	0.000e+00	0.000e+00	0.000e+00	0.000e+00	0.000e+00	0.000e+00	0.000e+00	0.000e+00	0.000e+00	0.000e+00	0.000e+00	0.000e+00	0.000e+00	0.000e+00	0.000e+00	0.000e+00	0.000e+00	0.000e+00	0.000e+00	0.000e+00	0.000e+00	0.000e+00	6.513e+05	6.513e+05	1.954e+06	0.000e+00	6.513e+05	0.000e+00	0.000e+00	0.000e+00	0.000e+00	0.000e+00	0.000e+00	0.000e+00	0.000e+00	0.000e+00	0.000e+00	0.000e+00	0.000e+00	0.000e+00	0.000e+00	0.000e+00	0.000e+00	0.000e+00	0.000e+00	0.000e+00	0.000e+00	0.000e+00	0.000e+00	0.000e+00	0.000e+00	0.000e+00	0.000e+00	0.000e+00	0.000e+00	0.000e+00	0.000e+00	0.000e+00	0.000e+00	0.000e+00	0.000e+00	0.000e+00	0.000e+00	0.000e+00	0.000e+00	0.000e+00	0.000e+00	0.000e+00	0.000e+00	0.000e+00	6.513e+05	0.000e+00	0.000e+00	0.000e+00	0.000e+00	0.000e+00	0.000e+00	0.000e+00	
84.600	0.000e+00	0.000e+00	0.000e+00	0.000e+00	0.000e+00	0.000e+00	1.075e+06	0.000e+00	0.000e+00	0.000e+00	0.000e+00	0.000e+00	0.000e+00	0.000e+00	0.000e+00	0.000e+00	0.000e+00	0.000e+00	0.000e+00	0.000e+00	0.000e+00	0.000e+00	0.000e+00	0.000e+00	0.000e+00	0.000e+00	0.000e+00	0.000e+00	0.000e+00	0.000e+00	0.000e+00	0.000e+00	0.000e+00	0.000e+00	0.000e+00	0.000e+00	3.226e+06	0.000e+00	1.075e+06	0.000e+00	1.075e+06	0.000e+00	0.000e+00	0.000e+00	0.000e+00	0.000e+00	1.075e+06	0.000e+00	0.000e+00	0.000e+00	0.000e+00	0.000e+00	0.000e+00	0.000e+00	0.000e+00	0.000e+00	0.000e+00	0.000e+00	0.000e+00	0.000e+00	0.000e+00	0.000e+00	0.000e+00	0.000e+00	0.000e+00	0.000e+00	0.000e+00	0.000e+00	0.000e+00	0.000e+00	0.000e+00	0.000e+00	0.000e+00	0.000e+00	0.000e+00	0.000e+00	0.000e+00	0.000e+00	0.000e+00	0.000e+00	0.000e+00	0.000e+00	0.000e+00	0.000e+00	0.000e+00	0.000e+00	0.000e+00	0.000e+00	0.000e+00	0.000e+00	0.000e+00	0.000e+00	0.000e+00	0.000e+00	0.000e+00	0.000e+00	0.000e+00	0.000e+00	0.000e+00	0.000e+00	
88.200	0.000e+00	0.000e+00	0.000e+00	0.000e+00	0.000e+00	0.000e+00	0.000e+00	0.000e+00	0.000e+00	0.000e+00	0.000e+00	0.000e+00	0.000e+00	0.000e+00	0.000e+00	0.000e+00	0.000e+00	0.000e+00	0.000e+00	0.000e+00	0.000e+00	0.000e+00	0.000e+00	0.000e+00	0.000e+00	0.000e+00	0.000e+00	0.000e+00	0.000e+00	0.000e+00	0.000e+00	0.000e+00	0.000e+00	0.000e+00	0.000e+00	0.000e+00	0.000e+00	0.000e+00	0.000e+00	0.000e+00	0.000e+00	0.000e+00	0.000e+00	0.000e+00	0.000e+00	0.000e+00	0.000e+00	3.118e+06	0.000e+00	0.000e+00	0.000e+00	0.000e+00	0.000e+00	0.000e+00	0.000e+00	0.000e+00	0.000e+00	0.000e+00	0.000e+00	0.000e+00	0.000e+00	0.000e+00	0.000e+00	0.000e+00	0.000e+00	0.000e+00	0.000e+00	0.000e+00	0.000e+00	0.000e+00	0.000e+00	0.000e+00	0.000e+00	0.000e+00	0.000e+00	0.000e+00	0.000e+00	0.000e+00	0.000e+00	0.000e+00	0.000e+00	0.000e+00	0.000e+00	0.000e+00	0.000e+00	0.000e+00	0.000e+00	0.000e+00	0.000e+00	0.000e+00	0.000e+00	0.000e+00	3.118e+06	0.000e+00	0.000e+00	0.000e+00	0.000e+00	0.000e+00	0.000e+00	0.000e+00	
