#
# Electrons precipitation map
# Simulation setup: northward IMF, same Solar wind as Aizawa et al. (2021)
# Simulation code: iPIC3D
# Simulation path: /home/flavorenti/Bureau/data_simu_iPIC3D/Mercury_SaeInit/PR1/Normal-newbox/texts/
# Output: Mean energy (Temperature) pcls per bin, units eV
# Output minimum: 1e-3
# Grid X-Axis (first row): local time [hours] from 0 to 24 with 50 equispaced bins
# Grid Y-Axis (first column): latitude [deg.] from -90 to 90 with 26 equispaced bins
# Signature: Federico Lavorenti
#
nan	0.240	0.720	1.200	1.680	2.160	2.640	3.120	3.600	4.080	4.560	5.040	5.520	6.000	6.480	6.960	7.440	7.920	8.400	8.880	9.360	9.840	10.320	10.800	11.280	11.760	12.240	12.720	13.200	13.680	14.160	14.640	15.120	15.600	16.080	16.560	17.040	17.520	18.000	18.480	18.960	19.440	19.920	20.400	20.880	21.360	21.840	22.320	22.800	23.280	23.760	
-86.538	3332.944	3441.742	1137.396	2130.890	3361.917	1186.400	1557.540	1739.411	859.569	1846.195	1176.932	3356.692	3536.367	2234.400	353.628	5058.384	0.000	2251.563	3045.271	2232.795	nan	2439.317	1887.106	1026.012	2351.302	3450.536	1930.403	2475.219	2270.821	2970.384	3801.166	1568.667	1728.965	3162.071	2430.778	1156.679	1978.596	nan	531.754	1630.198	3318.312	2686.624	221.272	707.862	3837.499	778.445	1102.510	1511.268	1567.321	2386.195	
-79.615	3557.735	2746.370	2880.626	2867.343	3482.021	2541.393	2247.067	1498.015	3771.272	3863.659	1769.650	3314.733	3156.658	2574.838	3347.333	3647.250	2960.659	3095.227	2924.560	3417.871	3213.303	3014.790	2924.320	3246.369	2035.294	2106.257	2557.995	2025.691	2625.128	2007.359	3090.635	1999.264	0.000	nan	nan	0.000	nan	nan	nan	nan	nan	nan	nan	nan	1142.789	1668.849	1063.092	2260.763	3487.458	2661.608	
-72.692	2191.362	2377.431	2253.176	2588.332	2478.260	2881.360	2815.301	1928.693	3059.919	2860.327	2875.427	2681.273	3321.415	3448.234	3583.982	3662.366	3318.193	3579.379	3442.710	3445.842	3152.033	3072.740	2897.724	2707.938	3027.187	2655.405	2709.702	3411.202	2202.439	nan	nan	nan	nan	nan	nan	nan	nan	nan	nan	2006.982	1882.237	1714.968	2101.535	1206.490	1414.845	2316.126	2956.230	1722.159	1639.472	2252.679	
-65.769	2027.112	2389.263	1941.793	2134.572	2189.591	2453.252	2346.915	2771.250	3314.405	3306.311	3329.555	3466.376	3826.497	3795.254	3800.823	3788.308	3648.520	3471.079	3266.792	2849.540	2395.486	1939.518	2056.967	2371.124	2536.306	2961.175	2914.649	2734.863	3186.076	3164.443	894.670	nan	2789.821	1591.049	1880.626	2980.211	1081.868	4023.032	2824.196	2324.184	1405.247	2147.081	2121.988	1171.337	2074.035	1255.066	1668.148	1113.724	1528.761	1793.842	
-58.846	1583.370	1785.457	2306.496	2368.777	2508.590	2425.659	2910.450	2980.569	3071.492	3500.348	3729.837	3688.252	3668.338	3748.582	3763.278	3678.078	3628.042	3315.300	2972.075	2559.110	2047.679	1759.828	1834.413	2286.268	2291.264	2639.257	2795.912	2930.686	2762.949	2883.450	3057.277	3493.375	2979.354	3437.749	3271.127	3183.788	2649.270	3122.782	2580.444	3605.586	3105.223	2378.259	2410.484	2035.927	2187.704	1646.002	1489.671	1210.835	1137.603	1590.758	
-51.923	1718.611	1848.487	2324.850	2822.863	2737.964	2660.135	2976.216	3269.505	3497.544	3487.539	3586.411	3736.973	3750.078	3766.838	3536.254	3377.441	3464.936	3332.440	2944.296	2697.118	2496.042	2066.917	1950.025	1738.693	1937.060	2218.927	2238.611	2784.321	3221.882	3458.991	3493.550	3216.296	3269.355	3486.260	2617.860	2751.791	3291.350	2775.090	2915.753	2536.066	2915.050	3054.010	2268.654	1978.447	1422.235	1115.136	843.663	1065.818	1200.521	1460.950	
-45.000	1595.693	2004.941	2427.455	2760.981	2966.479	2813.510	2779.969	3068.374	3141.460	3390.300	3649.036	3683.218	3551.018	3589.825	3511.270	2844.904	3448.127	3075.488	2962.147	2483.382	2954.881	2598.764	2232.618	2533.125	2143.602	2267.295	2396.376	2518.194	2610.879	3324.154	3193.474	2390.852	2598.459	2278.304	2971.811	2360.970	3191.070	2317.343	3031.368	2969.090	2779.480	1630.328	1181.424	950.204	854.080	891.234	690.040	628.542	946.247	1273.095	
-38.077	1465.396	1764.905	1997.201	2199.504	2212.812	2604.788	2724.475	2890.232	3407.567	3371.779	3558.898	3530.427	3591.508	3357.076	3000.971	2720.092	2299.709	2603.657	1953.931	1788.884	2379.887	2841.002	2346.794	2620.045	2733.988	2956.955	3020.535	1723.124	1761.873	3616.223	4095.842	3280.802	2859.489	2239.304	3019.887	2363.879	3426.713	2973.662	2314.370	2072.499	1850.183	1386.174	1077.115	891.024	1272.229	959.363	1624.318	1094.809	1203.949	1263.248	
-31.154	1666.938	1206.403	1178.831	1431.234	1985.040	2571.470	2791.146	2595.507	2969.870	3257.314	3412.611	3535.843	3246.863	3099.788	2776.128	2345.097	1582.286	755.054	nan	587.869	2608.620	1167.825	1182.225	1826.127	1127.430	2618.797	2604.903	1836.903	2412.605	2891.576	1552.392	2696.853	2737.406	3019.456	2723.970	3254.883	2984.266	2714.618	2886.508	1854.457	1885.565	1865.380	1386.117	1851.352	2441.457	1968.286	2075.305	2728.793	1926.796	1587.153	
-24.231	861.103	665.271	894.587	1056.490	1272.286	1657.166	1862.952	1487.079	2332.244	2630.901	3005.310	3058.496	2877.312	1681.368	1356.085	3855.801	nan	nan	nan	nan	nan	nan	0.000	250.553	nan	1358.409	0.000	66.422	793.142	1458.274	0.000	2448.188	3310.146	2447.283	2648.250	2683.892	2811.819	3110.604	3265.233	3031.386	2269.921	1422.602	1592.600	2395.640	2130.766	2226.083	1772.845	1974.711	1377.518	1355.059	
-17.308	875.623	1301.472	1564.737	1718.264	1805.362	1821.562	1849.799	1229.616	1780.611	1548.507	1800.364	1996.765	1954.398	1838.320	1560.589	0.000	nan	nan	nan	0.000	nan	nan	nan	nan	nan	nan	nan	nan	nan	nan	nan	nan	nan	1860.706	2033.207	682.719	0.000	502.042	3008.323	4155.453	2147.256	2520.232	2919.001	2878.054	2369.196	2396.195	1724.403	1611.566	1191.950	887.127	
-10.385	1440.462	1559.450	1629.877	1736.852	1855.119	1395.326	1217.428	1516.730	1440.445	996.362	970.069	1325.839	1283.195	1501.839	115.646	nan	nan	nan	nan	nan	0.000	nan	nan	nan	nan	nan	nan	nan	nan	nan	nan	nan	0.000	nan	nan	nan	nan	nan	1052.751	2068.045	1662.648	2255.451	2875.815	2377.365	2188.384	2022.879	1969.068	1696.958	1511.051	1343.010	
-3.462	1675.027	1621.743	1572.274	2002.633	2043.599	1112.598	982.109	2655.309	988.865	1417.651	1274.894	1384.940	109.071	0.000	0.000	2286.028	nan	nan	nan	nan	nan	nan	nan	nan	nan	nan	nan	nan	nan	nan	nan	nan	nan	nan	nan	nan	nan	nan	0.000	1018.102	0.000	1998.286	1794.153	2192.728	2173.309	2345.675	2518.105	1735.264	1808.664	1958.302	
3.462	1210.940	1647.187	1434.591	1406.123	1526.798	286.796	334.256	1524.015	nan	486.262	1344.052	1187.757	0.000	nan	nan	nan	nan	nan	nan	nan	nan	nan	nan	nan	nan	nan	nan	nan	nan	nan	nan	nan	nan	nan	nan	nan	nan	nan	nan	nan	522.781	1635.504	1218.637	1958.292	1318.712	1580.146	1484.183	1121.348	1054.712	1687.002	
10.385	1191.039	814.945	0.000	1329.675	1245.516	942.576	nan	nan	nan	0.000	344.919	1129.872	650.844	nan	nan	nan	nan	nan	nan	nan	nan	nan	nan	nan	nan	nan	nan	nan	nan	nan	nan	nan	nan	nan	nan	nan	nan	nan	nan	nan	nan	nan	2862.082	1192.057	1785.771	1214.610	nan	2391.344	1651.760	1609.881	
17.308	1073.759	660.915	nan	nan	nan	0.000	nan	nan	nan	nan	nan	316.093	nan	nan	nan	nan	nan	nan	nan	nan	nan	nan	nan	nan	nan	nan	nan	nan	nan	nan	nan	nan	nan	nan	nan	nan	nan	nan	nan	nan	nan	0.000	0.000	784.457	0.000	nan	0.000	0.000	1470.403	0.000	
24.231	nan	0.000	0.000	nan	0.000	0.000	nan	nan	nan	nan	nan	nan	nan	nan	nan	nan	nan	nan	nan	nan	nan	nan	nan	nan	nan	nan	nan	nan	nan	nan	nan	nan	nan	nan	nan	nan	nan	nan	nan	nan	0.000	692.129	0.000	1550.367	1288.744	nan	0.000	nan	101.472	6.781	
31.154	1669.077	1192.183	0.000	nan	nan	nan	nan	nan	nan	nan	nan	nan	nan	nan	nan	nan	nan	nan	nan	nan	nan	nan	nan	nan	nan	nan	nan	nan	nan	nan	nan	nan	nan	nan	nan	nan	nan	nan	nan	339.794	2161.739	1059.455	1071.648	1693.419	2246.002	1812.464	1492.306	1195.024	0.000	2192.408	
38.077	2096.842	2211.160	nan	nan	nan	nan	nan	nan	nan	nan	0.000	1409.715	1713.301	1123.062	nan	nan	nan	nan	nan	nan	nan	nan	nan	nan	nan	nan	nan	nan	nan	nan	nan	nan	nan	nan	nan	nan	0.000	0.000	nan	3636.661	2280.335	2894.395	2927.750	2159.343	2316.292	2506.643	1833.581	2160.957	1990.995	2354.454	
45.000	1934.958	2163.135	2387.054	2049.098	1688.388	2518.619	0.000	nan	nan	1748.057	1278.615	962.215	1057.426	942.802	nan	nan	nan	nan	nan	nan	nan	nan	nan	nan	nan	nan	nan	nan	nan	nan	0.000	nan	1520.980	0.000	nan	1608.640	1518.877	2416.927	597.519	2629.036	2193.729	2642.655	2433.519	2686.526	2490.686	2486.643	2199.206	1837.653	1739.644	1744.189	
51.923	1084.640	990.270	1064.579	1006.780	1124.080	850.966	1164.409	1424.168	1716.394	1551.218	1576.990	1290.805	645.774	337.371	0.000	nan	nan	nan	nan	nan	nan	nan	nan	nan	nan	0.000	1499.666	nan	1087.491	672.955	2760.289	1442.905	1435.237	1001.482	1605.439	1351.499	1746.644	1027.414	1239.857	1855.524	2112.624	2469.650	2017.143	1781.321	1752.631	1435.071	1400.388	1067.375	795.411	1103.129	
58.846	384.191	508.875	454.062	777.041	921.822	1484.315	2496.995	2755.056	2976.242	3004.908	3020.352	2836.272	2165.544	893.530	531.006	305.069	299.340	296.223	368.517	369.486	403.285	480.973	402.938	321.594	333.303	523.194	527.912	765.925	976.724	1050.624	837.644	934.623	871.260	831.802	788.400	611.655	589.119	729.483	790.994	576.516	584.565	1343.522	964.638	823.997	516.847	0.000	649.837	48.350	507.855	668.946	
65.769	537.482	852.545	898.440	1109.822	1642.956	2328.534	2730.060	3205.636	3393.025	3370.804	3352.861	3343.206	3351.508	3141.575	3405.469	3035.109	2862.409	1492.456	1287.175	842.977	1117.907	864.199	1431.016	1535.750	1192.086	1495.680	2011.643	2186.485	3250.534	0.000	nan	634.127	850.934	260.054	338.442	204.491	239.038	213.089	228.964	203.246	344.766	334.677	193.473	41.662	47.684	0.000	0.000	nan	410.760	640.327	
72.692	933.465	1148.925	1442.506	1584.269	2274.434	2750.437	2677.328	2897.462	3190.576	2880.628	3573.028	3391.323	3372.464	3299.297	3143.073	3283.181	3289.939	2858.956	2680.591	2003.389	1418.490	1641.831	1781.133	2192.150	2572.454	2645.480	2539.812	2298.960	1855.466	2498.915	2952.464	3019.277	3079.620	2379.960	1912.724	1363.833	1015.251	471.240	560.507	231.698	225.231	327.845	446.330	422.867	382.352	501.922	450.087	603.200	590.298	729.276	
79.615	1826.180	1827.873	2094.432	2317.633	2629.396	2675.487	2705.097	2877.536	2993.903	2511.388	2458.701	3129.641	2928.858	3000.844	2903.090	2804.386	3741.224	2881.598	3260.172	2814.771	2458.069	2509.966	2906.945	3015.151	2986.834	3128.496	2872.557	3161.928	2495.441	1861.635	2354.800	2388.622	2596.692	3083.528	3252.985	2741.836	1677.414	2038.336	990.856	755.569	686.497	778.593	625.651	772.844	674.858	980.284	840.506	1054.018	1156.896	1449.101	
86.538	2428.447	2311.878	2181.984	2372.177	2085.506	2542.463	2928.401	3243.648	2537.764	3276.210	2236.923	1991.666	2659.843	3024.334	2310.425	1947.367	2318.839	2853.513	3300.461	2605.309	2878.923	3467.185	2861.868	2497.682	2454.248	2573.225	2098.257	2426.148	3106.133	1602.204	196.533	1797.880	3076.406	2825.179	2316.707	1837.163	2234.025	2664.787	2069.565	1290.324	2004.279	1671.147	1876.719	2258.505	1794.892	1831.258	2222.321	1118.569	1851.429	1506.719	
