#
# Electrons precipitation map
# Simulation setup: northward IMF, same Solar wind as Aizawa et al. (2021)
# Simulation code: iPIC3D
# Simulation path: /home/flavorenti/Bureau/data_simu_iPIC3D/Mercury_SaeInit/PR1/Normal-newbox/texts/
# Output: Flux, units 1/cm2/s
# Output minimum: 1e-6
# Grid X-Axis (first row): local time [hours] from 0 to 24 with 100 equispaced bins
# Grid Y-Axis (first column): latitude [deg.] from -90 to 90 with 50 equispaced bins
# Signature: Federico Lavorenti
#
nan	0.120	0.360	0.600	0.840	1.080	1.320	1.560	1.800	2.040	2.280	2.520	2.760	3.000	3.240	3.480	3.720	3.960	4.200	4.440	4.680	4.920	5.160	5.400	5.640	5.880	6.120	6.360	6.600	6.840	7.080	7.320	7.560	7.800	8.040	8.280	8.520	8.760	9.000	9.240	9.480	9.720	9.960	10.200	10.440	10.680	10.920	11.160	11.400	11.640	11.880	12.120	12.360	12.600	12.840	13.080	13.320	13.560	13.800	14.040	14.280	14.520	14.760	15.000	15.240	15.480	15.720	15.960	16.200	16.440	16.680	16.920	17.160	17.400	17.640	17.880	18.120	18.360	18.600	18.840	19.080	19.320	19.560	19.800	20.040	20.280	20.520	20.760	21.000	21.240	21.480	21.720	21.960	22.200	22.440	22.680	22.920	23.160	23.400	23.640	23.880	
-88.200	0.000e+00	6.553e+06	1.311e+07	0.000e+00	9.829e+06	6.553e+06	3.276e+06	0.000e+00	0.000e+00	1.311e+07	3.276e+06	3.276e+06	3.276e+06	3.276e+06	3.276e+06	0.000e+00	3.276e+06	0.000e+00	0.000e+00	0.000e+00	3.276e+06	0.000e+00	3.276e+06	6.553e+06	3.276e+06	6.553e+06	3.276e+06	0.000e+00	6.553e+06	0.000e+00	0.000e+00	0.000e+00	0.000e+00	0.000e+00	3.276e+06	3.276e+06	6.553e+06	6.553e+06	0.000e+00	6.553e+06	0.000e+00	0.000e+00	0.000e+00	9.829e+06	3.276e+06	0.000e+00	0.000e+00	3.276e+06	3.276e+06	0.000e+00	9.829e+06	0.000e+00	0.000e+00	0.000e+00	6.553e+06	3.276e+06	6.553e+06	3.276e+06	3.276e+06	0.000e+00	0.000e+00	0.000e+00	3.276e+06	3.276e+06	3.276e+06	3.276e+06	0.000e+00	0.000e+00	0.000e+00	6.553e+06	0.000e+00	0.000e+00	0.000e+00	6.553e+06	0.000e+00	0.000e+00	0.000e+00	9.829e+06	3.276e+06	3.276e+06	0.000e+00	0.000e+00	6.553e+06	0.000e+00	3.276e+06	3.276e+06	0.000e+00	6.553e+06	3.276e+06	0.000e+00	0.000e+00	0.000e+00	6.553e+06	0.000e+00	3.276e+06	0.000e+00	3.276e+06	3.276e+06	3.276e+06	0.000e+00	
-84.600	1.094e+06	1.094e+06	3.281e+06	3.281e+06	1.094e+06	0.000e+00	3.281e+06	0.000e+00	1.094e+06	3.281e+06	2.187e+06	2.187e+06	3.281e+06	2.187e+06	5.468e+06	0.000e+00	1.094e+06	1.094e+06	2.187e+06	0.000e+00	2.187e+06	4.374e+06	3.281e+06	3.281e+06	0.000e+00	1.094e+06	2.187e+06	1.094e+06	0.000e+00	0.000e+00	1.094e+06	3.281e+06	0.000e+00	2.187e+06	1.094e+06	1.094e+06	1.094e+06	2.187e+06	2.187e+06	2.187e+06	0.000e+00	0.000e+00	0.000e+00	1.094e+06	2.187e+06	1.094e+06	2.187e+06	0.000e+00	7.655e+06	2.187e+06	1.094e+06	3.281e+06	3.281e+06	4.374e+06	5.468e+06	2.187e+06	5.468e+06	5.468e+06	5.468e+06	2.187e+06	7.655e+06	1.094e+06	0.000e+00	2.187e+06	0.000e+00	3.281e+06	2.187e+06	4.374e+06	1.094e+06	2.187e+06	3.281e+06	1.094e+06	3.281e+06	0.000e+00	0.000e+00	0.000e+00	2.187e+06	0.000e+00	2.187e+06	1.094e+06	1.094e+06	2.187e+06	1.094e+06	2.187e+06	0.000e+00	2.187e+06	2.187e+06	1.094e+06	2.187e+06	2.187e+06	2.187e+06	1.094e+06	3.281e+06	1.094e+06	2.187e+06	5.468e+06	1.094e+06	1.094e+06	1.094e+06	3.281e+06	
-81.000	1.974e+06	1.974e+06	4.605e+06	4.605e+06	3.947e+06	1.974e+06	5.263e+06	3.947e+06	1.316e+06	2.631e+06	1.316e+06	1.316e+06	1.974e+06	1.974e+06	1.974e+06	1.974e+06	0.000e+00	1.974e+06	1.316e+06	6.578e+05	6.578e+05	0.000e+00	1.316e+06	2.631e+06	6.578e+05	2.631e+06	1.316e+06	5.263e+06	1.316e+06	1.316e+06	1.974e+06	3.289e+06	3.289e+06	1.974e+06	4.605e+06	2.631e+06	6.578e+06	4.605e+06	3.947e+06	5.263e+06	1.974e+06	3.947e+06	3.289e+06	4.605e+06	4.605e+06	3.289e+06	2.631e+06	1.974e+06	1.974e+06	1.974e+06	2.631e+06	1.974e+06	3.947e+06	1.316e+06	3.947e+06	4.605e+06	2.631e+06	4.605e+06	1.974e+06	1.974e+06	3.947e+06	1.316e+06	1.316e+06	6.578e+05	0.000e+00	0.000e+00	0.000e+00	0.000e+00	0.000e+00	0.000e+00	0.000e+00	0.000e+00	0.000e+00	0.000e+00	0.000e+00	0.000e+00	0.000e+00	0.000e+00	0.000e+00	0.000e+00	0.000e+00	0.000e+00	0.000e+00	0.000e+00	0.000e+00	0.000e+00	0.000e+00	0.000e+00	6.578e+05	1.316e+06	1.974e+06	1.316e+06	1.316e+06	6.578e+05	2.631e+06	3.289e+06	3.289e+06	3.289e+06	6.578e+05	2.631e+06	
-77.400	2.831e+06	1.887e+06	1.887e+06	3.774e+06	1.887e+06	1.415e+06	3.302e+06	1.415e+06	2.359e+06	0.000e+00	1.887e+06	1.887e+06	2.831e+06	1.887e+06	2.831e+06	4.718e+05	9.435e+05	1.887e+06	1.887e+06	1.415e+06	0.000e+00	3.302e+06	1.887e+06	3.774e+06	3.302e+06	2.831e+06	6.605e+06	6.605e+06	8.020e+06	6.133e+06	3.774e+06	9.435e+06	9.907e+06	9.907e+06	8.492e+06	4.718e+06	8.492e+06	1.179e+07	1.462e+07	1.415e+07	2.076e+07	1.415e+07	1.981e+07	2.076e+07	1.840e+07	1.274e+07	1.321e+07	1.132e+07	6.133e+06	5.189e+06	1.415e+06	1.887e+06	9.435e+05	0.000e+00	1.415e+06	1.887e+06	4.718e+05	0.000e+00	0.000e+00	0.000e+00	0.000e+00	0.000e+00	0.000e+00	0.000e+00	0.000e+00	0.000e+00	0.000e+00	0.000e+00	0.000e+00	0.000e+00	0.000e+00	4.718e+05	0.000e+00	0.000e+00	0.000e+00	0.000e+00	0.000e+00	0.000e+00	0.000e+00	0.000e+00	0.000e+00	0.000e+00	0.000e+00	0.000e+00	0.000e+00	0.000e+00	0.000e+00	0.000e+00	0.000e+00	0.000e+00	9.435e+05	0.000e+00	9.435e+05	3.302e+06	2.359e+06	2.831e+06	4.246e+06	3.774e+06	1.415e+06	2.359e+06	
-73.800	1.475e+06	4.795e+06	2.582e+06	2.582e+06	1.844e+06	3.689e+06	4.057e+06	7.377e+05	3.320e+06	3.320e+06	1.844e+06	2.213e+06	2.582e+06	2.213e+06	1.475e+06	3.689e+05	2.951e+06	3.689e+06	2.582e+06	3.689e+06	4.795e+06	3.320e+06	6.640e+06	6.640e+06	6.640e+06	5.902e+06	8.115e+06	8.484e+06	1.291e+07	1.070e+07	1.439e+07	1.771e+07	1.955e+07	1.771e+07	2.693e+07	3.394e+07	2.766e+07	3.430e+07	2.619e+07	2.582e+07	2.582e+07	1.771e+07	1.807e+07	1.660e+07	1.586e+07	2.103e+07	2.029e+07	2.139e+07	1.697e+07	2.619e+07	1.771e+07	8.853e+06	3.689e+06	1.107e+06	3.689e+05	0.000e+00	0.000e+00	0.000e+00	0.000e+00	0.000e+00	0.000e+00	0.000e+00	0.000e+00	0.000e+00	0.000e+00	0.000e+00	0.000e+00	0.000e+00	0.000e+00	0.000e+00	0.000e+00	0.000e+00	0.000e+00	0.000e+00	0.000e+00	0.000e+00	0.000e+00	0.000e+00	0.000e+00	7.377e+05	7.377e+05	7.377e+05	7.377e+05	1.475e+06	7.377e+05	1.107e+06	1.475e+06	1.475e+06	2.582e+06	1.107e+06	3.689e+05	2.582e+06	3.689e+06	2.582e+06	2.951e+06	5.164e+06	4.057e+06	2.951e+06	2.213e+06	2.213e+06	
-70.200	2.430e+06	6.076e+05	4.557e+06	4.253e+06	7.291e+06	4.557e+06	4.253e+06	1.823e+06	4.557e+06	3.949e+06	3.342e+06	2.430e+06	2.430e+06	3.949e+06	3.038e+06	3.646e+06	3.949e+06	6.076e+06	8.810e+06	7.899e+06	5.468e+06	6.987e+06	7.899e+06	8.506e+06	7.899e+06	1.094e+07	1.246e+07	1.580e+07	2.248e+07	2.916e+07	2.977e+07	2.977e+07	2.613e+07	3.463e+07	2.673e+07	2.400e+07	2.066e+07	1.884e+07	1.762e+07	2.127e+07	2.005e+07	1.914e+07	1.367e+07	2.187e+07	2.005e+07	2.430e+07	1.823e+07	1.944e+07	1.884e+07	2.066e+07	1.215e+07	1.580e+07	7.595e+06	7.291e+06	9.418e+06	7.291e+06	3.038e+06	3.038e+05	3.038e+05	0.000e+00	0.000e+00	0.000e+00	0.000e+00	0.000e+00	0.000e+00	0.000e+00	0.000e+00	0.000e+00	0.000e+00	0.000e+00	0.000e+00	0.000e+00	0.000e+00	0.000e+00	0.000e+00	0.000e+00	0.000e+00	0.000e+00	6.076e+05	1.215e+06	1.215e+06	1.519e+06	3.038e+05	2.127e+06	1.215e+06	3.038e+06	9.114e+05	1.519e+06	2.734e+06	2.734e+06	2.734e+06	2.127e+06	2.734e+06	3.038e+06	2.734e+06	1.519e+06	4.253e+06	2.430e+06	2.430e+06	3.038e+06	
-66.600	3.109e+06	3.369e+06	3.109e+06	3.628e+06	3.109e+06	4.405e+06	6.478e+06	6.737e+06	5.182e+06	6.478e+06	4.146e+06	6.996e+06	6.737e+06	4.405e+06	4.664e+06	7.774e+06	6.996e+06	7.774e+06	9.069e+06	6.996e+06	7.774e+06	6.478e+06	1.114e+07	1.192e+07	1.192e+07	1.477e+07	2.228e+07	2.669e+07	3.498e+07	3.161e+07	3.654e+07	3.032e+07	2.747e+07	2.358e+07	2.177e+07	2.099e+07	1.840e+07	1.503e+07	1.814e+07	1.788e+07	1.917e+07	1.866e+07	2.047e+07	1.917e+07	2.099e+07	1.892e+07	2.358e+07	2.047e+07	1.425e+07	1.451e+07	1.684e+07	1.399e+07	1.218e+07	1.062e+07	7.774e+06	6.737e+06	3.887e+06	2.332e+06	7.774e+05	2.591e+05	0.000e+00	0.000e+00	0.000e+00	0.000e+00	0.000e+00	0.000e+00	0.000e+00	0.000e+00	2.591e+05	2.591e+05	2.591e+05	0.000e+00	0.000e+00	0.000e+00	2.591e+05	0.000e+00	7.774e+05	7.774e+05	1.555e+06	1.296e+06	2.591e+05	5.182e+05	5.182e+05	7.774e+05	0.000e+00	1.296e+06	7.774e+05	2.591e+05	5.182e+05	3.369e+06	2.073e+06	3.109e+06	4.664e+06	3.369e+06	5.441e+06	2.850e+06	5.701e+06	5.182e+06	4.664e+06	5.182e+06	
-63.000	8.160e+06	5.440e+06	5.667e+06	8.160e+06	6.800e+06	6.347e+06	9.294e+06	1.020e+07	8.840e+06	1.224e+07	1.133e+07	1.020e+07	1.043e+07	8.614e+06	9.747e+06	9.520e+06	8.614e+06	8.840e+06	7.934e+06	7.480e+06	6.573e+06	9.747e+06	1.451e+07	1.473e+07	1.745e+07	1.995e+07	3.060e+07	3.513e+07	3.944e+07	3.717e+07	3.332e+07	2.720e+07	1.972e+07	1.745e+07	1.564e+07	1.428e+07	1.541e+07	1.564e+07	1.609e+07	1.224e+07	1.360e+07	1.791e+07	1.859e+07	2.335e+07	2.403e+07	2.176e+07	2.652e+07	2.199e+07	2.516e+07	2.221e+07	2.085e+07	1.496e+07	1.405e+07	8.840e+06	8.840e+06	3.400e+06	1.813e+06	1.587e+06	2.267e+05	1.813e+06	9.067e+05	9.067e+05	2.267e+05	4.533e+05	1.133e+06	1.587e+06	1.587e+06	1.360e+06	1.133e+06	4.533e+05	1.587e+06	1.587e+06	2.267e+06	2.040e+06	1.587e+06	2.267e+06	1.360e+06	1.587e+06	6.800e+05	9.067e+05	1.587e+06	4.533e+05	4.533e+05	9.067e+05	1.360e+06	4.533e+05	4.533e+05	1.133e+06	1.133e+06	2.040e+06	1.360e+06	3.627e+06	3.627e+06	4.760e+06	6.573e+06	6.573e+06	8.160e+06	6.347e+06	8.387e+06	6.347e+06	
-59.400	1.092e+07	1.698e+07	1.354e+07	9.703e+06	8.288e+06	6.671e+06	1.051e+07	1.152e+07	1.294e+07	1.658e+07	1.819e+07	1.597e+07	1.395e+07	1.536e+07	1.173e+07	8.491e+06	9.299e+06	1.011e+07	8.086e+06	9.299e+06	1.132e+07	1.395e+07	1.880e+07	1.900e+07	2.527e+07	2.810e+07	3.315e+07	4.003e+07	3.275e+07	3.437e+07	2.588e+07	2.284e+07	1.759e+07	1.577e+07	1.314e+07	1.375e+07	1.334e+07	1.011e+07	1.011e+07	8.693e+06	1.233e+07	1.920e+07	1.698e+07	2.224e+07	2.022e+07	1.860e+07	2.163e+07	2.345e+07	2.305e+07	2.608e+07	2.648e+07	1.920e+07	1.860e+07	1.698e+07	1.536e+07	1.274e+07	1.193e+07	8.895e+06	6.671e+06	6.469e+06	6.065e+06	4.447e+06	4.245e+06	3.437e+06	3.639e+06	4.447e+06	2.628e+06	2.022e+06	3.437e+06	2.628e+06	1.213e+06	1.819e+06	1.819e+06	1.213e+06	1.011e+06	1.213e+06	1.011e+06	1.213e+06	1.819e+06	8.086e+05	2.022e+05	1.011e+06	1.617e+06	1.819e+06	1.415e+06	1.213e+06	1.011e+06	3.639e+06	2.628e+06	4.245e+06	5.256e+06	2.426e+06	5.054e+06	6.671e+06	7.075e+06	9.703e+06	9.501e+06	8.895e+06	8.086e+06	1.031e+07	
-55.800	1.776e+07	1.922e+07	1.520e+07	1.465e+07	1.044e+07	1.263e+07	1.611e+07	2.032e+07	2.472e+07	2.417e+07	2.252e+07	1.776e+07	1.208e+07	1.355e+07	8.605e+06	6.591e+06	6.957e+06	6.225e+06	7.872e+06	8.788e+06	1.282e+07	1.684e+07	2.142e+07	1.977e+07	2.856e+07	2.526e+07	3.680e+07	3.881e+07	2.728e+07	2.673e+07	2.032e+07	1.574e+07	1.483e+07	1.318e+07	1.007e+07	1.318e+07	9.154e+06	7.140e+06	5.858e+06	6.408e+06	1.080e+07	9.154e+06	1.465e+07	1.849e+07	1.648e+07	1.501e+07	2.087e+07	2.508e+07	2.600e+07	2.948e+07	2.563e+07	2.655e+07	2.215e+07	2.124e+07	1.446e+07	1.117e+07	6.957e+06	5.492e+06	6.957e+06	4.028e+06	5.126e+06	2.929e+06	2.563e+06	3.112e+06	2.929e+06	2.197e+06	2.014e+06	9.154e+05	1.282e+06	7.323e+05	9.154e+05	9.154e+05	1.098e+06	1.098e+06	1.282e+06	1.465e+06	7.323e+05	1.648e+06	1.282e+06	1.098e+06	9.154e+05	1.098e+06	1.831e+06	2.014e+06	1.831e+06	1.831e+06	1.648e+06	2.563e+06	3.295e+06	3.845e+06	4.028e+06	5.492e+06	6.042e+06	7.140e+06	8.971e+06	8.788e+06	1.282e+07	1.245e+07	1.501e+07	1.739e+07	
-52.200	1.713e+07	1.713e+07	1.142e+07	1.461e+07	1.209e+07	1.662e+07	1.528e+07	2.065e+07	2.586e+07	2.149e+07	1.679e+07	1.461e+07	1.175e+07	1.175e+07	5.540e+06	5.876e+06	8.730e+06	9.906e+06	1.209e+07	1.259e+07	1.477e+07	1.729e+07	2.267e+07	2.451e+07	3.039e+07	3.324e+07	3.341e+07	3.140e+07	2.753e+07	2.048e+07	1.964e+07	1.377e+07	1.108e+07	9.906e+06	9.234e+06	9.402e+06	7.723e+06	6.548e+06	6.884e+06	6.044e+06	6.044e+06	4.197e+06	8.395e+06	8.395e+06	8.563e+06	1.024e+07	7.723e+06	1.024e+07	1.293e+07	1.343e+07	1.595e+07	1.880e+07	1.494e+07	1.830e+07	1.595e+07	9.066e+06	7.891e+06	5.205e+06	5.708e+06	2.686e+06	3.862e+06	1.847e+06	1.679e+06	8.395e+05	1.511e+06	1.175e+06	8.395e+05	8.395e+05	5.037e+05	1.847e+06	1.007e+06	8.395e+05	3.358e+05	1.343e+06	3.358e+05	6.716e+05	1.175e+06	1.007e+06	5.037e+05	1.007e+06	5.037e+05	1.007e+06	2.183e+06	1.511e+06	1.679e+06	3.862e+06	2.686e+06	7.219e+06	8.059e+06	7.219e+06	5.876e+06	7.052e+06	9.906e+06	1.024e+07	9.402e+06	1.276e+07	1.394e+07	1.494e+07	1.780e+07	2.065e+07	
-48.600	1.338e+07	1.463e+07	1.307e+07	1.447e+07	1.338e+07	1.229e+07	1.027e+07	1.043e+07	1.105e+07	1.167e+07	1.183e+07	1.338e+07	1.354e+07	1.058e+07	6.691e+06	6.380e+06	7.002e+06	9.647e+06	1.416e+07	1.229e+07	1.712e+07	2.038e+07	2.427e+07	2.365e+07	3.019e+07	3.657e+07	3.174e+07	2.925e+07	2.272e+07	1.758e+07	1.338e+07	1.011e+07	9.025e+06	8.091e+06	6.068e+06	6.224e+06	7.624e+06	5.913e+06	6.380e+06	4.979e+06	4.668e+06	3.734e+06	3.734e+06	4.201e+06	4.046e+06	4.046e+06	4.512e+06	3.268e+06	3.579e+06	4.512e+06	4.824e+06	6.535e+06	4.201e+06	3.890e+06	3.890e+06	2.178e+06	1.245e+06	1.556e+06	1.245e+06	7.780e+05	6.224e+05	6.224e+05	4.668e+05	7.780e+05	7.780e+05	4.668e+05	0.000e+00	6.224e+05	6.224e+05	4.668e+05	0.000e+00	3.112e+05	7.780e+05	1.556e+06	7.780e+05	1.089e+06	2.178e+06	2.801e+06	1.245e+06	1.089e+06	1.245e+06	1.712e+06	1.556e+06	2.801e+06	3.890e+06	3.890e+06	7.002e+06	1.447e+07	1.929e+07	1.214e+07	8.247e+06	7.469e+06	1.525e+07	2.132e+07	2.147e+07	2.085e+07	2.225e+07	1.929e+07	1.276e+07	1.665e+07	
-45.000	1.732e+07	1.324e+07	1.164e+07	1.382e+07	1.077e+07	8.877e+06	9.022e+06	9.459e+06	1.004e+07	1.324e+07	1.208e+07	1.688e+07	1.353e+07	7.567e+06	8.004e+06	8.149e+06	6.694e+06	1.179e+07	1.484e+07	1.644e+07	1.921e+07	2.518e+07	2.823e+07	2.925e+07	4.016e+07	4.031e+07	2.925e+07	2.241e+07	1.659e+07	1.353e+07	5.966e+06	6.985e+06	7.713e+06	6.403e+06	4.802e+06	3.784e+06	4.220e+06	4.366e+06	6.112e+06	4.657e+06	3.493e+06	4.366e+06	4.075e+06	3.347e+06	4.220e+06	3.201e+06	1.892e+06	1.892e+06	1.019e+06	5.821e+05	7.276e+05	4.366e+05	1.019e+06	5.821e+05	5.821e+05	4.366e+05	2.910e+05	7.276e+05	5.821e+05	4.366e+05	1.455e+05	7.276e+05	1.164e+06	1.455e+05	5.821e+05	5.821e+05	7.276e+05	5.821e+05	1.019e+06	4.366e+05	1.310e+06	1.455e+06	1.310e+06	1.310e+06	1.019e+06	5.821e+05	2.910e+05	2.037e+06	1.746e+06	4.366e+05	1.310e+06	1.310e+06	1.746e+06	3.493e+06	6.985e+06	1.659e+07	2.649e+07	2.896e+07	2.561e+07	1.484e+07	6.112e+06	6.840e+06	1.033e+07	1.499e+07	1.950e+07	2.125e+07	2.663e+07	2.154e+07	2.387e+07	1.746e+07	
-41.400	1.728e+07	1.632e+07	1.399e+07	1.331e+07	1.413e+07	1.180e+07	1.235e+07	1.015e+07	1.193e+07	1.495e+07	1.564e+07	1.358e+07	1.276e+07	1.015e+07	9.877e+06	8.231e+06	1.139e+07	1.756e+07	2.154e+07	2.030e+07	2.524e+07	2.826e+07	2.990e+07	3.484e+07	4.047e+07	3.992e+07	2.963e+07	2.373e+07	1.331e+07	7.133e+06	6.722e+06	4.390e+06	3.841e+06	4.527e+06	4.527e+06	2.332e+06	1.783e+06	2.469e+06	2.469e+06	5.213e+06	3.841e+06	3.567e+06	3.018e+06	1.920e+06	1.235e+06	2.881e+06	1.783e+06	1.097e+06	6.859e+05	2.744e+05	1.235e+06	6.859e+05	8.231e+05	2.744e+05	0.000e+00	1.372e+05	2.744e+05	2.744e+05	2.744e+05	5.487e+05	2.744e+05	5.487e+05	4.115e+05	1.372e+05	8.231e+05	9.602e+05	1.372e+05	1.372e+06	6.859e+05	1.646e+06	1.372e+06	8.231e+05	1.783e+06	1.920e+06	1.372e+06	1.372e+06	1.372e+06	1.235e+06	2.195e+06	1.509e+06	3.978e+06	1.084e+07	2.003e+07	2.346e+07	2.771e+07	2.510e+07	1.824e+07	1.509e+07	1.509e+07	9.877e+06	7.956e+06	5.487e+06	6.036e+06	7.682e+06	7.819e+06	1.097e+07	1.427e+07	1.536e+07	1.962e+07	2.016e+07	
-37.800	1.289e+07	1.406e+07	1.485e+07	1.237e+07	1.172e+07	1.081e+07	9.506e+06	1.302e+07	1.550e+07	1.992e+07	1.628e+07	1.445e+07	1.380e+07	1.029e+07	1.159e+07	1.276e+07	1.693e+07	1.966e+07	2.696e+07	2.891e+07	3.177e+07	3.438e+07	3.659e+07	3.985e+07	4.076e+07	3.946e+07	2.696e+07	1.784e+07	1.133e+07	6.381e+06	3.646e+06	1.563e+06	2.214e+06	1.172e+06	9.116e+05	6.511e+05	6.511e+05	7.813e+05	7.813e+05	1.432e+06	1.302e+06	7.813e+05	1.563e+06	2.084e+06	1.432e+06	1.172e+06	2.214e+06	9.116e+05	6.511e+05	5.209e+05	6.511e+05	3.907e+05	3.907e+05	1.302e+05	2.604e+05	3.907e+05	2.604e+05	2.604e+05	2.604e+05	1.302e+05	2.604e+05	5.209e+05	3.907e+05	3.907e+05	6.511e+05	6.511e+05	2.604e+05	9.116e+05	6.511e+05	7.813e+05	9.116e+05	1.042e+06	1.302e+06	1.172e+06	5.209e+05	1.042e+06	1.432e+06	4.948e+06	1.107e+07	1.680e+07	1.432e+07	1.784e+07	2.031e+07	1.706e+07	1.419e+07	1.055e+07	9.636e+06	6.120e+06	5.469e+06	4.818e+06	4.428e+06	2.865e+06	1.172e+06	1.432e+06	2.214e+06	3.646e+06	7.553e+06	8.074e+06	1.107e+07	1.315e+07	
-34.200	7.091e+06	6.967e+06	6.842e+06	7.340e+06	8.086e+06	9.579e+06	1.306e+07	1.655e+07	1.468e+07	1.580e+07	1.306e+07	1.418e+07	1.331e+07	1.356e+07	1.306e+07	1.505e+07	2.015e+07	2.476e+07	3.334e+07	3.371e+07	3.844e+07	4.080e+07	4.304e+07	5.063e+07	4.553e+07	3.608e+07	1.941e+07	1.169e+07	5.971e+06	3.732e+06	1.244e+06	9.952e+05	4.976e+05	6.220e+05	3.732e+05	0.000e+00	0.000e+00	0.000e+00	3.732e+05	1.244e+05	0.000e+00	6.220e+05	3.732e+05	7.464e+05	2.488e+05	1.368e+06	7.464e+05	4.976e+05	1.244e+05	2.488e+05	3.732e+05	3.732e+05	3.732e+05	0.000e+00	1.244e+05	1.244e+05	2.488e+05	1.244e+05	1.244e+05	3.732e+05	0.000e+00	0.000e+00	2.488e+05	1.244e+05	7.464e+05	1.244e+05	6.220e+05	8.708e+05	1.493e+06	2.239e+06	1.866e+06	2.737e+06	2.986e+06	3.608e+06	5.349e+06	6.096e+06	5.474e+06	6.345e+06	9.330e+06	7.340e+06	7.340e+06	7.589e+06	8.833e+06	5.847e+06	4.852e+06	4.852e+06	2.737e+06	2.239e+06	2.986e+06	1.244e+06	2.488e+06	1.493e+06	9.952e+05	1.493e+06	1.866e+06	3.981e+06	3.483e+06	3.483e+06	6.842e+06	6.967e+06	
-30.600	3.228e+06	4.303e+06	4.423e+06	4.662e+06	6.335e+06	7.411e+06	1.004e+07	1.207e+07	1.399e+07	1.219e+07	1.243e+07	1.494e+07	1.506e+07	1.171e+07	1.171e+07	1.662e+07	1.972e+07	2.773e+07	4.483e+07	4.220e+07	5.188e+07	5.451e+07	5.798e+07	6.061e+07	5.128e+07	3.012e+07	1.662e+07	6.455e+06	3.347e+06	8.368e+05	9.563e+05	2.391e+05	0.000e+00	1.195e+05	0.000e+00	2.391e+05	0.000e+00	0.000e+00	1.195e+05	1.195e+05	4.781e+05	0.000e+00	3.586e+05	1.195e+05	7.172e+05	3.586e+05	9.563e+05	4.781e+05	8.368e+05	8.368e+05	7.172e+05	1.554e+06	1.674e+06	1.076e+06	4.781e+05	7.172e+05	1.076e+06	9.563e+05	8.368e+05	4.781e+05	1.315e+06	1.195e+05	1.554e+06	1.076e+06	1.554e+06	1.913e+06	3.228e+06	5.499e+06	5.618e+06	5.021e+06	6.335e+06	4.901e+06	3.825e+06	3.467e+06	1.913e+06	2.152e+06	1.674e+06	1.434e+06	2.510e+06	2.391e+06	3.825e+06	3.347e+06	3.586e+06	2.152e+06	2.152e+06	1.793e+06	1.554e+06	1.913e+06	2.391e+06	1.674e+06	1.793e+06	1.674e+06	1.674e+06	1.793e+06	2.271e+06	2.032e+06	3.228e+06	2.988e+06	4.901e+06	4.064e+06	
-27.000	2.771e+06	2.540e+06	1.732e+06	2.771e+06	3.464e+06	5.658e+06	7.159e+06	8.083e+06	8.199e+06	1.501e+07	2.113e+07	1.836e+07	1.570e+07	4.111e+07	6.663e+07	5.277e+07	2.390e+07	3.222e+07	3.545e+07	4.965e+07	6.617e+07	7.564e+07	8.372e+07	8.095e+07	4.815e+07	2.621e+07	1.062e+07	7.390e+06	5.427e+06	1.848e+06	4.619e+05	1.155e+05	0.000e+00	1.155e+05	0.000e+00	0.000e+00	0.000e+00	0.000e+00	0.000e+00	0.000e+00	0.000e+00	1.155e+05	0.000e+00	1.155e+05	1.155e+05	2.309e+05	1.155e+05	5.774e+05	1.155e+05	0.000e+00	4.619e+05	1.039e+06	4.619e+05	4.619e+05	2.309e+05	1.155e+05	8.083e+05	3.464e+05	0.000e+00	4.619e+05	2.309e+05	0.000e+00	5.774e+05	5.774e+05	8.083e+05	1.270e+06	1.501e+06	2.771e+06	3.233e+06	1.848e+06	1.039e+06	5.774e+05	5.774e+05	4.619e+05	3.464e+05	6.928e+05	6.928e+05	1.039e+06	1.501e+06	1.155e+06	1.386e+06	2.194e+06	1.963e+06	9.238e+05	1.617e+06	1.963e+06	1.732e+06	1.732e+06	2.079e+06	1.848e+06	2.079e+06	1.848e+06	2.540e+06	1.732e+06	2.194e+06	2.656e+06	2.656e+06	1.501e+06	2.079e+06	2.194e+06	
-23.400	2.354e+06	2.915e+06	2.242e+06	2.578e+06	5.045e+06	6.390e+06	8.968e+06	1.256e+07	1.704e+07	2.276e+07	2.130e+07	9.081e+06	6.502e+06	1.536e+07	3.161e+07	3.139e+07	2.646e+07	3.341e+07	4.069e+07	5.359e+07	6.625e+07	7.713e+07	9.305e+07	8.217e+07	5.235e+07	2.152e+07	1.782e+07	2.590e+07	3.475e+06	3.363e+05	2.242e+05	0.000e+00	0.000e+00	0.000e+00	0.000e+00	0.000e+00	0.000e+00	0.000e+00	0.000e+00	0.000e+00	0.000e+00	0.000e+00	0.000e+00	0.000e+00	0.000e+00	0.000e+00	0.000e+00	0.000e+00	0.000e+00	0.000e+00	2.242e+05	0.000e+00	0.000e+00	0.000e+00	0.000e+00	0.000e+00	0.000e+00	0.000e+00	1.121e+05	1.121e+05	0.000e+00	1.121e+05	1.121e+05	2.242e+05	6.726e+05	2.242e+05	5.605e+05	1.009e+06	1.121e+06	4.484e+05	5.605e+05	3.363e+05	1.121e+05	1.121e+05	3.363e+05	5.605e+05	4.484e+05	4.484e+05	6.726e+05	8.968e+05	1.121e+06	5.605e+05	2.018e+06	1.233e+06	1.233e+06	2.130e+06	1.794e+06	2.803e+06	2.691e+06	2.691e+06	2.578e+06	2.915e+06	2.915e+06	2.242e+06	2.130e+06	2.242e+06	2.242e+06	2.130e+06	2.354e+06	3.139e+06	
-19.800	4.264e+06	3.280e+06	3.499e+06	4.483e+06	6.233e+06	6.561e+06	8.529e+06	1.093e+07	9.732e+06	9.841e+06	4.811e+06	3.062e+06	4.155e+06	2.734e+06	2.515e+06	2.952e+06	3.062e+06	2.515e+06	2.089e+07	6.112e+07	6.047e+07	5.511e+07	5.948e+07	6.965e+07	3.652e+07	2.067e+07	1.257e+07	8.748e+06	1.203e+06	5.467e+05	1.093e+05	0.000e+00	0.000e+00	0.000e+00	0.000e+00	0.000e+00	0.000e+00	0.000e+00	0.000e+00	0.000e+00	0.000e+00	0.000e+00	0.000e+00	0.000e+00	0.000e+00	0.000e+00	0.000e+00	0.000e+00	0.000e+00	0.000e+00	0.000e+00	0.000e+00	1.093e+05	0.000e+00	0.000e+00	0.000e+00	0.000e+00	0.000e+00	0.000e+00	0.000e+00	0.000e+00	0.000e+00	0.000e+00	0.000e+00	0.000e+00	0.000e+00	3.280e+05	2.187e+05	5.467e+05	3.280e+05	1.093e+05	1.093e+05	0.000e+00	0.000e+00	1.093e+05	0.000e+00	1.093e+05	1.093e+05	3.280e+05	2.187e+05	8.748e+05	2.187e+05	3.280e+05	6.561e+05	7.654e+05	1.312e+06	1.750e+06	1.531e+06	1.750e+06	1.859e+06	1.968e+06	3.936e+06	2.734e+06	3.062e+06	4.046e+06	2.952e+06	2.078e+06	4.264e+06	4.155e+06	4.046e+06	
-16.200	6.428e+06	5.142e+06	5.892e+06	6.749e+06	5.999e+06	6.642e+06	5.892e+06	5.571e+06	5.142e+06	5.142e+06	3.428e+06	2.785e+06	2.893e+06	2.250e+06	2.464e+06	1.500e+06	1.714e+06	1.178e+06	2.250e+06	8.999e+06	1.714e+07	2.036e+07	1.950e+07	1.414e+07	6.214e+06	4.178e+06	4.714e+06	1.071e+06	5.357e+05	0.000e+00	0.000e+00	0.000e+00	0.000e+00	0.000e+00	0.000e+00	0.000e+00	0.000e+00	0.000e+00	1.071e+05	0.000e+00	0.000e+00	0.000e+00	0.000e+00	0.000e+00	0.000e+00	0.000e+00	0.000e+00	0.000e+00	0.000e+00	0.000e+00	0.000e+00	0.000e+00	0.000e+00	0.000e+00	0.000e+00	0.000e+00	0.000e+00	0.000e+00	0.000e+00	0.000e+00	0.000e+00	0.000e+00	0.000e+00	0.000e+00	0.000e+00	0.000e+00	0.000e+00	0.000e+00	3.214e+05	0.000e+00	0.000e+00	0.000e+00	0.000e+00	0.000e+00	1.071e+05	1.071e+05	1.071e+05	1.071e+05	0.000e+00	3.214e+05	3.214e+05	5.357e+05	7.499e+05	6.428e+05	6.428e+05	1.393e+06	1.286e+06	1.393e+06	1.178e+06	1.607e+06	1.821e+06	2.893e+06	3.000e+06	3.000e+06	4.714e+06	3.750e+06	3.857e+06	5.999e+06	7.178e+06	6.856e+06	
-12.600	6.957e+06	7.484e+06	6.325e+06	4.533e+06	4.849e+06	5.271e+06	3.373e+06	3.057e+06	3.584e+06	2.530e+06	2.741e+06	1.160e+06	1.265e+06	1.897e+06	1.897e+06	1.160e+06	5.271e+05	7.379e+05	1.897e+06	1.370e+06	2.003e+06	2.003e+06	3.268e+06	1.160e+06	1.265e+06	8.433e+05	5.271e+05	2.108e+05	2.108e+05	1.054e+05	0.000e+00	0.000e+00	0.000e+00	0.000e+00	0.000e+00	0.000e+00	0.000e+00	0.000e+00	0.000e+00	0.000e+00	0.000e+00	0.000e+00	0.000e+00	0.000e+00	0.000e+00	0.000e+00	0.000e+00	0.000e+00	0.000e+00	0.000e+00	0.000e+00	0.000e+00	0.000e+00	0.000e+00	0.000e+00	0.000e+00	0.000e+00	0.000e+00	0.000e+00	0.000e+00	0.000e+00	0.000e+00	0.000e+00	0.000e+00	1.054e+05	0.000e+00	0.000e+00	0.000e+00	0.000e+00	0.000e+00	0.000e+00	0.000e+00	1.054e+05	0.000e+00	0.000e+00	0.000e+00	1.054e+05	1.054e+05	0.000e+00	3.162e+05	3.162e+05	2.108e+05	3.162e+05	4.217e+05	4.217e+05	8.433e+05	2.108e+05	1.265e+06	2.108e+06	2.741e+06	2.108e+06	3.057e+06	2.214e+06	3.268e+06	4.111e+06	5.798e+06	6.430e+06	6.641e+06	9.382e+06	8.855e+06	
-9.000	6.457e+06	5.520e+06	4.374e+06	5.312e+06	4.479e+06	1.666e+06	1.875e+06	1.979e+06	1.458e+06	1.666e+06	4.166e+05	4.166e+05	6.249e+05	3.125e+05	9.374e+05	7.291e+05	1.250e+06	1.250e+06	7.291e+05	1.354e+06	1.042e+06	5.208e+05	1.042e+06	7.291e+05	4.166e+05	2.083e+05	0.000e+00	0.000e+00	1.042e+05	0.000e+00	0.000e+00	0.000e+00	0.000e+00	0.000e+00	0.000e+00	0.000e+00	0.000e+00	0.000e+00	0.000e+00	0.000e+00	0.000e+00	1.042e+05	0.000e+00	0.000e+00	0.000e+00	0.000e+00	0.000e+00	0.000e+00	0.000e+00	0.000e+00	0.000e+00	0.000e+00	0.000e+00	0.000e+00	0.000e+00	0.000e+00	0.000e+00	0.000e+00	0.000e+00	0.000e+00	0.000e+00	0.000e+00	0.000e+00	0.000e+00	0.000e+00	0.000e+00	0.000e+00	0.000e+00	0.000e+00	0.000e+00	0.000e+00	0.000e+00	0.000e+00	0.000e+00	0.000e+00	0.000e+00	0.000e+00	0.000e+00	0.000e+00	1.042e+05	0.000e+00	1.042e+05	0.000e+00	4.166e+05	3.125e+05	9.374e+05	1.042e+06	1.042e+06	1.562e+06	1.562e+06	1.771e+06	1.458e+06	2.708e+06	2.500e+06	4.062e+06	3.645e+06	4.166e+06	6.562e+06	7.603e+06	7.811e+06	
-5.400	3.410e+06	3.513e+06	2.480e+06	2.376e+06	2.066e+06	2.066e+06	1.447e+06	1.343e+06	1.343e+06	2.066e+05	3.100e+05	2.066e+05	1.033e+05	1.033e+05	3.100e+05	4.133e+05	3.100e+05	5.166e+05	1.550e+06	7.233e+05	6.199e+05	5.166e+05	3.100e+05	1.033e+05	2.066e+05	0.000e+00	0.000e+00	0.000e+00	0.000e+00	1.033e+05	1.033e+05	1.033e+05	0.000e+00	0.000e+00	0.000e+00	0.000e+00	0.000e+00	0.000e+00	0.000e+00	0.000e+00	0.000e+00	0.000e+00	0.000e+00	0.000e+00	0.000e+00	0.000e+00	0.000e+00	0.000e+00	0.000e+00	0.000e+00	0.000e+00	0.000e+00	0.000e+00	0.000e+00	0.000e+00	0.000e+00	0.000e+00	0.000e+00	0.000e+00	0.000e+00	0.000e+00	0.000e+00	0.000e+00	0.000e+00	0.000e+00	0.000e+00	0.000e+00	0.000e+00	0.000e+00	0.000e+00	0.000e+00	0.000e+00	0.000e+00	0.000e+00	0.000e+00	0.000e+00	0.000e+00	0.000e+00	1.033e+05	0.000e+00	0.000e+00	0.000e+00	5.166e+05	3.100e+05	3.100e+05	7.233e+05	1.137e+06	9.299e+05	1.447e+06	1.240e+06	1.447e+06	1.963e+06	2.273e+06	3.203e+06	2.583e+06	3.100e+06	2.583e+06	3.306e+06	3.513e+06	5.063e+06	
-1.800	3.705e+06	3.087e+06	2.779e+06	1.750e+06	1.647e+06	6.175e+05	2.058e+05	3.087e+05	7.204e+05	3.087e+05	2.058e+05	2.058e+05	1.029e+05	0.000e+00	2.058e+05	2.058e+05	2.058e+05	1.029e+05	5.146e+05	1.338e+06	1.029e+06	0.000e+00	1.029e+05	0.000e+00	0.000e+00	0.000e+00	1.029e+05	0.000e+00	0.000e+00	0.000e+00	0.000e+00	0.000e+00	0.000e+00	0.000e+00	0.000e+00	0.000e+00	0.000e+00	0.000e+00	0.000e+00	0.000e+00	0.000e+00	0.000e+00	0.000e+00	0.000e+00	0.000e+00	0.000e+00	0.000e+00	0.000e+00	0.000e+00	0.000e+00	0.000e+00	0.000e+00	0.000e+00	0.000e+00	0.000e+00	0.000e+00	0.000e+00	0.000e+00	0.000e+00	0.000e+00	0.000e+00	0.000e+00	0.000e+00	0.000e+00	0.000e+00	0.000e+00	0.000e+00	0.000e+00	0.000e+00	0.000e+00	0.000e+00	0.000e+00	0.000e+00	0.000e+00	0.000e+00	0.000e+00	0.000e+00	1.029e+05	1.029e+05	0.000e+00	0.000e+00	1.029e+05	3.087e+05	2.058e+05	2.058e+05	3.087e+05	3.087e+05	1.132e+06	7.204e+05	1.132e+06	1.544e+06	2.264e+06	1.544e+06	1.647e+06	1.955e+06	2.470e+06	2.058e+06	2.367e+06	2.470e+06	2.573e+06	
1.800	1.647e+06	1.544e+06	1.235e+06	1.338e+06	1.441e+06	3.087e+05	7.203e+05	4.116e+05	5.145e+05	1.029e+05	3.087e+05	1.029e+05	1.029e+05	0.000e+00	2.058e+05	1.029e+05	0.000e+00	0.000e+00	1.029e+05	7.203e+05	1.441e+06	3.087e+05	5.145e+05	2.058e+05	1.029e+05	0.000e+00	0.000e+00	0.000e+00	0.000e+00	0.000e+00	0.000e+00	0.000e+00	0.000e+00	0.000e+00	0.000e+00	0.000e+00	0.000e+00	0.000e+00	0.000e+00	0.000e+00	0.000e+00	0.000e+00	0.000e+00	0.000e+00	0.000e+00	0.000e+00	0.000e+00	0.000e+00	0.000e+00	0.000e+00	0.000e+00	0.000e+00	0.000e+00	0.000e+00	0.000e+00	0.000e+00	0.000e+00	0.000e+00	0.000e+00	0.000e+00	0.000e+00	0.000e+00	0.000e+00	0.000e+00	0.000e+00	0.000e+00	0.000e+00	0.000e+00	0.000e+00	0.000e+00	0.000e+00	0.000e+00	0.000e+00	0.000e+00	0.000e+00	0.000e+00	0.000e+00	0.000e+00	0.000e+00	0.000e+00	2.058e+05	0.000e+00	2.058e+05	2.058e+05	2.058e+05	2.058e+05	9.262e+05	3.087e+05	5.145e+05	1.029e+06	5.145e+05	4.116e+05	1.029e+06	1.338e+06	1.132e+06	1.338e+06	1.235e+06	1.852e+06	1.235e+06	1.235e+06	
5.400	9.298e+05	7.232e+05	3.099e+05	6.199e+05	5.165e+05	2.066e+05	4.132e+05	0.000e+00	2.066e+05	0.000e+00	0.000e+00	0.000e+00	1.033e+05	0.000e+00	0.000e+00	2.066e+05	0.000e+00	0.000e+00	0.000e+00	2.066e+05	6.199e+05	4.132e+05	5.165e+05	2.066e+05	1.033e+05	0.000e+00	0.000e+00	0.000e+00	0.000e+00	0.000e+00	0.000e+00	0.000e+00	0.000e+00	0.000e+00	0.000e+00	0.000e+00	0.000e+00	0.000e+00	0.000e+00	0.000e+00	0.000e+00	0.000e+00	0.000e+00	0.000e+00	0.000e+00	0.000e+00	0.000e+00	0.000e+00	0.000e+00	0.000e+00	0.000e+00	0.000e+00	0.000e+00	0.000e+00	0.000e+00	0.000e+00	0.000e+00	0.000e+00	0.000e+00	0.000e+00	0.000e+00	0.000e+00	0.000e+00	0.000e+00	0.000e+00	0.000e+00	0.000e+00	0.000e+00	0.000e+00	0.000e+00	0.000e+00	0.000e+00	0.000e+00	0.000e+00	0.000e+00	0.000e+00	0.000e+00	0.000e+00	0.000e+00	0.000e+00	1.033e+05	0.000e+00	0.000e+00	1.033e+05	2.066e+05	1.033e+05	2.066e+05	6.199e+05	5.165e+05	5.165e+05	2.066e+05	4.132e+05	4.132e+05	6.199e+05	4.132e+05	8.265e+05	1.446e+06	7.232e+05	9.298e+05	8.265e+05	
9.000	4.165e+05	3.124e+05	2.083e+05	4.165e+05	1.041e+05	0.000e+00	0.000e+00	4.165e+05	3.124e+05	1.041e+05	2.083e+05	1.041e+05	0.000e+00	0.000e+00	0.000e+00	0.000e+00	0.000e+00	0.000e+00	0.000e+00	1.041e+05	0.000e+00	2.083e+05	2.083e+05	6.248e+05	4.165e+05	1.041e+05	0.000e+00	0.000e+00	0.000e+00	0.000e+00	0.000e+00	0.000e+00	0.000e+00	0.000e+00	0.000e+00	0.000e+00	0.000e+00	0.000e+00	0.000e+00	0.000e+00	0.000e+00	0.000e+00	0.000e+00	0.000e+00	0.000e+00	0.000e+00	0.000e+00	0.000e+00	0.000e+00	0.000e+00	0.000e+00	0.000e+00	0.000e+00	0.000e+00	0.000e+00	0.000e+00	0.000e+00	0.000e+00	0.000e+00	0.000e+00	0.000e+00	0.000e+00	0.000e+00	0.000e+00	0.000e+00	0.000e+00	0.000e+00	0.000e+00	0.000e+00	0.000e+00	0.000e+00	0.000e+00	0.000e+00	0.000e+00	0.000e+00	0.000e+00	0.000e+00	0.000e+00	0.000e+00	0.000e+00	0.000e+00	0.000e+00	0.000e+00	0.000e+00	0.000e+00	3.124e+05	1.041e+05	3.124e+05	1.041e+05	2.083e+05	0.000e+00	1.041e+05	0.000e+00	0.000e+00	1.041e+05	2.083e+05	2.083e+05	3.124e+05	3.124e+05	2.083e+05	
12.600	1.054e+05	4.215e+05	1.054e+05	2.108e+05	0.000e+00	0.000e+00	0.000e+00	0.000e+00	0.000e+00	1.054e+05	0.000e+00	0.000e+00	0.000e+00	0.000e+00	0.000e+00	0.000e+00	0.000e+00	0.000e+00	0.000e+00	0.000e+00	0.000e+00	1.054e+05	2.108e+05	2.108e+05	0.000e+00	1.054e+05	0.000e+00	0.000e+00	0.000e+00	0.000e+00	0.000e+00	0.000e+00	0.000e+00	0.000e+00	0.000e+00	0.000e+00	0.000e+00	0.000e+00	0.000e+00	0.000e+00	0.000e+00	0.000e+00	0.000e+00	0.000e+00	0.000e+00	0.000e+00	0.000e+00	0.000e+00	0.000e+00	0.000e+00	0.000e+00	0.000e+00	0.000e+00	0.000e+00	0.000e+00	0.000e+00	0.000e+00	0.000e+00	0.000e+00	0.000e+00	0.000e+00	0.000e+00	0.000e+00	0.000e+00	0.000e+00	0.000e+00	0.000e+00	0.000e+00	0.000e+00	0.000e+00	0.000e+00	0.000e+00	0.000e+00	0.000e+00	0.000e+00	0.000e+00	0.000e+00	0.000e+00	0.000e+00	0.000e+00	0.000e+00	0.000e+00	0.000e+00	0.000e+00	0.000e+00	3.161e+05	2.108e+05	0.000e+00	0.000e+00	0.000e+00	0.000e+00	1.054e+05	0.000e+00	0.000e+00	1.054e+05	0.000e+00	1.054e+05	1.054e+05	1.054e+05	0.000e+00	
16.200	4.283e+05	2.142e+05	3.212e+05	2.142e+05	0.000e+00	0.000e+00	0.000e+00	0.000e+00	0.000e+00	0.000e+00	1.071e+05	0.000e+00	0.000e+00	0.000e+00	0.000e+00	0.000e+00	0.000e+00	0.000e+00	0.000e+00	0.000e+00	0.000e+00	0.000e+00	0.000e+00	1.071e+05	0.000e+00	0.000e+00	0.000e+00	0.000e+00	0.000e+00	0.000e+00	0.000e+00	0.000e+00	0.000e+00	0.000e+00	0.000e+00	0.000e+00	0.000e+00	0.000e+00	0.000e+00	0.000e+00	0.000e+00	0.000e+00	0.000e+00	0.000e+00	0.000e+00	0.000e+00	0.000e+00	0.000e+00	0.000e+00	0.000e+00	0.000e+00	0.000e+00	0.000e+00	0.000e+00	0.000e+00	0.000e+00	0.000e+00	0.000e+00	0.000e+00	0.000e+00	0.000e+00	0.000e+00	0.000e+00	0.000e+00	0.000e+00	0.000e+00	0.000e+00	0.000e+00	0.000e+00	0.000e+00	0.000e+00	0.000e+00	0.000e+00	0.000e+00	0.000e+00	0.000e+00	0.000e+00	0.000e+00	0.000e+00	0.000e+00	0.000e+00	0.000e+00	0.000e+00	1.071e+05	0.000e+00	0.000e+00	1.071e+05	2.142e+05	0.000e+00	0.000e+00	0.000e+00	0.000e+00	0.000e+00	2.142e+05	0.000e+00	0.000e+00	0.000e+00	1.071e+05	1.071e+05	0.000e+00	
19.800	0.000e+00	0.000e+00	0.000e+00	0.000e+00	0.000e+00	0.000e+00	0.000e+00	0.000e+00	0.000e+00	0.000e+00	1.093e+05	0.000e+00	0.000e+00	0.000e+00	0.000e+00	0.000e+00	0.000e+00	0.000e+00	0.000e+00	0.000e+00	0.000e+00	0.000e+00	0.000e+00	0.000e+00	0.000e+00	0.000e+00	0.000e+00	0.000e+00	0.000e+00	0.000e+00	0.000e+00	0.000e+00	0.000e+00	0.000e+00	0.000e+00	0.000e+00	0.000e+00	0.000e+00	0.000e+00	0.000e+00	0.000e+00	0.000e+00	0.000e+00	0.000e+00	0.000e+00	0.000e+00	0.000e+00	0.000e+00	0.000e+00	0.000e+00	0.000e+00	0.000e+00	0.000e+00	0.000e+00	0.000e+00	0.000e+00	0.000e+00	0.000e+00	0.000e+00	0.000e+00	0.000e+00	0.000e+00	0.000e+00	0.000e+00	0.000e+00	0.000e+00	0.000e+00	0.000e+00	0.000e+00	0.000e+00	0.000e+00	0.000e+00	0.000e+00	0.000e+00	0.000e+00	0.000e+00	0.000e+00	0.000e+00	0.000e+00	0.000e+00	0.000e+00	0.000e+00	0.000e+00	0.000e+00	0.000e+00	2.186e+05	0.000e+00	0.000e+00	0.000e+00	1.093e+05	0.000e+00	0.000e+00	0.000e+00	0.000e+00	0.000e+00	0.000e+00	0.000e+00	0.000e+00	0.000e+00	0.000e+00	
23.400	0.000e+00	0.000e+00	0.000e+00	0.000e+00	0.000e+00	1.120e+05	0.000e+00	0.000e+00	0.000e+00	0.000e+00	0.000e+00	0.000e+00	0.000e+00	0.000e+00	0.000e+00	0.000e+00	0.000e+00	0.000e+00	0.000e+00	0.000e+00	0.000e+00	0.000e+00	0.000e+00	0.000e+00	0.000e+00	0.000e+00	0.000e+00	0.000e+00	0.000e+00	0.000e+00	0.000e+00	0.000e+00	0.000e+00	0.000e+00	0.000e+00	0.000e+00	0.000e+00	0.000e+00	0.000e+00	0.000e+00	0.000e+00	0.000e+00	0.000e+00	0.000e+00	0.000e+00	0.000e+00	0.000e+00	0.000e+00	0.000e+00	0.000e+00	0.000e+00	0.000e+00	0.000e+00	0.000e+00	0.000e+00	0.000e+00	0.000e+00	0.000e+00	0.000e+00	0.000e+00	0.000e+00	0.000e+00	0.000e+00	0.000e+00	0.000e+00	0.000e+00	0.000e+00	0.000e+00	0.000e+00	0.000e+00	0.000e+00	0.000e+00	0.000e+00	0.000e+00	0.000e+00	0.000e+00	0.000e+00	0.000e+00	0.000e+00	0.000e+00	0.000e+00	1.120e+05	0.000e+00	1.120e+05	1.120e+05	0.000e+00	0.000e+00	0.000e+00	3.361e+05	1.120e+05	0.000e+00	0.000e+00	0.000e+00	0.000e+00	0.000e+00	0.000e+00	0.000e+00	0.000e+00	0.000e+00	1.120e+05	
27.000	1.154e+05	0.000e+00	0.000e+00	1.154e+05	0.000e+00	0.000e+00	0.000e+00	0.000e+00	1.154e+05	0.000e+00	0.000e+00	0.000e+00	0.000e+00	0.000e+00	0.000e+00	0.000e+00	0.000e+00	0.000e+00	0.000e+00	0.000e+00	0.000e+00	0.000e+00	0.000e+00	0.000e+00	0.000e+00	0.000e+00	0.000e+00	0.000e+00	0.000e+00	0.000e+00	0.000e+00	0.000e+00	0.000e+00	0.000e+00	0.000e+00	0.000e+00	0.000e+00	0.000e+00	0.000e+00	0.000e+00	0.000e+00	0.000e+00	0.000e+00	0.000e+00	0.000e+00	0.000e+00	0.000e+00	0.000e+00	0.000e+00	0.000e+00	0.000e+00	0.000e+00	0.000e+00	0.000e+00	0.000e+00	0.000e+00	0.000e+00	0.000e+00	0.000e+00	0.000e+00	0.000e+00	0.000e+00	0.000e+00	0.000e+00	0.000e+00	0.000e+00	0.000e+00	0.000e+00	0.000e+00	0.000e+00	0.000e+00	0.000e+00	0.000e+00	0.000e+00	0.000e+00	0.000e+00	0.000e+00	0.000e+00	0.000e+00	0.000e+00	0.000e+00	1.154e+05	0.000e+00	1.154e+05	0.000e+00	0.000e+00	2.308e+05	1.154e+05	3.461e+05	3.461e+05	0.000e+00	0.000e+00	1.154e+05	0.000e+00	0.000e+00	0.000e+00	1.154e+05	1.154e+05	1.154e+05	0.000e+00	
30.600	1.194e+05	7.165e+05	2.388e+05	0.000e+00	1.194e+05	0.000e+00	0.000e+00	0.000e+00	0.000e+00	0.000e+00	0.000e+00	0.000e+00	0.000e+00	0.000e+00	0.000e+00	0.000e+00	0.000e+00	0.000e+00	0.000e+00	0.000e+00	0.000e+00	0.000e+00	0.000e+00	0.000e+00	0.000e+00	0.000e+00	0.000e+00	0.000e+00	0.000e+00	0.000e+00	0.000e+00	0.000e+00	0.000e+00	0.000e+00	0.000e+00	0.000e+00	0.000e+00	0.000e+00	0.000e+00	0.000e+00	0.000e+00	0.000e+00	0.000e+00	0.000e+00	0.000e+00	0.000e+00	0.000e+00	0.000e+00	0.000e+00	0.000e+00	0.000e+00	0.000e+00	0.000e+00	0.000e+00	0.000e+00	0.000e+00	0.000e+00	0.000e+00	0.000e+00	0.000e+00	0.000e+00	0.000e+00	0.000e+00	0.000e+00	0.000e+00	0.000e+00	0.000e+00	0.000e+00	0.000e+00	0.000e+00	0.000e+00	0.000e+00	0.000e+00	0.000e+00	0.000e+00	0.000e+00	0.000e+00	0.000e+00	1.194e+05	1.194e+05	2.388e+05	1.194e+05	2.388e+05	1.194e+05	0.000e+00	2.388e+05	1.194e+05	3.583e+05	3.583e+05	3.583e+05	2.388e+05	3.583e+05	0.000e+00	1.194e+05	0.000e+00	1.194e+05	0.000e+00	0.000e+00	1.194e+05	0.000e+00	
34.200	2.485e+05	3.728e+05	0.000e+00	1.243e+05	0.000e+00	0.000e+00	0.000e+00	0.000e+00	0.000e+00	0.000e+00	0.000e+00	0.000e+00	0.000e+00	0.000e+00	0.000e+00	0.000e+00	0.000e+00	0.000e+00	0.000e+00	0.000e+00	0.000e+00	0.000e+00	0.000e+00	0.000e+00	0.000e+00	1.243e+05	0.000e+00	0.000e+00	0.000e+00	0.000e+00	0.000e+00	0.000e+00	0.000e+00	0.000e+00	0.000e+00	0.000e+00	0.000e+00	0.000e+00	0.000e+00	0.000e+00	0.000e+00	0.000e+00	0.000e+00	0.000e+00	0.000e+00	0.000e+00	0.000e+00	0.000e+00	0.000e+00	0.000e+00	0.000e+00	0.000e+00	0.000e+00	0.000e+00	0.000e+00	0.000e+00	0.000e+00	0.000e+00	0.000e+00	0.000e+00	0.000e+00	0.000e+00	0.000e+00	0.000e+00	0.000e+00	0.000e+00	0.000e+00	0.000e+00	0.000e+00	0.000e+00	0.000e+00	0.000e+00	0.000e+00	0.000e+00	0.000e+00	0.000e+00	0.000e+00	1.243e+05	1.243e+05	2.485e+05	1.243e+05	3.728e+05	3.728e+05	0.000e+00	3.728e+05	2.485e+05	1.243e+05	2.485e+05	6.214e+05	6.214e+05	7.456e+05	3.728e+05	7.456e+05	0.000e+00	2.485e+05	2.485e+05	4.971e+05	2.485e+05	6.214e+05	7.456e+05	
37.800	2.471e+06	1.561e+06	2.601e+05	2.601e+05	0.000e+00	0.000e+00	0.000e+00	0.000e+00	0.000e+00	0.000e+00	0.000e+00	0.000e+00	0.000e+00	0.000e+00	0.000e+00	0.000e+00	0.000e+00	0.000e+00	0.000e+00	0.000e+00	0.000e+00	0.000e+00	0.000e+00	1.301e+05	6.503e+05	5.202e+05	1.301e+05	0.000e+00	0.000e+00	0.000e+00	0.000e+00	0.000e+00	0.000e+00	0.000e+00	0.000e+00	0.000e+00	0.000e+00	0.000e+00	0.000e+00	0.000e+00	0.000e+00	0.000e+00	0.000e+00	0.000e+00	0.000e+00	0.000e+00	0.000e+00	0.000e+00	0.000e+00	0.000e+00	0.000e+00	0.000e+00	0.000e+00	0.000e+00	0.000e+00	0.000e+00	0.000e+00	0.000e+00	0.000e+00	0.000e+00	0.000e+00	0.000e+00	0.000e+00	0.000e+00	0.000e+00	0.000e+00	0.000e+00	0.000e+00	0.000e+00	0.000e+00	0.000e+00	0.000e+00	0.000e+00	0.000e+00	0.000e+00	1.301e+05	0.000e+00	0.000e+00	2.601e+05	2.601e+05	6.503e+05	9.104e+05	1.040e+06	3.902e+05	1.040e+06	9.104e+05	2.601e+05	5.202e+05	7.804e+05	1.431e+06	1.951e+06	1.951e+06	9.104e+05	5.202e+05	1.040e+06	6.503e+05	1.431e+06	7.804e+05	1.691e+06	2.471e+06	
41.400	3.836e+06	2.740e+06	1.781e+06	6.849e+05	0.000e+00	0.000e+00	0.000e+00	0.000e+00	0.000e+00	0.000e+00	0.000e+00	0.000e+00	0.000e+00	0.000e+00	0.000e+00	0.000e+00	0.000e+00	0.000e+00	0.000e+00	0.000e+00	1.370e+05	5.479e+05	2.603e+06	5.342e+06	2.192e+06	2.192e+06	1.096e+06	1.370e+05	0.000e+00	0.000e+00	0.000e+00	0.000e+00	0.000e+00	0.000e+00	0.000e+00	0.000e+00	0.000e+00	0.000e+00	0.000e+00	0.000e+00	0.000e+00	0.000e+00	0.000e+00	0.000e+00	0.000e+00	0.000e+00	0.000e+00	0.000e+00	0.000e+00	0.000e+00	0.000e+00	0.000e+00	0.000e+00	0.000e+00	0.000e+00	0.000e+00	0.000e+00	0.000e+00	0.000e+00	0.000e+00	0.000e+00	0.000e+00	0.000e+00	0.000e+00	0.000e+00	0.000e+00	0.000e+00	0.000e+00	0.000e+00	0.000e+00	0.000e+00	0.000e+00	0.000e+00	2.740e+05	0.000e+00	0.000e+00	0.000e+00	0.000e+00	1.370e+05	5.479e+05	5.479e+05	8.219e+05	1.233e+06	1.507e+06	1.233e+06	8.219e+05	1.233e+06	1.096e+06	8.219e+05	1.370e+06	1.918e+06	3.699e+06	2.740e+06	3.699e+06	4.520e+06	3.425e+06	3.151e+06	5.479e+06	6.712e+06	3.836e+06	
45.000	9.008e+06	6.683e+06	3.487e+06	5.812e+05	8.717e+05	0.000e+00	5.812e+05	5.812e+05	2.906e+05	5.812e+05	1.453e+05	0.000e+00	0.000e+00	0.000e+00	0.000e+00	0.000e+00	0.000e+00	0.000e+00	0.000e+00	1.453e+05	1.017e+06	4.504e+06	5.230e+06	2.906e+06	1.308e+06	1.162e+06	7.265e+05	0.000e+00	0.000e+00	0.000e+00	0.000e+00	0.000e+00	0.000e+00	0.000e+00	0.000e+00	0.000e+00	0.000e+00	0.000e+00	0.000e+00	0.000e+00	0.000e+00	0.000e+00	0.000e+00	0.000e+00	0.000e+00	0.000e+00	0.000e+00	0.000e+00	0.000e+00	0.000e+00	0.000e+00	0.000e+00	0.000e+00	0.000e+00	0.000e+00	0.000e+00	0.000e+00	0.000e+00	0.000e+00	0.000e+00	0.000e+00	0.000e+00	0.000e+00	0.000e+00	0.000e+00	0.000e+00	1.453e+05	0.000e+00	0.000e+00	0.000e+00	0.000e+00	0.000e+00	0.000e+00	2.906e+05	1.453e+05	2.906e+05	1.453e+05	0.000e+00	1.162e+06	2.179e+06	1.308e+06	2.034e+06	2.615e+06	1.308e+06	3.487e+06	2.615e+06	2.325e+06	3.778e+06	3.196e+06	2.179e+06	4.795e+06	4.213e+06	6.538e+06	6.247e+06	7.119e+06	8.282e+06	9.299e+06	9.589e+06	9.008e+06	1.061e+07	
48.600	9.319e+06	9.475e+06	5.281e+06	3.262e+06	1.553e+06	5.747e+06	8.698e+06	9.475e+06	8.077e+06	3.572e+06	7.766e+05	0.000e+00	4.660e+05	0.000e+00	3.106e+05	1.553e+05	0.000e+00	0.000e+00	3.572e+06	1.351e+07	3.433e+07	1.014e+08	1.079e+08	5.467e+07	7.921e+06	1.553e+05	0.000e+00	1.553e+05	0.000e+00	0.000e+00	0.000e+00	0.000e+00	0.000e+00	0.000e+00	0.000e+00	0.000e+00	0.000e+00	0.000e+00	0.000e+00	0.000e+00	0.000e+00	0.000e+00	0.000e+00	0.000e+00	0.000e+00	0.000e+00	0.000e+00	0.000e+00	0.000e+00	0.000e+00	0.000e+00	0.000e+00	0.000e+00	0.000e+00	0.000e+00	0.000e+00	0.000e+00	0.000e+00	0.000e+00	1.553e+05	0.000e+00	3.106e+05	1.553e+05	0.000e+00	0.000e+00	3.106e+05	3.106e+05	0.000e+00	1.553e+05	1.553e+05	1.553e+05	3.106e+05	4.660e+05	1.553e+05	4.660e+05	4.660e+05	1.398e+06	4.660e+05	1.243e+06	1.398e+06	2.330e+06	2.796e+06	3.883e+06	5.126e+06	4.970e+06	5.281e+06	5.126e+06	5.592e+06	5.747e+06	5.592e+06	4.660e+06	7.455e+06	1.398e+07	9.785e+06	8.232e+06	1.289e+07	1.010e+07	1.010e+07	1.134e+07	1.041e+07	
52.200	5.529e+06	5.529e+06	5.362e+06	5.864e+06	1.072e+07	1.743e+07	2.228e+07	2.128e+07	1.508e+07	1.726e+07	3.351e+07	6.082e+07	9.467e+07	1.149e+08	8.059e+07	4.725e+07	4.273e+07	4.306e+07	7.724e+07	1.111e+08	1.201e+08	1.047e+08	1.044e+08	1.071e+08	8.478e+07	4.926e+07	7.875e+06	5.026e+05	0.000e+00	0.000e+00	0.000e+00	0.000e+00	0.000e+00	0.000e+00	0.000e+00	0.000e+00	0.000e+00	0.000e+00	0.000e+00	0.000e+00	0.000e+00	0.000e+00	0.000e+00	0.000e+00	0.000e+00	0.000e+00	0.000e+00	0.000e+00	0.000e+00	0.000e+00	1.675e+05	1.675e+05	0.000e+00	1.675e+05	0.000e+00	0.000e+00	0.000e+00	1.675e+05	0.000e+00	0.000e+00	1.675e+05	1.675e+05	5.026e+05	6.702e+05	5.026e+05	1.675e+05	1.005e+06	5.026e+05	6.702e+05	3.351e+05	1.005e+06	8.377e+05	5.026e+05	1.340e+06	6.702e+05	6.702e+05	5.026e+05	8.377e+05	1.173e+06	1.675e+06	2.011e+06	2.681e+06	3.183e+06	3.016e+06	5.026e+06	6.032e+06	6.199e+06	6.534e+06	1.005e+07	6.032e+06	8.713e+06	7.037e+06	5.362e+06	4.189e+06	4.021e+06	4.859e+06	3.351e+06	3.686e+06	4.189e+06	5.864e+06	
55.800	1.279e+06	9.132e+05	2.374e+06	1.461e+06	2.009e+06	5.297e+06	6.758e+06	8.950e+06	9.498e+06	1.553e+07	2.210e+07	2.685e+07	2.995e+07	3.817e+07	4.986e+07	8.347e+07	1.096e+08	9.516e+07	9.626e+07	1.147e+08	1.238e+08	1.224e+08	1.081e+08	7.543e+07	5.151e+07	6.941e+07	9.808e+07	1.107e+08	4.767e+07	1.826e+05	1.826e+05	1.826e+05	0.000e+00	0.000e+00	0.000e+00	0.000e+00	0.000e+00	0.000e+00	0.000e+00	0.000e+00	0.000e+00	0.000e+00	0.000e+00	0.000e+00	0.000e+00	0.000e+00	0.000e+00	0.000e+00	0.000e+00	1.096e+06	1.644e+06	1.461e+06	5.479e+05	7.306e+05	1.826e+05	5.479e+05	3.653e+05	5.479e+05	5.479e+05	1.096e+06	1.096e+06	1.096e+06	2.740e+06	3.288e+06	4.566e+06	2.374e+06	3.288e+06	3.105e+06	5.479e+06	2.922e+06	2.374e+06	2.557e+06	1.279e+06	1.461e+06	1.279e+06	1.279e+06	1.096e+06	1.279e+06	1.096e+06	1.461e+06	2.192e+06	1.279e+06	1.826e+06	2.557e+06	2.557e+06	2.740e+06	2.557e+06	1.826e+06	2.009e+06	2.009e+06	5.479e+05	5.479e+05	1.826e+05	7.306e+05	1.826e+05	7.306e+05	9.132e+05	1.096e+06	7.306e+05	9.132e+05	
59.400	1.815e+06	2.218e+06	4.032e+06	2.419e+06	2.419e+06	4.435e+06	4.435e+06	6.452e+06	1.048e+07	1.190e+07	9.879e+06	9.073e+06	1.915e+07	4.173e+07	7.419e+07	6.512e+07	5.363e+07	5.786e+07	5.565e+07	6.290e+07	7.278e+07	6.694e+07	5.524e+07	5.262e+07	4.315e+07	3.185e+07	2.863e+07	3.448e+07	7.117e+07	5.706e+07	9.073e+07	6.734e+07	3.891e+07	1.956e+07	1.290e+07	2.460e+07	1.532e+07	2.077e+07	6.573e+07	7.823e+07	4.577e+07	5.222e+07	4.899e+07	5.040e+07	5.242e+07	2.923e+07	1.512e+07	3.387e+07	5.242e+06	7.500e+07	6.653e+07	4.194e+07	7.157e+07	2.218e+07	1.472e+07	2.419e+07	1.431e+07	9.879e+06	1.552e+07	1.431e+07	2.359e+07	2.742e+07	3.286e+07	2.944e+07	3.831e+07	3.528e+07	3.669e+07	4.093e+07	4.315e+07	4.234e+07	4.274e+07	3.548e+07	2.722e+07	1.895e+07	1.250e+07	6.048e+06	3.629e+06	2.218e+06	1.008e+06	1.210e+06	1.008e+06	6.048e+05	6.048e+05	1.210e+06	2.016e+05	4.032e+05	2.016e+05	2.016e+05	2.016e+05	0.000e+00	0.000e+00	2.016e+05	0.000e+00	2.016e+05	0.000e+00	2.016e+05	4.032e+05	6.048e+05	1.008e+06	2.218e+06	
63.000	2.260e+06	2.938e+06	2.712e+06	3.615e+06	3.615e+06	6.553e+06	6.553e+06	1.017e+07	7.683e+06	7.457e+06	1.039e+07	1.243e+07	2.282e+07	4.903e+07	5.288e+07	3.864e+07	4.158e+07	3.638e+07	4.339e+07	4.452e+07	4.655e+07	5.129e+07	5.491e+07	4.384e+07	3.570e+07	2.915e+07	2.599e+07	1.672e+07	9.717e+06	1.311e+07	1.198e+07	1.243e+07	2.486e+07	3.661e+07	4.248e+07	3.683e+07	3.638e+07	3.367e+07	2.734e+07	2.779e+07	2.079e+07	1.717e+07	1.853e+07	1.627e+07	1.604e+07	1.537e+07	1.356e+07	1.582e+07	5.875e+06	3.615e+06	9.039e+05	1.130e+06	2.260e+05	0.000e+00	2.486e+06	3.615e+06	2.260e+06	2.034e+06	1.808e+06	9.039e+05	6.779e+05	2.712e+06	1.808e+06	6.327e+06	5.875e+06	7.683e+06	1.537e+07	2.463e+07	2.802e+07	4.790e+07	6.124e+07	7.457e+07	7.954e+07	8.361e+07	7.683e+07	7.638e+07	5.536e+07	3.954e+07	2.486e+07	8.813e+06	2.260e+06	9.039e+05	6.779e+05	2.260e+05	0.000e+00	2.260e+05	4.519e+05	0.000e+00	0.000e+00	0.000e+00	0.000e+00	0.000e+00	0.000e+00	0.000e+00	0.000e+00	0.000e+00	2.260e+05	0.000e+00	2.034e+06	2.034e+06	
66.600	3.098e+06	1.549e+06	4.389e+06	3.873e+06	6.196e+06	7.745e+06	1.136e+07	1.033e+07	8.520e+06	8.520e+06	8.778e+06	1.394e+07	3.253e+07	3.692e+07	3.227e+07	2.788e+07	2.607e+07	2.246e+07	2.349e+07	2.117e+07	2.530e+07	2.917e+07	2.866e+07	3.201e+07	3.305e+07	3.718e+07	3.589e+07	3.046e+07	3.279e+07	2.040e+07	1.239e+07	9.810e+06	9.810e+06	5.938e+06	2.840e+06	3.614e+06	2.065e+06	1.807e+06	2.324e+06	0.000e+00	2.065e+06	2.065e+06	5.163e+05	1.033e+06	2.582e+06	2.324e+06	3.614e+06	4.905e+06	2.582e+06	4.389e+06	2.840e+06	4.905e+06	3.873e+06	2.582e+06	2.324e+06	1.291e+06	2.582e+05	5.163e+05	0.000e+00	0.000e+00	0.000e+00	0.000e+00	2.582e+05	5.163e+05	0.000e+00	2.582e+05	0.000e+00	2.582e+05	2.065e+06	7.745e+06	1.368e+07	2.478e+07	2.478e+07	4.363e+07	4.260e+07	4.337e+07	5.138e+07	6.764e+07	7.229e+07	5.860e+07	4.311e+07	2.969e+07	1.213e+07	4.905e+06	2.840e+06	0.000e+00	2.582e+05	2.582e+05	5.163e+05	2.582e+05	0.000e+00	5.163e+05	0.000e+00	2.582e+05	2.582e+05	0.000e+00	5.163e+05	1.033e+06	3.873e+06	2.582e+06	
70.200	4.839e+06	3.630e+06	6.049e+06	6.957e+06	4.839e+06	9.679e+06	1.240e+07	1.482e+07	1.482e+07	1.210e+07	1.149e+07	1.633e+07	2.873e+07	2.783e+07	2.299e+07	2.450e+07	1.603e+07	1.452e+07	1.059e+07	1.301e+07	1.059e+07	9.679e+06	1.664e+07	1.391e+07	1.603e+07	2.329e+07	3.115e+07	3.206e+07	3.599e+07	3.267e+07	2.813e+07	2.692e+07	2.147e+07	1.240e+07	9.376e+06	4.839e+06	6.957e+06	2.420e+06	2.722e+06	6.049e+06	9.679e+06	2.147e+07	2.873e+07	3.055e+07	3.478e+07	3.630e+07	3.599e+07	3.660e+07	3.630e+07	4.023e+07	4.355e+07	4.083e+07	3.992e+07	3.146e+07	3.539e+07	2.510e+07	2.147e+07	6.654e+06	2.117e+06	6.049e+05	1.210e+06	1.210e+06	1.210e+06	1.210e+06	0.000e+00	1.512e+06	1.815e+06	1.815e+06	2.722e+06	4.537e+06	5.747e+06	1.149e+07	1.785e+07	3.236e+07	4.174e+07	3.418e+07	3.630e+07	4.507e+07	4.355e+07	5.263e+07	5.021e+07	5.928e+07	4.325e+07	3.115e+07	1.906e+07	6.352e+06	2.117e+06	2.117e+06	2.117e+06	2.420e+06	6.049e+05	9.074e+05	1.210e+06	1.815e+06	9.074e+05	9.074e+05	2.722e+06	4.234e+06	6.957e+06	2.722e+06	
73.800	1.944e+07	2.274e+07	2.458e+07	1.431e+07	1.724e+07	1.908e+07	1.284e+07	1.761e+07	2.091e+07	1.871e+07	2.385e+07	1.541e+07	1.908e+07	2.678e+07	2.385e+07	2.201e+07	1.174e+07	1.467e+07	1.137e+07	1.064e+07	1.137e+07	9.171e+06	6.603e+06	8.438e+06	9.171e+06	9.171e+06	6.970e+06	5.136e+06	1.027e+07	1.027e+07	1.944e+07	2.238e+07	1.871e+07	2.568e+07	2.054e+07	1.908e+07	1.724e+07	1.211e+07	1.211e+07	1.688e+07	3.265e+07	4.879e+07	5.796e+07	7.631e+07	6.897e+07	4.696e+07	5.283e+07	7.190e+07	7.924e+07	8.254e+07	6.860e+07	6.347e+07	4.989e+07	5.833e+07	4.586e+07	4.219e+07	4.292e+07	2.825e+07	1.577e+07	5.870e+06	2.935e+06	4.402e+06	1.101e+06	2.935e+06	1.101e+06	7.337e+05	1.101e+06	2.201e+06	7.337e+05	1.467e+06	3.302e+06	6.236e+06	8.071e+06	1.137e+07	1.834e+07	2.128e+07	2.348e+07	2.054e+07	2.238e+07	4.366e+07	3.889e+07	5.650e+07	4.989e+07	3.632e+07	2.201e+07	1.284e+07	1.247e+07	8.438e+06	6.603e+06	7.337e+06	8.438e+06	8.804e+06	1.064e+07	9.171e+06	1.724e+07	2.164e+07	3.008e+07	2.458e+07	2.788e+07	2.678e+07	
77.400	2.623e+07	2.529e+07	2.810e+07	2.529e+07	2.764e+07	2.998e+07	2.623e+07	2.904e+07	2.155e+07	2.108e+07	2.014e+07	2.717e+07	2.436e+07	2.202e+07	2.061e+07	1.967e+07	1.171e+07	1.218e+07	1.077e+07	7.963e+06	4.216e+06	4.216e+06	3.279e+06	6.089e+06	5.621e+06	6.558e+06	3.747e+06	1.874e+06	2.342e+06	3.279e+06	3.279e+06	1.405e+06	2.810e+06	2.810e+06	5.153e+06	4.684e+06	7.963e+06	1.031e+07	1.124e+07	1.218e+07	1.733e+07	2.810e+07	4.075e+07	6.464e+07	6.183e+07	7.588e+07	6.277e+07	7.541e+07	6.089e+07	6.183e+07	4.122e+07	2.951e+07	2.529e+07	2.670e+07	1.593e+07	8.431e+06	7.026e+06	2.342e+06	4.684e+06	5.153e+06	5.621e+06	1.031e+07	1.546e+07	1.218e+07	1.499e+07	1.312e+07	7.963e+06	4.216e+06	2.810e+06	1.405e+06	1.405e+06	3.279e+06	4.684e+06	5.153e+06	7.495e+06	1.077e+07	1.124e+07	1.265e+07	1.312e+07	1.686e+07	1.967e+07	2.717e+07	2.202e+07	1.593e+07	1.967e+07	1.593e+07	1.358e+07	1.874e+07	1.499e+07	1.031e+07	1.546e+07	1.967e+07	2.202e+07	2.670e+07	2.623e+07	3.092e+07	4.122e+07	3.513e+07	3.654e+07	2.857e+07	
81.000	1.824e+07	1.889e+07	1.824e+07	1.433e+07	1.563e+07	2.475e+07	2.214e+07	1.759e+07	2.931e+07	2.931e+07	3.387e+07	2.149e+07	2.084e+07	2.084e+07	1.237e+07	2.019e+07	1.889e+07	1.433e+07	1.693e+07	1.237e+07	1.563e+07	1.303e+07	8.467e+06	9.118e+06	5.862e+06	3.908e+06	7.164e+06	1.954e+06	2.605e+06	1.954e+06	1.954e+06	1.303e+06	1.954e+06	2.605e+06	1.303e+06	3.256e+06	6.513e+05	6.513e+05	6.513e+05	0.000e+00	3.256e+06	1.954e+06	1.303e+06	1.303e+06	4.559e+06	5.862e+06	1.954e+07	2.019e+07	1.889e+07	1.237e+07	7.164e+06	2.605e+06	1.303e+06	6.513e+05	0.000e+00	0.000e+00	0.000e+00	6.513e+05	1.954e+06	1.954e+06	2.605e+06	3.256e+06	3.908e+06	2.605e+06	7.816e+06	7.164e+06	5.862e+06	1.954e+06	2.605e+06	1.954e+06	3.908e+06	1.954e+06	6.513e+06	3.256e+06	5.210e+06	5.862e+06	4.559e+06	7.816e+06	7.816e+06	3.908e+06	3.908e+06	9.118e+06	1.172e+07	3.908e+06	1.107e+07	1.107e+07	1.172e+07	1.824e+07	1.628e+07	1.693e+07	1.759e+07	2.345e+07	2.670e+07	3.191e+07	3.647e+07	3.712e+07	3.712e+07	2.735e+07	1.954e+07	1.172e+07	
84.600	1.075e+07	4.302e+06	9.679e+06	6.452e+06	1.613e+07	1.183e+07	9.679e+06	7.528e+06	1.075e+07	6.452e+06	1.183e+07	1.828e+07	1.398e+07	1.398e+07	1.506e+07	1.506e+07	1.290e+07	1.936e+07	1.828e+07	1.075e+07	1.506e+07	1.398e+07	1.075e+07	6.452e+06	1.075e+07	3.226e+06	5.377e+06	4.302e+06	1.183e+07	1.398e+07	5.377e+06	1.290e+07	1.075e+07	1.290e+07	1.721e+07	6.452e+06	1.290e+07	9.679e+06	1.290e+07	1.613e+07	1.290e+07	1.721e+07	1.936e+07	1.613e+07	1.613e+07	1.828e+07	2.258e+07	3.011e+07	2.151e+07	2.258e+07	1.398e+07	3.226e+06	4.302e+06	1.075e+06	2.151e+06	1.075e+06	0.000e+00	2.151e+06	3.226e+06	2.151e+06	0.000e+00	0.000e+00	3.226e+06	3.226e+06	5.377e+06	6.452e+06	4.302e+06	4.302e+06	5.377e+06	4.302e+06	4.302e+06	2.151e+06	4.302e+06	1.075e+06	6.452e+06	4.302e+06	9.679e+06	4.302e+06	4.302e+06	8.603e+06	1.183e+07	4.302e+06	7.528e+06	7.528e+06	1.506e+07	1.183e+07	9.679e+06	2.151e+06	1.936e+07	1.290e+07	1.398e+07	2.258e+07	1.183e+07	8.603e+06	1.613e+07	9.679e+06	1.613e+07	9.679e+06	7.528e+06	1.290e+07	
88.200	3.118e+06	6.236e+06	0.000e+00	9.355e+06	0.000e+00	0.000e+00	1.247e+07	0.000e+00	9.355e+06	9.355e+06	6.236e+06	1.247e+07	9.355e+06	6.236e+06	0.000e+00	0.000e+00	9.355e+06	6.236e+06	3.118e+06	6.236e+06	6.236e+06	3.118e+06	6.236e+06	3.118e+06	6.236e+06	6.236e+06	9.355e+06	1.871e+07	1.247e+07	9.355e+06	3.118e+06	9.355e+06	1.247e+07	1.559e+07	6.236e+06	1.871e+07	0.000e+00	9.355e+06	2.183e+07	1.247e+07	9.355e+06	2.495e+07	1.247e+07	2.183e+07	1.247e+07	1.559e+07	1.871e+07	6.236e+06	1.559e+07	1.559e+07	1.559e+07	1.559e+07	3.118e+06	1.247e+07	6.236e+06	3.118e+06	3.118e+06	3.118e+06	0.000e+00	1.247e+07	3.118e+06	9.355e+06	3.118e+06	3.118e+06	3.118e+06	3.118e+06	0.000e+00	0.000e+00	3.118e+06	0.000e+00	9.355e+06	3.118e+06	6.236e+06	1.871e+07	0.000e+00	3.118e+06	1.559e+07	3.118e+06	9.355e+06	3.118e+06	1.247e+07	1.247e+07	6.236e+06	9.355e+06	1.247e+07	1.559e+07	9.355e+06	9.355e+06	3.118e+06	9.355e+06	3.118e+06	6.236e+06	1.559e+07	9.355e+06	1.247e+07	1.247e+07	3.118e+06	6.236e+06	6.236e+06	0.000e+00	
