#
# Electrons precipitation map
# Simulation setup: southward IMF, same Solar wind as Aizawa et al. (2021)
# Simulation code: iPIC3D
# Simulation path: /home/flavorenti/Bureau/data_simu_iPIC3D/Mercury_SaeInit/PR1/minusBz-newbox/texts/
# Output: Mean energy (temp+ram) pcls per bin, units eV
# Output minimum: 1e-3
# Grid X-Axis (first row): local time [hours] from 0 to 24 with 50 equispaced bins
# Grid Y-Axis (first column): latitude [deg.] from -90 to 90 with 26 equispaced bins
# Signature: Federico Lavorenti
#
nan	0.240	0.720	1.200	1.680	2.160	2.640	3.120	3.600	4.080	4.560	5.040	5.520	6.000	6.480	6.960	7.440	7.920	8.400	8.880	9.360	9.840	10.320	10.800	11.280	11.760	12.240	12.720	13.200	13.680	14.160	14.640	15.120	15.600	16.080	16.560	17.040	17.520	18.000	18.480	18.960	19.440	19.920	20.400	20.880	21.360	21.840	22.320	22.800	23.280	23.760	
-86.538	nan	nan	nan	nan	nan	nan	nan	nan	nan	nan	nan	nan	nan	nan	nan	nan	nan	nan	nan	nan	nan	nan	nan	nan	nan	nan	nan	nan	nan	nan	nan	nan	nan	nan	nan	nan	nan	nan	nan	nan	nan	nan	nan	nan	nan	nan	nan	nan	nan	nan	
-79.615	nan	nan	nan	nan	nan	nan	nan	nan	nan	nan	nan	nan	nan	nan	nan	nan	nan	nan	nan	nan	nan	nan	nan	nan	nan	nan	nan	nan	nan	nan	nan	nan	nan	nan	nan	nan	nan	nan	nan	nan	nan	nan	nan	nan	nan	nan	nan	nan	nan	nan	
-72.692	nan	nan	nan	nan	nan	nan	nan	nan	nan	nan	nan	nan	nan	nan	nan	nan	nan	nan	nan	nan	nan	nan	nan	nan	nan	nan	nan	nan	nan	nan	nan	nan	nan	nan	nan	nan	nan	nan	nan	nan	nan	nan	nan	nan	nan	nan	nan	nan	nan	nan	
-65.769	nan	nan	nan	nan	nan	nan	nan	nan	nan	nan	nan	nan	nan	nan	nan	nan	nan	nan	nan	nan	nan	nan	nan	nan	nan	nan	nan	nan	nan	nan	nan	nan	nan	nan	nan	nan	nan	nan	nan	nan	nan	nan	nan	nan	nan	nan	nan	nan	nan	nan	
-58.846	nan	nan	nan	nan	nan	nan	nan	nan	nan	nan	nan	nan	nan	nan	nan	nan	nan	nan	nan	5883.421	6053.009	5229.732	5665.747	5462.066	nan	nan	nan	nan	nan	nan	nan	nan	nan	nan	nan	nan	nan	nan	nan	nan	nan	nan	nan	nan	nan	nan	nan	nan	nan	nan	
-51.923	nan	nan	nan	nan	4952.038	4647.501	nan	nan	nan	nan	nan	nan	nan	nan	nan	nan	nan	4206.875	5264.656	5132.061	5195.710	5055.942	5620.254	nan	nan	4488.453	nan	5197.684	nan	nan	nan	nan	nan	nan	nan	nan	nan	nan	nan	nan	nan	nan	nan	nan	nan	nan	nan	nan	nan	nan	
-45.000	nan	nan	nan	4369.953	5021.006	4899.082	4457.498	nan	nan	nan	nan	nan	nan	nan	nan	4748.854	4967.813	4926.832	4939.298	5203.862	5414.669	4767.509	5588.525	5277.489	4747.133	4797.837	4919.359	5255.085	4423.980	4098.376	5236.742	4110.263	nan	nan	nan	nan	nan	nan	nan	nan	nan	nan	nan	nan	nan	nan	nan	nan	nan	nan	
-38.077	5348.578	nan	4691.749	5044.938	4993.152	5123.328	4467.230	nan	nan	nan	nan	nan	nan	5180.493	4844.890	5072.287	5025.177	4910.384	4703.610	5132.382	4924.702	4134.690	4592.142	5201.331	4687.343	5023.148	4767.773	4847.004	5011.718	5096.404	5082.148	4729.245	4744.202	4590.313	4633.997	4831.430	4274.631	nan	nan	nan	nan	nan	nan	nan	nan	nan	nan	4355.384	4809.473	4597.128	
-31.154	5298.782	4953.138	5189.348	5510.374	5659.453	5409.582	5280.618	5214.460	nan	nan	nan	5321.817	5043.471	5082.999	5072.056	5104.599	4644.282	4221.644	nan	nan	4683.671	4193.221	4605.837	4896.083	4730.927	4984.269	4878.989	4983.726	4824.880	4995.301	4901.127	4674.081	4505.513	4657.633	4827.133	4688.723	4535.224	4664.908	4668.038	nan	nan	nan	nan	nan	nan	nan	4679.751	4621.392	5134.183	5379.542	
-24.231	4990.864	5357.547	5454.345	5644.602	5446.134	5255.044	5383.112	4692.624	nan	4794.118	5132.283	5121.550	5101.846	5086.612	4975.492	5135.916	5381.919	4078.459	4361.963	4707.088	5231.502	4798.372	5285.558	4691.747	5055.824	5265.756	4872.662	4823.956	4928.323	4940.382	4840.748	4696.766	4422.497	4458.944	4742.616	4794.760	4747.625	4683.620	4413.017	4822.288	4642.991	4304.398	nan	nan	4119.580	nan	5025.679	5162.362	5237.970	5212.776	
-17.308	4628.659	5141.877	5208.049	5225.079	5144.777	5234.414	5240.494	5281.066	5190.418	5088.471	5039.661	5087.849	5087.576	5116.307	5038.054	4954.878	4923.543	nan	nan	4699.313	5325.298	nan	4161.636	4706.640	5120.903	5116.780	5887.678	4866.591	5202.309	nan	nan	nan	nan	nan	nan	nan	4561.007	4707.271	4597.514	4430.146	4461.363	4507.905	4783.848	4537.696	4441.319	4135.922	4241.129	4785.234	4977.470	4812.781	
-10.385	4750.958	4763.419	4833.126	4902.698	4988.944	5062.872	5027.259	5141.535	4997.108	4941.617	5068.969	5011.103	4896.442	4986.762	5056.342	4999.672	5086.248	5902.550	nan	5298.770	nan	4852.721	4403.208	4891.890	4846.512	5066.873	5042.891	nan	nan	nan	nan	4543.537	nan	nan	nan	nan	nan	nan	4976.453	4490.558	4523.131	4487.367	4442.982	4526.113	4434.943	4688.398	4663.676	4592.294	4677.112	4821.629	
-3.462	4805.667	4938.760	4957.055	4970.701	5002.838	5046.550	5041.427	4944.665	4964.915	4969.954	5036.904	5122.506	5175.427	5107.376	5003.740	5115.312	5608.934	nan	nan	nan	nan	4067.429	5909.040	5174.963	5091.456	4979.021	nan	nan	nan	nan	nan	nan	nan	nan	nan	nan	nan	nan	nan	nan	5277.671	4826.409	4722.589	4586.695	4863.704	4751.649	4806.608	4660.922	4749.717	4736.295	
3.462	5036.796	4976.312	5010.537	5035.089	5079.974	5042.989	4876.861	4873.423	4906.950	5042.786	5202.903	5106.396	5051.431	5032.340	5119.577	5191.616	4908.948	nan	nan	5333.623	nan	nan	nan	nan	4670.019	nan	nan	nan	nan	nan	nan	nan	nan	nan	nan	nan	nan	nan	nan	nan	nan	5601.040	5514.430	5052.490	4985.098	4802.707	4690.405	4900.210	5011.971	4851.137	
10.385	5049.622	5091.714	5178.146	5067.557	4894.653	4994.579	4838.391	4816.032	5027.935	5203.309	5700.862	6393.164	nan	5324.137	5263.493	5040.644	5465.259	nan	nan	nan	nan	nan	nan	nan	nan	nan	nan	4964.370	nan	nan	nan	nan	nan	nan	nan	nan	nan	nan	nan	nan	nan	nan	4816.334	nan	nan	nan	5339.506	4663.234	4625.378	4941.831	
17.308	4406.591	5123.480	4808.758	4826.787	4821.110	4743.548	4789.601	4753.135	5146.687	5179.083	nan	nan	nan	6142.933	5654.051	5339.103	5446.477	nan	nan	nan	nan	nan	nan	nan	nan	nan	nan	nan	nan	nan	nan	nan	nan	nan	nan	nan	nan	nan	nan	nan	nan	nan	nan	nan	nan	nan	5367.848	nan	nan	nan	
24.231	5010.528	4981.124	5013.439	4899.294	5054.747	4816.855	4740.865	4743.102	5015.220	5373.067	nan	5311.174	nan	nan	5516.178	5269.314	4725.975	nan	nan	nan	nan	nan	nan	nan	nan	nan	nan	nan	nan	nan	nan	nan	nan	nan	nan	nan	nan	nan	nan	nan	nan	nan	nan	nan	5364.361	5485.488	5218.649	6459.089	4771.344	5126.267	
31.154	4817.842	4858.503	4943.301	4905.210	5003.482	4957.744	4905.315	4779.575	4856.438	4855.103	4972.471	4964.302	4850.653	5227.487	4890.499	5238.245	5165.426	nan	nan	nan	nan	nan	nan	nan	nan	nan	nan	nan	4116.532	nan	nan	nan	nan	nan	nan	nan	nan	nan	nan	nan	nan	nan	nan	4412.810	4722.009	4894.844	4643.476	4767.595	4913.696	4758.612	
38.077	4862.557	4877.653	4933.201	4936.039	5003.332	4997.412	5037.628	5017.163	4945.691	4983.852	4986.534	4983.456	4977.033	4923.588	5035.237	5148.009	4740.903	nan	nan	nan	nan	nan	nan	nan	6107.304	5767.772	nan	nan	nan	nan	nan	nan	nan	nan	nan	nan	nan	nan	nan	nan	4497.344	4624.038	4444.957	4676.865	4571.677	4583.901	4568.833	4637.820	4677.663	4742.641	
45.000	5396.367	4994.140	5026.634	5128.407	5152.493	5232.246	5155.963	5224.491	5143.853	5140.934	5074.284	5070.442	5055.723	5044.871	5042.358	5061.685	5320.008	4058.945	4129.672	nan	4892.799	nan	nan	4879.487	5008.039	5063.178	nan	nan	5754.578	nan	nan	nan	nan	nan	nan	nan	nan	4848.611	5238.164	5150.429	5125.868	5152.745	5096.370	5039.129	4976.470	4956.749	5082.153	5136.558	5176.378	5152.481	
51.923	5559.213	5469.859	5466.755	5160.339	5229.689	5208.368	5194.672	4837.283	4849.266	5011.694	5008.505	5167.943	5059.435	5031.188	5067.143	4999.682	4843.334	4135.212	4598.679	4420.377	4604.783	4661.509	5131.946	4798.267	4724.134	4839.728	4923.724	5484.235	5418.770	5063.665	4935.024	4736.599	nan	4907.162	5224.412	5274.257	5292.493	5352.022	5468.611	5670.228	5617.261	5340.276	5022.562	5032.286	5070.981	5156.320	5155.335	5697.680	5640.090	5580.819	
58.846	5479.967	5427.598	5257.582	5104.115	4940.561	4832.210	5095.634	4795.676	5460.298	4793.819	4997.929	4723.434	4786.548	5223.045	4990.198	5043.125	5207.540	4856.501	4714.462	5138.838	4891.045	4517.142	4775.127	4632.420	4638.764	4604.476	5068.784	5272.379	5425.297	5543.887	5725.519	5665.945	5568.179	5460.701	5333.137	5185.035	5081.300	5070.918	5187.571	5041.061	4772.169	4727.174	4585.282	4781.213	4965.029	5146.708	5153.409	5242.672	5327.677	5416.207	
65.769	5113.362	5169.991	5038.418	5079.277	5023.574	4903.327	4997.310	4954.104	4909.314	nan	4422.089	5665.030	5580.097	4484.743	4693.296	4914.449	4802.277	4888.844	5016.760	4991.536	5035.968	4653.082	4872.915	4924.147	4984.116	4828.515	4621.857	4843.428	5018.957	5132.507	5124.152	5265.260	5121.895	5150.843	4845.165	4837.888	4846.233	5199.437	4948.693	5508.713	5995.639	5658.416	5285.579	5128.682	4670.794	4897.958	5025.816	5014.060	5061.052	5181.511	
72.692	5120.805	4835.625	4950.684	5032.456	4923.706	5305.948	4511.855	4501.995	nan	nan	nan	nan	nan	4240.352	5726.853	5048.692	5261.468	4614.205	4369.929	4440.297	5508.213	4602.868	5274.797	4846.947	5209.183	5038.256	5118.361	5181.205	4865.140	5407.279	5198.866	4928.960	4877.661	5398.567	5646.216	5276.299	5404.478	6351.748	4534.902	5547.060	5514.040	5256.973	5228.312	5773.655	5074.602	5011.871	5014.222	4836.934	4793.246	4937.014	
79.615	5892.627	nan	nan	nan	6483.507	nan	nan	nan	nan	nan	nan	6497.996	5364.592	5750.072	4439.015	4599.159	5677.641	4915.034	5343.736	5020.447	4672.874	5804.125	4390.031	5113.692	6239.224	nan	5794.270	6207.057	4772.895	nan	6188.170	nan	nan	nan	5660.322	6128.504	5775.257	5716.004	nan	5751.384	5601.343	5969.651	6087.878	5976.256	5596.757	nan	4759.455	5821.696	nan	5958.818	
86.538	6294.340	5613.016	5186.084	5885.617	5873.913	nan	6343.114	6643.743	4996.513	6583.287	4710.064	nan	6215.463	nan	6277.965	nan	5898.473	6538.544	nan	nan	6685.063	nan	nan	6014.676	nan	nan	5415.693	6309.393	nan	nan	nan	nan	nan	6578.322	nan	6637.566	6401.447	5760.346	5264.184	6244.855	6562.066	6169.138	nan	nan	nan	6304.946	5372.991	5853.583	nan	5904.679	
