#
# Electrons precipitation map
# Simulation setup: southward IMF, same Solar wind as Aizawa et al. (2021)
# Simulation code: iPIC3D
# Simulation path: /home/flavorenti/Bureau/data_simu_iPIC3D/Mercury_SaeInit/PR1/minusBz-newbox/texts/
# Output: Mean energy (Temperature) pcls per bin, units eV
# Output minimum: 1e-3
# Grid X-Axis (first row): local time [hours] from 0 to 24 with 100 equispaced bins
# Grid Y-Axis (first column): latitude [deg.] from -90 to 90 with 50 equispaced bins
# Signature: Federico Lavorenti
#
nan	0.120	0.360	0.600	0.840	1.080	1.320	1.560	1.800	2.040	2.280	2.520	2.760	3.000	3.240	3.480	3.720	3.960	4.200	4.440	4.680	4.920	5.160	5.400	5.640	5.880	6.120	6.360	6.600	6.840	7.080	7.320	7.560	7.800	8.040	8.280	8.520	8.760	9.000	9.240	9.480	9.720	9.960	10.200	10.440	10.680	10.920	11.160	11.400	11.640	11.880	12.120	12.360	12.600	12.840	13.080	13.320	13.560	13.800	14.040	14.280	14.520	14.760	15.000	15.240	15.480	15.720	15.960	16.200	16.440	16.680	16.920	17.160	17.400	17.640	17.880	18.120	18.360	18.600	18.840	19.080	19.320	19.560	19.800	20.040	20.280	20.520	20.760	21.000	21.240	21.480	21.720	21.960	22.200	22.440	22.680	22.920	23.160	23.400	23.640	23.880	
-88.200	0.000e+00	0.000e+00	0.000e+00	5.950e+01	0.000e+00	nan	nan	0.000e+00	nan	nan	nan	nan	nan	0.000e+00	nan	nan	nan	nan	0.000e+00	nan	0.000e+00	0.000e+00	1.016e+02	nan	0.000e+00	nan	0.000e+00	nan	nan	0.000e+00	nan	nan	nan	5.158e+01	nan	nan	nan	3.460e+01	nan	nan	nan	nan	0.000e+00	0.000e+00	0.000e+00	nan	nan	5.186e+01	0.000e+00	nan	0.000e+00	nan	nan	nan	nan	nan	nan	0.000e+00	nan	nan	nan	7.679e+01	nan	0.000e+00	5.898e+01	nan	nan	nan	nan	nan	0.000e+00	nan	nan	0.000e+00	0.000e+00	0.000e+00	1.620e+00	0.000e+00	0.000e+00	1.269e+01	0.000e+00	0.000e+00	nan	nan	nan	9.290e+01	0.000e+00	0.000e+00	nan	nan	nan	6.769e+01	nan	0.000e+00	nan	nan	9.004e+01	nan	0.000e+00	nan	
-84.600	8.507e+01	nan	6.210e+01	0.000e+00	0.000e+00	nan	nan	1.757e+01	0.000e+00	0.000e+00	0.000e+00	4.994e+01	2.206e+01	nan	nan	0.000e+00	0.000e+00	5.785e+01	0.000e+00	8.558e+01	9.472e+00	8.119e+01	1.533e+01	1.267e+02	nan	nan	nan	nan	nan	0.000e+00	9.785e+00	7.476e+01	2.389e+01	5.028e+01	0.000e+00	0.000e+00	5.113e+01	nan	0.000e+00	0.000e+00	9.846e+01	nan	7.195e+01	2.726e+01	0.000e+00	nan	0.000e+00	7.480e+01	0.000e+00	1.172e+02	0.000e+00	0.000e+00	1.508e+01	8.335e+00	0.000e+00	0.000e+00	7.072e+01	nan	2.072e+01	3.787e+00	nan	0.000e+00	7.272e+01	0.000e+00	8.116e+01	0.000e+00	0.000e+00	nan	5.622e+01	6.523e+01	0.000e+00	5.515e+01	nan	nan	6.389e+01	3.701e+00	7.155e+01	1.552e+01	nan	7.437e+01	0.000e+00	5.232e+00	nan	7.741e+00	2.082e+01	3.825e+01	8.476e+01	5.636e+01	4.107e+01	nan	0.000e+00	6.200e+01	4.380e+01	1.004e+02	4.861e+01	1.113e+00	nan	0.000e+00	0.000e+00	5.388e+01	
-81.000	6.625e+01	6.176e+01	8.607e+01	0.000e+00	8.834e+00	1.286e+01	nan	6.660e+01	2.586e+01	nan	0.000e+00	4.443e+01	8.206e+00	0.000e+00	nan	8.019e+01	0.000e+00	0.000e+00	nan	7.557e+01	6.072e+00	3.678e+01	5.005e+01	0.000e+00	0.000e+00	2.075e+01	4.166e+00	8.998e+00	6.092e+01	0.000e+00	5.803e+01	nan	5.083e+01	3.018e+01	9.340e+01	8.076e+01	0.000e+00	5.446e+01	0.000e+00	6.244e+01	2.636e+01	5.953e+01	3.652e+01	0.000e+00	3.847e+01	6.025e+01	5.819e+00	0.000e+00	5.589e+01	6.905e+01	1.080e+02	5.387e+01	8.612e+01	3.322e+01	7.543e+01	5.962e+01	6.169e+01	0.000e+00	0.000e+00	9.618e+01	nan	8.892e+01	0.000e+00	8.288e+01	7.782e+01	0.000e+00	7.663e+01	9.355e+00	0.000e+00	4.983e+01	3.018e+01	3.776e+01	7.352e+01	9.146e+01	1.928e+01	8.972e+01	6.959e+01	8.330e+01	6.493e+01	7.150e+01	9.352e+01	0.000e+00	6.846e+01	0.000e+00	nan	8.580e+01	5.157e+01	4.272e+00	0.000e+00	6.637e+01	5.998e+01	6.360e+01	5.056e+01	2.255e+01	0.000e+00	3.226e+01	nan	8.574e+01	0.000e+00	nan	
-77.400	2.057e+01	3.599e+01	2.658e+01	2.068e+01	3.894e+01	2.585e+01	2.977e+01	9.811e+01	6.029e+01	7.129e+01	2.526e+01	7.881e+00	9.988e+00	3.894e+00	3.005e+01	0.000e+00	4.235e+01	9.956e+01	3.977e+01	3.569e+01	4.935e+01	8.146e+01	7.000e+00	0.000e+00	0.000e+00	6.670e+01	7.266e+01	7.098e+00	5.920e+01	5.039e+00	3.487e+01	5.894e+01	5.953e+01	8.510e+01	1.117e+01	9.102e+01	5.018e+01	7.234e+01	5.155e+01	5.368e+01	2.287e+01	6.277e+01	7.174e+01	5.424e+00	7.041e+01	4.092e+01	1.648e+01	8.060e+01	8.788e+01	8.020e+01	9.773e+01	9.123e+01	6.976e+01	7.839e+01	4.119e+01	1.353e+02	9.812e+01	7.093e+00	7.088e+01	7.528e+01	3.759e+01	7.774e+01	5.974e+01	6.760e+01	3.315e+01	5.437e+01	4.319e+01	1.424e+02	6.152e+01	0.000e+00	2.560e+01	5.201e+01	7.680e+01	5.176e+01	7.828e+01	3.922e+01	6.156e+01	7.468e+01	9.241e+01	6.074e+01	5.958e+01	8.567e+01	9.343e+01	8.678e+01	1.261e+01	5.950e+01	4.329e+01	7.599e+01	8.635e+01	4.364e+00	2.914e+01	2.686e+01	3.785e+01	2.827e+01	4.574e+01	1.868e+01	4.838e+01	0.000e+00	4.474e+01	4.306e+01	
-73.800	3.518e+01	3.647e+01	2.451e+01	4.112e+01	2.400e+01	3.346e+01	2.395e+01	2.354e+01	1.772e+01	3.211e+01	1.418e+01	3.220e+01	3.567e+01	4.193e+01	4.092e+01	6.082e+01	nan	6.881e+01	4.847e+01	8.156e+01	7.147e+01	2.384e+01	1.902e+01	4.604e+00	0.000e+00	4.626e+00	5.417e+01	1.068e+02	nan	2.144e+01	8.955e+01	0.000e+00	2.555e+01	6.779e+01	4.839e+01	3.722e+01	7.212e+01	5.431e+01	8.634e+01	7.281e+01	8.757e+01	7.714e+01	4.795e+01	8.073e+01	7.326e+01	9.865e+01	9.322e+01	7.464e+01	7.563e+01	8.184e+01	6.738e+01	9.347e+01	1.122e+02	7.337e+01	7.788e+01	6.271e+01	8.220e+01	1.227e+02	6.304e+01	7.996e+01	8.384e+01	8.789e+01	1.032e+02	7.216e+01	1.031e+02	9.659e+01	1.286e+02	1.112e+02	8.213e+01	7.767e+01	7.064e+01	6.612e+01	6.908e+01	1.132e+02	5.147e+01	5.188e+01	7.013e+01	6.841e+01	1.096e+02	6.229e+01	8.291e+01	8.359e+01	8.296e+01	7.409e+01	8.553e+01	6.693e+01	6.114e+01	6.343e+01	5.356e+01	5.910e+01	5.466e+01	5.009e+01	5.721e+01	4.201e+01	8.735e+01	3.760e+01	4.450e+01	1.991e+01	2.621e+01	2.405e+01	
-70.200	2.870e+01	1.644e+01	1.944e+01	1.959e+01	2.480e+01	2.192e+01	2.493e+01	2.523e+01	1.532e+01	1.979e+01	2.580e+01	2.287e+01	2.996e+01	4.647e+01	2.987e+01	2.683e+01	4.080e+01	1.981e+01	3.891e+01	2.475e+01	2.460e+01	5.373e+01	2.229e+01	5.368e+01	4.639e+01	6.185e+01	0.000e+00	7.979e+00	5.263e+01	8.427e+01	2.635e+01	6.517e+01	3.956e+01	7.206e+01	7.618e+01	7.562e+01	8.557e+01	6.850e+01	7.953e+01	8.170e+01	8.455e+01	8.075e+01	9.334e+01	1.114e+02	7.852e+01	9.356e+01	8.648e+01	1.076e+02	9.370e+01	9.554e+01	8.436e+01	1.071e+02	8.537e+01	1.077e+02	9.641e+01	9.442e+01	9.845e+01	9.439e+01	9.805e+01	9.070e+01	1.087e+02	8.311e+01	9.800e+01	5.550e+01	8.821e+01	7.996e+01	1.079e+02	7.520e+01	9.203e+01	9.039e+01	4.925e+01	8.762e+01	1.250e+02	1.022e+02	1.142e+02	1.091e+02	8.813e+01	8.068e+01	8.255e+01	6.790e+01	6.883e+01	3.799e+01	5.173e+01	1.568e+01	6.467e+01	6.656e+01	5.270e+01	4.822e+01	4.358e+01	4.814e+01	7.422e+01	6.751e+01	3.935e+01	4.085e+01	3.967e+01	2.408e+01	2.308e+01	2.107e+01	2.402e+01	2.029e+01	
-66.600	2.534e+01	2.636e+01	3.213e+01	2.264e+01	2.538e+01	3.759e+01	3.678e+01	4.834e+01	2.506e+01	2.938e+01	2.412e+01	2.585e+01	2.779e+01	3.069e+01	3.745e+01	2.618e+01	2.468e+01	4.059e+01	4.987e+01	4.412e+01	3.885e+01	6.145e+01	6.321e+01	6.061e+01	0.000e+00	8.156e+01	7.191e+01	6.671e+01	2.873e+01	8.265e+01	1.025e+02	7.800e+01	9.506e+01	7.813e+01	7.953e+01	8.837e+01	9.879e+01	7.909e+01	8.040e+01	8.548e+01	9.398e+01	9.019e+01	1.032e+02	9.861e+01	1.188e+02	1.146e+02	9.036e+01	1.122e+02	1.194e+02	9.023e+01	1.182e+02	9.459e+01	9.276e+01	8.608e+01	9.830e+01	9.935e+01	9.613e+01	9.784e+01	1.006e+02	8.527e+01	9.025e+01	1.027e+02	8.926e+01	7.404e+01	8.842e+01	9.090e+01	8.621e+01	1.106e+02	7.944e+01	7.603e+01	9.429e+01	8.385e+01	8.326e+01	1.096e+02	7.344e+01	8.719e+01	8.574e+01	9.956e+01	7.276e+01	9.675e+01	1.065e+02	0.000e+00	3.121e+01	9.252e+01	8.347e+01	3.469e+01	4.842e+01	4.146e+01	3.520e+01	4.150e+01	3.896e+01	4.018e+01	2.616e+01	1.626e+01	2.290e+01	2.022e+01	1.931e+01	2.424e+01	1.900e+01	2.176e+01	
-63.000	3.694e+01	7.475e+01	8.524e+01	2.414e+01	8.068e+01	2.967e+01	2.493e+01	3.723e+01	2.797e+01	3.573e+01	3.570e+01	2.323e+01	2.749e+01	2.412e+01	2.341e+01	2.541e+01	2.458e+01	5.159e+01	3.296e+01	2.425e+01	5.587e+01	7.308e+01	3.578e+01	0.000e+00	8.675e+01	2.528e+01	9.242e+01	6.354e+01	6.837e+01	8.324e+01	9.761e+01	8.421e+01	8.651e+01	9.547e+01	8.813e+01	1.019e+02	9.436e+01	9.268e+01	9.169e+01	9.409e+01	9.215e+01	1.059e+02	1.049e+02	1.050e+02	1.094e+02	1.070e+02	1.391e+02	1.254e+02	1.509e+02	2.038e+02	1.813e+02	1.013e+02	9.528e+01	9.713e+01	1.015e+02	1.030e+02	1.006e+02	1.017e+02	1.014e+02	9.285e+01	9.944e+01	9.594e+01	8.830e+01	9.615e+01	1.012e+02	8.824e+01	1.026e+02	7.803e+01	8.571e+01	8.484e+01	1.005e+02	8.299e+01	7.171e+01	8.607e+01	8.941e+01	7.470e+01	9.354e+01	7.257e+01	9.730e+01	8.761e+01	8.436e+01	6.483e+01	4.568e+01	4.602e+01	4.718e+01	3.663e+01	3.975e+01	3.074e+01	4.153e+01	2.778e+01	3.286e+01	2.261e+01	2.330e+01	2.206e+01	2.195e+01	2.005e+01	1.853e+01	2.178e+01	4.591e+01	2.287e+01	
-59.400	5.549e+01	8.206e+01	4.336e+01	6.244e+01	2.130e+01	4.735e+01	1.083e+02	5.742e+01	7.067e+01	5.608e+01	4.924e+01	3.509e+01	4.110e+01	2.847e+01	2.312e+01	2.749e+01	3.114e+01	4.059e+01	6.309e+01	0.000e+00	5.554e+01	3.829e+01	4.345e+01	3.565e+01	6.131e+01	7.529e+01	6.736e+01	1.135e+02	7.712e+01	7.749e+01	7.394e+01	8.411e+01	8.670e+01	9.667e+01	1.203e+02	1.115e+02	1.284e+02	1.296e+02	1.651e+02	1.682e+02	1.584e+02	1.987e+02	2.412e+02	2.554e+02	2.453e+02	2.577e+02	2.985e+02	3.313e+02	4.108e+02	3.294e+02	2.394e+02	1.431e+02	9.495e+01	1.026e+02	1.042e+02	1.068e+02	1.026e+02	1.047e+02	1.028e+02	9.724e+01	8.956e+01	8.705e+01	9.883e+01	8.635e+01	9.380e+01	8.714e+01	1.012e+02	7.599e+01	9.347e+01	8.736e+01	8.120e+01	8.259e+01	8.346e+01	8.826e+01	7.189e+01	7.063e+01	9.218e+01	8.317e+01	6.593e+01	8.747e+01	6.549e+01	6.672e+01	6.483e+01	2.629e+01	4.389e+01	3.392e+01	3.011e+01	3.447e+01	2.571e+01	3.346e+01	2.503e+01	1.567e+01	2.073e+01	2.142e+01	2.125e+01	3.434e+01	5.533e+01	3.747e+01	8.120e+01	2.976e+01	
-55.800	1.035e+02	6.151e+01	1.260e+02	1.346e+02	6.169e+01	6.903e+01	6.660e+01	1.101e+02	8.924e+01	8.021e+01	6.141e+01	6.315e+01	3.226e+01	3.031e+01	3.062e+01	2.454e+01	3.045e+01	2.829e+01	4.618e+01	2.557e+01	0.000e+00	7.436e+01	3.856e+01	3.385e+01	5.928e+01	9.557e+01	9.404e+01	8.872e+01	1.067e+02	1.073e+02	9.827e+01	9.985e+01	1.320e+02	1.525e+02	1.355e+02	1.552e+02	1.515e+02	1.697e+02	2.842e+02	4.789e+02	5.440e+02	7.826e+02	9.727e+02	8.026e+02	9.286e+02	7.199e+02	6.057e+02	5.051e+02	3.940e+02	2.723e+02	1.807e+02	1.254e+02	1.117e+02	1.276e+02	1.137e+02	1.110e+02	8.812e+01	7.884e+01	9.197e+01	8.375e+01	7.499e+01	7.660e+01	8.444e+01	8.401e+01	8.881e+01	8.446e+01	9.345e+01	8.325e+01	8.750e+01	8.762e+01	7.742e+01	8.094e+01	8.583e+01	7.724e+01	7.470e+01	7.261e+01	6.786e+01	7.105e+01	6.464e+01	7.442e+01	6.938e+01	8.717e+01	7.512e+01	4.432e+01	4.242e+01	3.328e+01	4.134e+01	3.018e+01	2.738e+01	1.996e+01	1.896e+01	1.652e+01	2.498e+01	3.480e+01	2.259e+01	5.119e+01	2.850e+01	4.531e+01	5.742e+01	4.785e+01	
-52.200	9.994e+01	8.561e+01	1.101e+02	1.400e+02	2.211e+02	9.356e+01	1.133e+02	1.243e+02	1.520e+02	1.313e+02	8.803e+01	8.702e+01	7.148e+01	7.524e+01	7.065e+01	5.678e+01	5.413e+01	4.163e+01	2.967e+01	5.690e+01	0.000e+00	1.053e+01	6.001e+01	3.878e+01	5.534e+01	1.168e+02	1.042e+02	9.028e+01	1.235e+02	1.503e+02	1.178e+02	1.200e+02	1.623e+02	1.969e+02	1.705e+02	1.913e+02	1.710e+02	1.938e+02	3.445e+02	4.911e+02	5.155e+02	5.384e+02	7.046e+02	6.816e+02	4.763e+02	2.565e+02	1.424e+02	8.209e+01	6.379e+01	5.137e+01	6.916e+01	5.801e+01	5.771e+01	4.967e+01	4.973e+01	4.987e+01	4.702e+01	5.549e+01	5.033e+01	6.007e+01	6.657e+01	5.716e+01	5.444e+01	5.550e+01	5.349e+01	5.881e+01	6.162e+01	6.123e+01	7.615e+01	7.627e+01	1.147e+02	9.025e+01	8.755e+01	8.712e+01	8.632e+01	8.273e+01	8.655e+01	5.976e+01	7.710e+01	4.947e+01	8.509e+01	6.690e+01	6.725e+01	2.582e+01	3.022e+01	3.296e+01	3.782e+01	2.549e+01	1.943e+01	2.033e+01	2.125e+01	2.349e+01	2.721e+01	5.502e+01	7.183e+01	4.476e+01	4.211e+01	4.159e+01	1.018e+02	1.455e+02	
-48.600	2.066e+02	2.169e+02	2.090e+02	2.218e+02	1.680e+02	1.021e+02	1.070e+02	9.533e+01	1.884e+02	2.065e+02	1.492e+02	1.356e+02	1.126e+02	1.120e+02	8.798e+01	8.564e+01	6.137e+01	5.650e+01	5.575e+01	4.273e+01	4.550e+00	nan	6.443e+01	8.399e+01	5.407e+01	4.812e+01	8.256e+01	1.267e+02	1.446e+02	1.613e+02	1.962e+02	1.139e+02	1.129e+02	1.706e+02	1.511e+02	1.033e+02	1.534e+02	1.481e+02	1.484e+02	1.688e+02	2.122e+02	1.826e+02	1.437e+02	8.500e+01	5.273e+01	4.629e+01	4.541e+01	4.343e+01	4.244e+01	4.480e+01	4.676e+01	4.126e+01	5.359e+01	5.581e+01	6.809e+01	6.247e+01	6.955e+01	6.628e+01	9.839e+01	8.867e+01	8.035e+01	7.786e+01	5.111e+01	8.790e+01	8.666e+01	1.067e+02	5.898e+01	6.881e+01	6.461e+01	6.073e+01	5.201e+01	6.917e+01	7.730e+01	7.281e+01	7.961e+01	7.090e+01	9.261e+01	7.645e+01	7.049e+01	6.297e+01	8.373e+01	3.220e+01	5.451e+01	4.509e+01	4.500e+01	2.213e+01	2.049e+01	2.064e+01	1.780e+01	2.154e+01	2.586e+01	3.478e+01	2.741e+01	5.701e+01	9.194e+01	6.843e+01	7.147e+01	7.199e+01	1.053e+02	1.069e+02	
-45.000	1.701e+02	1.628e+02	2.351e+02	2.380e+02	1.964e+02	1.598e+02	1.671e+02	1.965e+02	2.594e+02	2.422e+02	2.228e+02	1.856e+02	1.500e+02	1.393e+02	1.548e+02	8.925e+01	6.889e+01	5.948e+01	9.278e+01	7.447e+01	8.503e+01	5.951e+01	5.228e+01	8.234e+01	2.140e+02	7.041e+01	9.928e+01	1.382e+02	1.579e+02	2.257e+02	1.417e+02	1.018e+02	1.514e+02	1.555e+02	1.811e+02	2.260e+02	2.086e+02	2.173e+02	3.381e+02	1.863e+02	1.707e+02	1.180e+02	1.076e+02	1.011e+02	7.621e+01	7.430e+01	9.300e+01	1.498e+02	2.808e+02	2.427e+02	1.587e+02	1.751e+02	1.614e+02	1.980e+02	1.806e+02	1.878e+02	2.290e+02	2.393e+02	2.211e+02	2.004e+02	1.442e+02	1.494e+02	1.475e+02	1.322e+02	1.184e+02	1.112e+02	1.228e+02	1.065e+02	1.233e+02	9.755e+01	7.124e+01	6.167e+01	5.474e+01	4.666e+01	6.006e+01	6.046e+01	6.658e+01	6.331e+01	5.173e+01	6.302e+01	3.530e+01	5.212e+01	4.568e+01	3.459e+01	2.662e+01	2.711e+01	1.789e+01	1.953e+01	1.930e+01	2.645e+01	3.338e+01	3.755e+01	6.101e+01	6.530e+01	7.359e+01	1.589e+02	1.397e+02	1.957e+02	1.211e+02	1.472e+02	
-41.400	3.177e+02	3.354e+02	3.787e+02	3.834e+02	3.171e+02	3.166e+02	3.066e+02	3.156e+02	2.370e+02	2.147e+02	2.647e+02	2.224e+02	2.280e+02	1.124e+02	1.187e+02	6.789e+01	7.859e+01	1.120e+02	8.734e+01	8.175e+01	8.157e+01	7.260e+01	5.336e+01	4.326e+01	5.690e+01	1.182e+02	1.375e+02	1.968e+02	1.524e+02	1.271e+02	2.157e+02	1.805e+02	2.384e+02	2.795e+02	3.483e+02	4.336e+02	5.749e+02	5.168e+02	3.774e+02	2.908e+02	2.328e+02	2.408e+02	2.100e+02	1.780e+02	2.831e+02	6.142e+02	8.048e+02	7.141e+02	6.270e+02	5.014e+02	6.827e+02	7.477e+02	4.866e+02	4.040e+02	5.476e+02	5.283e+02	5.851e+02	6.098e+02	5.798e+02	5.345e+02	4.701e+02	6.510e+02	6.116e+02	5.889e+02	5.691e+02	4.631e+02	3.351e+02	2.620e+02	2.555e+02	2.072e+02	1.066e+02	7.371e+01	1.061e+02	6.469e+01	5.138e+01	4.408e+01	4.357e+01	5.057e+01	5.139e+01	4.768e+01	3.795e+01	3.828e+01	3.252e+01	2.870e+01	2.027e+01	2.090e+01	1.824e+01	2.097e+01	3.523e+01	3.351e+01	4.257e+01	5.385e+01	5.744e+01	9.040e+01	9.841e+01	1.381e+02	2.356e+02	8.616e+01	2.642e+02	1.838e+02	
-37.800	3.372e+02	4.016e+02	4.013e+02	4.140e+02	4.172e+02	2.984e+02	3.441e+02	3.790e+02	2.778e+02	2.607e+02	2.268e+02	1.822e+02	2.020e+02	1.292e+02	1.524e+02	1.599e+02	1.618e+02	1.245e+02	9.625e+01	1.196e+02	6.757e+01	8.976e+01	7.049e+01	1.147e+02	1.709e+02	1.373e+02	3.943e+02	2.228e+02	2.407e+02	2.972e+02	3.770e+02	5.097e+02	4.647e+02	5.082e+02	6.596e+02	5.990e+02	7.661e+02	4.554e+02	3.533e+02	2.621e+02	3.308e+02	3.773e+02	3.170e+02	2.412e+02	3.592e+02	5.876e+02	6.367e+02	6.466e+02	5.447e+02	4.743e+02	6.415e+02	4.671e+02	3.938e+02	4.330e+02	6.170e+02	5.855e+02	6.873e+02	7.141e+02	6.230e+02	6.589e+02	6.891e+02	7.203e+02	7.482e+02	5.477e+02	8.115e+02	5.569e+02	4.153e+02	3.852e+02	3.933e+02	3.918e+02	3.691e+02	2.713e+02	1.783e+02	1.034e+02	8.468e+01	6.025e+01	4.917e+01	3.913e+01	2.905e+01	3.557e+01	3.306e+01	2.696e+01	1.924e+01	1.693e+01	1.826e+01	2.054e+01	2.379e+01	3.217e+01	3.723e+01	8.076e+01	5.794e+01	6.360e+01	1.101e+02	2.362e+02	1.984e+02	3.819e+02	2.165e+02	2.601e+02	3.044e+02	2.541e+02	
-34.200	5.009e+02	5.785e+02	4.743e+02	4.733e+02	4.620e+02	4.751e+02	4.132e+02	3.496e+02	3.828e+02	4.323e+02	3.674e+02	3.579e+02	2.609e+02	2.820e+02	1.783e+02	1.451e+02	1.408e+02	1.106e+02	9.601e+01	8.030e+01	1.289e+02	1.063e+02	9.033e+01	2.271e+02	3.883e+02	4.800e+02	6.248e+02	6.269e+02	6.921e+02	8.028e+02	1.083e+03	1.111e+03	1.138e+03	6.031e+02	3.582e+02	5.072e+02	5.385e+02	4.407e+02	3.225e+02	2.353e+02	2.513e+02	2.867e+02	3.087e+02	2.232e+02	3.803e+02	4.448e+02	5.091e+02	4.636e+02	3.875e+02	4.497e+02	5.161e+02	4.661e+02	4.310e+02	4.349e+02	5.665e+02	6.539e+02	6.921e+02	7.450e+02	7.183e+02	5.964e+02	5.750e+02	6.795e+02	6.368e+02	5.480e+02	4.660e+02	3.918e+02	3.729e+02	4.353e+02	4.569e+02	2.222e+02	3.416e+02	3.212e+02	3.148e+02	2.963e+02	2.828e+02	1.696e+02	1.080e+02	9.858e+01	5.889e+01	3.127e+01	2.896e+01	2.240e+01	1.988e+01	2.312e+01	2.835e+01	2.887e+01	3.675e+01	4.158e+01	5.437e+01	8.017e+01	9.949e+01	1.459e+02	9.730e+01	2.530e+02	1.570e+02	3.470e+02	1.822e+02	3.792e+02	3.131e+02	4.889e+02	
-30.600	4.397e+02	5.473e+02	6.095e+02	5.725e+02	5.790e+02	4.326e+02	4.253e+02	4.799e+02	4.124e+02	4.313e+02	4.061e+02	4.565e+02	4.942e+02	5.357e+02	4.975e+02	3.011e+02	1.337e+02	2.074e+02	1.061e+02	1.194e+02	1.142e+02	1.459e+02	3.221e+02	5.357e+02	5.260e+02	6.215e+02	6.913e+02	7.205e+02	7.394e+02	7.571e+02	7.713e+02	8.120e+02	9.451e+02	4.981e+02	3.942e+02	3.029e+02	2.588e+02	4.280e+02	2.349e+02	2.447e+02	3.050e+02	3.424e+02	3.556e+02	3.718e+02	4.293e+02	4.168e+02	3.970e+02	3.605e+02	4.564e+02	3.815e+02	4.558e+02	5.075e+02	6.495e+02	4.553e+02	5.849e+02	5.966e+02	5.677e+02	6.938e+02	8.992e+02	7.169e+02	6.062e+02	6.752e+02	7.104e+02	6.376e+02	6.174e+02	7.585e+02	5.161e+02	5.294e+02	7.922e+02	4.743e+02	2.266e+02	1.293e+02	2.318e+02	1.973e+02	2.501e+02	2.690e+02	2.912e+02	2.587e+02	1.970e+02	8.287e+01	7.122e+01	4.509e+01	3.612e+01	2.887e+01	3.806e+01	3.400e+01	5.214e+01	4.923e+01	9.150e+01	1.090e+02	1.418e+02	1.500e+02	2.135e+02	2.958e+02	2.233e+02	3.307e+02	3.732e+02	4.445e+02	4.705e+02	6.000e+02	
-27.000	6.844e+02	5.694e+02	5.900e+02	5.410e+02	3.943e+02	4.054e+02	5.783e+02	5.117e+02	5.691e+02	5.679e+02	6.377e+02	5.887e+02	6.134e+02	5.501e+02	5.111e+02	3.117e+02	1.889e+02	2.182e+02	1.332e+02	1.422e+02	1.094e+02	3.265e+02	8.505e+02	5.674e+02	6.031e+02	5.979e+02	5.859e+02	6.706e+02	7.211e+02	6.843e+02	6.838e+02	7.385e+02	7.426e+02	5.120e+02	3.976e+02	2.482e+02	4.218e+02	2.163e+02	2.897e+02	3.630e+02	3.199e+02	4.175e+02	4.967e+02	4.279e+02	4.726e+02	4.986e+02	4.255e+02	4.919e+02	5.629e+02	4.380e+02	4.198e+02	5.113e+02	1.643e+03	8.100e+02	5.714e+02	8.364e+02	5.748e+02	6.160e+02	8.196e+02	9.043e+02	9.304e+02	8.235e+02	9.173e+02	1.172e+03	1.366e+03	6.360e+02	7.730e+02	1.043e+03	8.566e+02	5.122e+02	5.499e+02	5.955e+02	2.340e+02	1.663e+02	1.321e+02	1.723e+02	1.765e+02	1.550e+02	1.889e+02	2.622e+02	1.975e+02	9.657e+01	7.299e+01	6.377e+01	4.668e+01	5.618e+01	5.763e+01	1.124e+02	9.903e+01	1.462e+02	1.342e+02	2.139e+02	3.089e+02	4.201e+02	3.618e+02	3.607e+02	3.693e+02	4.084e+02	5.720e+02	6.110e+02	
-23.400	4.358e+02	5.504e+02	5.083e+02	6.513e+02	4.608e+02	4.504e+02	5.506e+02	5.402e+02	5.698e+02	5.905e+02	6.356e+02	7.480e+02	7.828e+02	3.996e+02	2.554e+02	1.998e+02	1.511e+02	1.681e+02	1.106e+02	4.733e+02	7.217e+02	8.250e+02	7.374e+02	6.643e+02	6.247e+02	5.753e+02	5.612e+02	6.304e+02	6.438e+02	6.392e+02	6.706e+02	7.415e+02	7.718e+02	3.462e+02	4.805e+02	3.090e+02	3.249e+02	2.425e+02	3.915e+02	8.029e+02	5.280e+02	4.695e+02	5.363e+02	4.385e+02	4.134e+02	4.942e+02	3.975e+02	5.690e+02	5.605e+02	6.685e+02	8.487e+02	1.221e+03	1.602e+03	2.081e+03	1.387e+03	1.486e+03	5.246e+02	1.099e+03	1.361e+03	1.350e+03	9.453e+02	8.580e+02	5.944e+02	0.000e+00	0.000e+00	nan	nan	nan	0.000e+00	1.624e+03	7.413e+02	9.144e+02	9.525e+02	4.946e+02	3.319e+02	3.311e+02	1.821e+02	1.560e+02	2.001e+02	2.034e+02	2.254e+02	1.935e+02	2.118e+02	7.979e+01	7.714e+01	1.216e+02	1.541e+02	9.725e+01	1.743e+02	1.721e+02	2.482e+02	2.719e+02	2.397e+02	3.061e+02	2.190e+02	3.946e+02	4.815e+02	4.138e+02	6.681e+02	4.848e+02	
-19.800	4.257e+02	5.275e+02	5.150e+02	5.602e+02	5.680e+02	5.916e+02	6.217e+02	6.236e+02	5.622e+02	5.811e+02	5.736e+02	6.067e+02	4.605e+02	3.974e+02	4.785e+02	4.373e+02	5.706e+02	9.144e+02	9.413e+02	9.559e+02	9.616e+02	8.503e+02	7.419e+02	6.706e+02	5.861e+02	5.481e+02	5.778e+02	6.105e+02	6.593e+02	6.451e+02	6.764e+02	8.362e+02	6.366e+02	4.032e+02	3.380e+02	4.683e+02	3.030e+02	3.521e+02	4.093e+02	8.827e+02	4.812e+02	6.027e+02	8.277e+02	8.581e+02	1.584e+03	1.654e+03	6.925e+02	5.233e+02	6.650e+02	7.034e+02	8.529e+02	9.127e+02	1.765e+03	3.037e+02	1.613e+03	6.659e+02	1.609e+03	8.387e+02	6.423e+02	9.585e+02	0.000e+00	1.628e+03	nan	nan	nan	nan	0.000e+00	nan	nan	nan	nan	nan	8.850e+02	1.002e+03	7.485e+02	6.422e+02	4.986e+02	3.443e+02	4.076e+02	3.659e+02	1.944e+02	1.710e+02	1.364e+02	1.440e+02	1.158e+02	9.267e+01	9.000e+01	1.665e+02	1.283e+02	1.062e+02	1.538e+02	1.802e+02	1.490e+02	2.043e+02	2.889e+02	4.000e+02	5.044e+02	5.221e+02	4.116e+02	6.200e+02	
-16.200	4.665e+02	8.163e+02	9.167e+02	6.040e+02	6.843e+02	6.290e+02	8.738e+02	7.262e+02	7.690e+02	8.841e+02	9.250e+02	1.137e+03	1.102e+03	1.082e+03	1.152e+03	1.129e+03	1.082e+03	1.102e+03	1.108e+03	1.067e+03	9.998e+02	8.976e+02	7.645e+02	6.735e+02	5.718e+02	5.709e+02	5.651e+02	5.839e+02	6.033e+02	5.939e+02	6.105e+02	7.530e+02	9.208e+02	5.423e+02	4.362e+02	7.467e+02	4.055e+02	1.932e+02	2.424e+02	1.054e+03	6.969e+02	4.685e+02	1.773e+03	6.320e+02	1.586e+03	2.001e+03	3.983e+02	4.784e+02	4.572e+02	5.434e+02	7.469e+02	7.267e+02	1.679e+03	0.000e+00	nan	nan	5.135e+02	2.064e+03	0.000e+00	0.000e+00	nan	nan	nan	nan	nan	nan	nan	nan	nan	nan	nan	nan	nan	0.000e+00	0.000e+00	1.283e+03	5.984e+02	7.262e+02	4.672e+02	5.017e+02	4.481e+02	3.910e+02	3.522e+02	2.426e+02	2.371e+02	1.718e+02	1.716e+02	1.403e+02	1.016e+02	9.564e+01	1.121e+02	8.487e+01	1.126e+02	1.749e+02	2.280e+02	2.750e+02	2.896e+02	4.444e+02	4.778e+02	3.733e+02	
-12.600	2.962e+02	3.854e+02	3.388e+02	3.599e+02	5.941e+02	8.424e+02	1.037e+03	1.260e+03	1.223e+03	1.261e+03	1.443e+03	1.430e+03	1.343e+03	1.254e+03	1.169e+03	1.162e+03	1.095e+03	1.173e+03	1.124e+03	1.074e+03	9.661e+02	8.681e+02	7.217e+02	6.507e+02	5.814e+02	5.614e+02	5.590e+02	5.468e+02	5.398e+02	5.529e+02	5.564e+02	6.382e+02	9.416e+02	3.754e+02	7.281e+02	6.419e+02	4.548e+02	1.618e+02	2.720e+02	1.512e+03	8.269e+02	2.687e+02	0.000e+00	2.090e+03	nan	1.848e+03	5.313e+02	6.033e+02	3.907e+02	4.715e+02	5.550e+02	5.922e+02	1.420e+03	nan	nan	nan	nan	nan	nan	nan	nan	nan	nan	nan	nan	nan	nan	nan	nan	nan	nan	nan	nan	nan	nan	nan	1.350e+03	7.849e+02	9.558e+02	8.402e+02	6.464e+02	6.755e+02	6.209e+02	5.603e+02	5.704e+02	6.101e+02	5.044e+02	3.965e+02	3.659e+02	3.060e+02	3.152e+02	2.125e+02	1.428e+02	2.592e+02	2.343e+02	2.226e+02	2.420e+02	2.473e+02	2.470e+02	2.860e+02	
-9.000	7.371e+02	4.751e+02	5.613e+02	5.565e+02	3.968e+02	7.577e+02	9.244e+02	1.246e+03	1.166e+03	1.285e+03	1.412e+03	1.231e+03	1.191e+03	1.090e+03	1.043e+03	1.007e+03	1.072e+03	1.069e+03	9.913e+02	9.728e+02	8.407e+02	6.837e+02	5.570e+02	5.288e+02	5.142e+02	4.801e+02	4.721e+02	4.839e+02	4.904e+02	5.089e+02	5.503e+02	6.755e+02	8.423e+02	2.195e+02	1.842e+02	5.465e+02	4.595e+02	2.929e+02	0.000e+00	nan	nan	0.000e+00	0.000e+00	0.000e+00	nan	0.000e+00	8.621e+02	8.048e+02	5.043e+02	4.756e+02	5.270e+02	9.082e+02	nan	nan	nan	nan	nan	nan	nan	nan	nan	nan	nan	nan	nan	nan	nan	nan	nan	nan	nan	nan	nan	nan	nan	nan	nan	nan	nan	2.070e+03	1.418e+03	9.278e+02	7.141e+02	6.454e+02	6.761e+02	6.796e+02	6.157e+02	6.418e+02	6.979e+02	6.803e+02	7.066e+02	6.959e+02	6.444e+02	7.180e+02	6.665e+02	6.977e+02	6.876e+02	6.839e+02	8.351e+02	8.048e+02	
-5.400	7.995e+02	8.736e+02	9.298e+02	8.454e+02	8.783e+02	9.250e+02	1.026e+03	1.212e+03	1.242e+03	1.341e+03	1.011e+03	9.629e+02	7.920e+02	7.663e+02	7.987e+02	8.566e+02	9.066e+02	8.842e+02	8.919e+02	7.996e+02	6.661e+02	5.985e+02	5.215e+02	4.070e+02	3.434e+02	3.643e+02	3.702e+02	3.886e+02	4.404e+02	4.759e+02	5.473e+02	7.061e+02	5.740e+02	2.949e+02	4.875e+02	5.300e+02	4.321e+02	nan	nan	nan	0.000e+00	nan	2.004e+03	nan	0.000e+00	0.000e+00	nan	6.321e+02	4.190e+02	4.664e+02	5.300e+02	5.211e+02	nan	nan	nan	nan	nan	nan	nan	nan	nan	nan	nan	nan	nan	nan	nan	nan	nan	nan	nan	nan	nan	nan	nan	nan	nan	nan	nan	nan	nan	7.171e+02	9.934e+02	1.156e+03	8.376e+02	7.889e+02	7.268e+02	7.147e+02	7.125e+02	7.272e+02	7.315e+02	7.495e+02	7.830e+02	7.840e+02	8.206e+02	8.231e+02	8.114e+02	8.175e+02	7.391e+02	7.584e+02	
-1.800	7.252e+02	9.407e+02	9.901e+02	8.968e+02	9.151e+02	9.659e+02	1.010e+03	1.244e+03	1.396e+03	1.042e+03	6.810e+02	6.294e+02	5.688e+02	6.178e+02	6.873e+02	7.312e+02	7.441e+02	7.091e+02	6.897e+02	6.164e+02	6.163e+02	5.085e+02	3.979e+02	2.938e+02	2.959e+02	3.227e+02	3.629e+02	4.012e+02	4.116e+02	4.329e+02	5.551e+02	7.896e+02	3.445e+02	4.149e+02	1.096e+03	nan	5.080e+02	0.000e+00	0.000e+00	nan	8.304e+01	nan	0.000e+00	nan	nan	0.000e+00	nan	5.283e+02	1.347e+03	4.262e+02	3.510e+02	3.258e+02	nan	nan	nan	nan	nan	nan	nan	nan	nan	nan	nan	nan	nan	nan	nan	nan	nan	nan	nan	nan	nan	nan	nan	nan	nan	nan	nan	nan	nan	nan	1.645e+03	2.568e+03	1.155e+03	1.100e+03	8.835e+02	7.593e+02	6.970e+02	6.967e+02	7.155e+02	6.181e+02	6.610e+02	6.319e+02	6.435e+02	6.639e+02	6.745e+02	5.803e+02	5.996e+02	5.887e+02	
1.800	6.168e+02	6.941e+02	7.159e+02	6.527e+02	7.350e+02	8.190e+02	9.377e+02	1.024e+03	9.119e+02	6.195e+02	5.700e+02	5.171e+02	5.016e+02	4.919e+02	5.580e+02	5.837e+02	5.863e+02	5.767e+02	5.400e+02	5.353e+02	4.710e+02	3.554e+02	4.132e+02	4.952e+02	4.651e+02	4.591e+02	5.277e+02	5.413e+02	4.076e+02	4.592e+02	6.631e+02	8.057e+02	0.000e+00	nan	nan	2.509e+02	nan	nan	0.000e+00	nan	0.000e+00	nan	nan	0.000e+00	nan	nan	nan	nan	1.358e+03	4.311e+02	0.000e+00	nan	nan	nan	nan	nan	nan	nan	nan	nan	nan	nan	nan	nan	nan	nan	nan	nan	nan	nan	nan	nan	nan	nan	nan	nan	nan	nan	nan	nan	nan	nan	nan	nan	nan	1.702e+03	1.487e+03	1.201e+03	6.352e+02	5.882e+02	5.779e+02	5.842e+02	5.205e+02	5.472e+02	5.196e+02	6.340e+02	5.755e+02	5.291e+02	4.917e+02	5.618e+02	
5.400	4.714e+02	5.354e+02	5.520e+02	6.149e+02	6.632e+02	7.314e+02	7.642e+02	6.678e+02	5.548e+02	5.072e+02	4.907e+02	4.388e+02	4.248e+02	4.215e+02	4.376e+02	4.520e+02	4.782e+02	5.075e+02	4.647e+02	4.216e+02	3.944e+02	5.780e+02	4.724e+02	6.096e+02	7.563e+02	4.055e+02	6.848e+02	5.236e+02	4.061e+02	6.444e+02	7.320e+02	5.588e+02	4.413e+02	3.412e+02	0.000e+00	0.000e+00	0.000e+00	0.000e+00	nan	0.000e+00	nan	nan	nan	nan	0.000e+00	0.000e+00	nan	1.946e+02	nan	nan	nan	nan	nan	nan	nan	nan	nan	nan	nan	nan	0.000e+00	nan	nan	nan	nan	nan	nan	nan	nan	nan	nan	nan	nan	nan	nan	nan	nan	nan	nan	nan	nan	nan	nan	nan	nan	0.000e+00	0.000e+00	1.099e+03	1.109e+03	9.272e+02	7.605e+02	3.950e+02	5.752e+02	6.495e+02	5.409e+02	4.468e+02	4.147e+02	4.005e+02	3.956e+02	4.385e+02	
9.000	3.718e+02	4.110e+02	4.627e+02	4.884e+02	5.304e+02	4.782e+02	4.227e+02	4.446e+02	4.562e+02	4.652e+02	3.890e+02	3.595e+02	3.077e+02	3.626e+02	3.783e+02	3.848e+02	4.266e+02	4.133e+02	3.863e+02	5.042e+02	4.222e+02	5.333e+02	2.489e+02	nan	3.140e+02	4.368e+02	9.259e+02	5.514e+02	6.956e+02	5.779e+02	4.696e+02	7.117e+02	3.249e+02	0.000e+00	nan	0.000e+00	nan	nan	0.000e+00	nan	5.317e+02	nan	nan	0.000e+00	4.902e+02	0.000e+00	nan	2.650e+03	nan	nan	nan	nan	nan	nan	nan	nan	nan	nan	nan	nan	nan	nan	nan	nan	nan	nan	nan	nan	nan	nan	nan	nan	nan	nan	nan	nan	nan	nan	nan	nan	nan	nan	nan	nan	nan	nan	nan	nan	nan	1.245e+03	1.223e+03	1.235e+03	9.468e+02	1.002e+03	5.604e+02	2.186e+02	0.000e+00	8.780e+02	6.970e+02	3.040e+02	
12.600	2.232e+02	2.364e+02	3.180e+02	3.245e+02	3.633e+02	3.514e+02	3.373e+02	3.628e+02	3.808e+02	3.527e+02	3.017e+02	2.681e+02	2.888e+02	2.846e+02	2.897e+02	2.907e+02	3.035e+02	2.808e+02	3.957e+02	6.538e+02	8.728e+02	2.516e+02	nan	nan	2.491e+02	0.000e+00	0.000e+00	6.915e+02	5.260e+02	3.884e+02	5.286e+02	3.508e+02	2.706e+02	0.000e+00	0.000e+00	0.000e+00	nan	nan	0.000e+00	nan	nan	nan	nan	nan	nan	nan	nan	nan	nan	nan	nan	nan	nan	nan	nan	nan	nan	nan	nan	nan	nan	nan	nan	nan	nan	nan	nan	nan	nan	nan	nan	nan	nan	nan	nan	nan	nan	nan	nan	nan	nan	nan	nan	nan	nan	nan	nan	nan	nan	1.292e+03	0.000e+00	0.000e+00	nan	nan	8.721e+02	nan	nan	0.000e+00	0.000e+00	0.000e+00	
16.200	0.000e+00	1.180e+02	2.062e+02	2.687e+02	3.043e+02	2.902e+02	2.909e+02	3.265e+02	2.861e+02	2.716e+02	1.778e+02	1.250e+02	3.300e+02	2.430e+02	1.799e+02	2.131e+02	2.285e+02	2.380e+02	3.057e+02	4.825e+02	0.000e+00	nan	nan	nan	0.000e+00	nan	2.627e+02	2.401e+02	5.722e+02	3.780e+02	4.804e+02	5.118e+02	8.734e+02	2.224e+02	5.149e+02	nan	nan	nan	nan	0.000e+00	nan	nan	nan	nan	nan	nan	nan	nan	nan	nan	nan	nan	nan	nan	nan	nan	nan	nan	nan	nan	nan	nan	nan	nan	nan	nan	nan	nan	nan	nan	nan	nan	nan	nan	nan	nan	nan	nan	nan	nan	nan	nan	nan	nan	nan	nan	nan	nan	nan	nan	nan	nan	0.000e+00	6.599e+02	nan	nan	nan	nan	2.919e+01	nan	
19.800	5.424e+02	3.340e+02	3.079e+02	2.712e+02	3.367e+02	2.967e+02	3.173e+02	3.747e+02	3.680e+02	2.705e+02	2.206e+02	2.203e+02	2.663e+02	2.846e+02	2.098e+02	2.647e+02	2.723e+02	3.263e+02	3.637e+02	2.346e+02	1.352e+02	0.000e+00	nan	nan	0.000e+00	nan	nan	nan	7.008e+02	4.884e+02	4.933e+02	5.448e+02	8.171e+01	nan	nan	nan	nan	nan	0.000e+00	0.000e+00	0.000e+00	0.000e+00	nan	nan	nan	nan	nan	nan	nan	nan	nan	nan	nan	nan	nan	nan	nan	nan	nan	nan	nan	nan	nan	nan	nan	nan	nan	nan	nan	nan	nan	nan	nan	nan	nan	nan	nan	nan	nan	nan	nan	nan	nan	nan	nan	nan	nan	nan	nan	nan	2.785e+02	nan	2.278e+03	0.000e+00	nan	0.000e+00	0.000e+00	0.000e+00	0.000e+00	1.010e+03	
23.400	3.641e+02	5.663e+02	4.178e+02	3.451e+02	4.080e+02	3.932e+02	3.568e+02	3.834e+02	4.002e+02	3.798e+02	3.350e+02	3.130e+02	3.386e+02	2.893e+02	2.833e+02	2.441e+02	2.940e+02	3.144e+02	2.981e+02	4.862e+02	1.805e+02	3.537e+02	0.000e+00	5.203e+02	0.000e+00	nan	nan	nan	1.899e+02	1.474e+02	5.093e+02	6.270e+02	3.086e+02	2.997e+02	nan	0.000e+00	nan	nan	nan	0.000e+00	nan	nan	0.000e+00	nan	nan	nan	nan	nan	nan	nan	nan	nan	nan	nan	nan	nan	nan	nan	nan	nan	nan	nan	nan	nan	nan	nan	nan	nan	nan	nan	nan	nan	nan	nan	nan	nan	nan	nan	nan	nan	nan	nan	nan	nan	nan	nan	nan	nan	0.000e+00	0.000e+00	6.628e+02	0.000e+00	0.000e+00	0.000e+00	nan	0.000e+00	1.280e+03	3.053e+02	3.409e+02	3.864e+02	
27.000	5.021e+02	5.250e+02	4.951e+02	5.758e+02	5.804e+02	6.355e+02	6.536e+02	5.076e+02	4.724e+02	4.292e+02	3.831e+02	3.518e+02	3.496e+02	3.515e+02	3.423e+02	3.388e+02	3.413e+02	3.466e+02	3.199e+02	2.601e+02	3.129e+02	2.902e+02	6.560e+02	4.011e+02	9.342e+01	nan	nan	4.991e+01	5.737e+02	4.985e+02	1.608e+02	4.028e+02	3.634e+02	9.581e+01	0.000e+00	0.000e+00	0.000e+00	nan	nan	nan	nan	nan	nan	nan	nan	nan	nan	nan	nan	nan	nan	nan	nan	nan	nan	nan	nan	nan	nan	nan	nan	nan	nan	nan	nan	nan	nan	nan	nan	nan	nan	nan	nan	nan	nan	nan	nan	nan	nan	nan	nan	nan	nan	nan	nan	nan	nan	0.000e+00	8.085e+02	7.305e+02	9.131e+02	4.915e+02	7.827e+02	7.076e+02	5.534e+02	3.672e+02	3.809e+02	3.808e+02	4.237e+02	4.026e+02	
30.600	5.992e+02	6.391e+02	6.422e+02	6.256e+02	5.961e+02	6.517e+02	7.923e+02	7.956e+02	5.990e+02	4.928e+02	4.664e+02	4.176e+02	4.062e+02	4.284e+02	4.630e+02	4.686e+02	4.770e+02	4.529e+02	4.090e+02	3.705e+02	3.039e+02	2.827e+02	3.712e+02	4.239e+02	5.332e+02	6.223e+02	4.384e+02	4.862e+02	4.436e+02	6.601e+02	4.542e+02	3.511e+02	6.093e+02	3.947e+02	4.409e+02	nan	0.000e+00	nan	nan	nan	nan	nan	nan	nan	nan	nan	nan	nan	nan	nan	nan	nan	nan	nan	nan	nan	nan	nan	nan	nan	nan	nan	nan	nan	nan	nan	nan	nan	nan	nan	nan	nan	nan	nan	nan	nan	nan	nan	nan	nan	nan	nan	nan	nan	nan	2.661e+02	7.418e+02	5.919e+02	6.317e+02	6.846e+02	7.058e+02	6.824e+02	6.116e+02	6.172e+02	6.174e+02	6.132e+02	5.980e+02	5.567e+02	5.940e+02	5.338e+02	
34.200	7.405e+02	7.960e+02	8.624e+02	8.983e+02	8.205e+02	8.030e+02	9.412e+02	9.467e+02	9.236e+02	6.677e+02	5.820e+02	4.901e+02	5.494e+02	5.568e+02	6.437e+02	6.609e+02	6.467e+02	6.600e+02	5.966e+02	5.044e+02	3.908e+02	3.272e+02	2.994e+02	2.985e+02	3.154e+02	3.671e+02	3.691e+02	4.179e+02	4.538e+02	4.790e+02	6.622e+02	8.169e+02	5.062e+02	5.481e+02	2.794e+02	7.217e+02	9.540e+01	2.302e+02	nan	nan	nan	nan	nan	nan	nan	nan	nan	nan	nan	nan	nan	nan	nan	nan	nan	nan	nan	nan	nan	nan	nan	nan	nan	nan	nan	nan	nan	nan	nan	nan	nan	nan	nan	nan	nan	nan	nan	nan	nan	nan	nan	nan	9.771e+00	4.980e+02	6.357e+02	5.234e+02	6.079e+02	5.913e+02	6.296e+02	6.445e+02	7.005e+02	6.802e+02	7.663e+02	7.805e+02	7.968e+02	7.599e+02	7.650e+02	6.916e+02	6.651e+02	7.314e+02	
37.800	7.745e+02	6.920e+02	6.490e+02	8.663e+02	8.953e+02	9.520e+02	9.921e+02	1.173e+03	1.105e+03	1.080e+03	9.326e+02	8.049e+02	8.965e+02	8.784e+02	9.212e+02	9.713e+02	8.927e+02	8.791e+02	8.336e+02	7.366e+02	5.648e+02	4.564e+02	4.029e+02	3.475e+02	3.493e+02	3.565e+02	3.937e+02	4.523e+02	5.061e+02	5.054e+02	5.520e+02	6.863e+02	4.062e+02	4.747e+02	1.193e+03	7.708e+02	2.196e+02	9.668e+01	nan	nan	nan	nan	nan	nan	nan	nan	nan	nan	nan	0.000e+00	0.000e+00	nan	nan	nan	nan	nan	nan	nan	nan	nan	nan	nan	nan	nan	nan	nan	nan	nan	nan	nan	nan	nan	nan	nan	nan	nan	nan	nan	nan	nan	2.594e+02	5.050e+02	4.925e+02	5.278e+02	5.283e+02	5.477e+02	5.857e+02	6.679e+02	6.996e+02	7.374e+02	7.966e+02	8.036e+02	7.883e+02	7.895e+02	8.363e+02	8.329e+02	8.346e+02	8.170e+02	8.094e+02	8.036e+02	
41.400	4.931e+02	5.826e+02	4.786e+02	4.702e+02	9.088e+02	1.096e+03	1.249e+03	1.411e+03	1.146e+03	1.358e+03	1.289e+03	1.126e+03	1.221e+03	1.237e+03	1.301e+03	1.239e+03	1.127e+03	1.054e+03	9.740e+02	8.551e+02	7.861e+02	6.653e+02	5.944e+02	5.787e+02	5.394e+02	5.406e+02	5.318e+02	5.179e+02	5.232e+02	5.169e+02	5.427e+02	5.758e+02	4.535e+02	3.015e+02	4.572e+02	1.964e+02	3.033e+02	4.671e+02	nan	nan	nan	nan	nan	nan	nan	nan	nan	1.855e+02	6.696e+02	7.583e+02	6.450e+02	nan	nan	nan	nan	nan	nan	nan	nan	nan	nan	nan	nan	nan	nan	nan	nan	nan	nan	nan	nan	nan	nan	nan	nan	nan	nan	0.000e+00	3.276e+02	3.479e+02	4.400e+02	4.032e+02	4.172e+02	4.403e+02	4.287e+02	4.894e+02	5.789e+02	5.678e+02	5.439e+02	4.867e+02	4.774e+02	3.912e+02	3.520e+02	3.598e+02	3.853e+02	4.149e+02	5.080e+02	5.074e+02	4.958e+02	4.029e+02	
45.000	9.435e+02	1.287e+03	9.892e+02	4.402e+02	1.247e+03	1.480e+03	1.942e+03	1.540e+03	1.318e+03	1.244e+03	1.319e+03	1.235e+03	1.198e+03	1.241e+03	1.234e+03	1.221e+03	1.209e+03	1.063e+03	9.081e+02	8.347e+02	7.376e+02	7.370e+02	6.874e+02	6.307e+02	5.973e+02	5.653e+02	5.658e+02	5.624e+02	5.632e+02	5.074e+02	4.798e+02	5.695e+02	4.868e+02	3.270e+02	4.069e+02	3.997e+02	4.347e+02	3.294e+02	1.165e+02	nan	0.000e+00	3.459e+02	nan	nan	nan	nan	4.725e+02	4.454e+02	5.920e+02	6.775e+02	5.611e+02	8.049e+02	0.000e+00	nan	nan	nan	nan	nan	nan	nan	nan	nan	nan	nan	nan	nan	nan	nan	nan	nan	nan	nan	nan	nan	0.000e+00	2.780e+02	3.685e+02	3.611e+02	3.006e+02	3.857e+02	2.946e+02	2.773e+02	2.369e+02	2.411e+02	2.567e+02	1.536e+02	1.434e+02	1.151e+02	1.227e+02	1.046e+02	1.119e+02	1.092e+02	1.324e+02	1.329e+02	2.048e+02	5.502e+02	3.070e+02	2.367e+02	4.305e+02	6.159e+02	
48.600	1.026e+03	1.185e+03	7.711e+02	1.779e+03	1.401e+03	2.118e+03	9.601e+02	1.568e+03	1.821e+03	1.384e+03	1.239e+03	1.285e+03	1.375e+03	1.248e+03	1.590e+03	1.523e+03	1.344e+03	1.002e+03	7.576e+02	6.438e+02	7.349e+02	7.059e+02	7.687e+02	6.936e+02	6.472e+02	6.048e+02	6.010e+02	5.888e+02	5.593e+02	5.325e+02	4.564e+02	5.750e+02	5.774e+02	3.530e+02	3.348e+02	5.722e+02	4.088e+02	3.217e+02	4.320e+02	0.000e+00	3.515e+02	3.711e+02	3.768e+02	nan	nan	nan	4.611e+02	4.655e+02	6.093e+02	6.586e+02	7.665e+02	8.871e+02	3.928e+02	nan	nan	nan	3.421e+02	6.781e+02	5.134e+02	6.193e+02	0.000e+00	nan	nan	nan	nan	nan	nan	nan	nan	nan	nan	0.000e+00	4.020e+02	3.990e+02	3.705e+02	5.026e+02	0.000e+00	0.000e+00	nan	nan	nan	nan	0.000e+00	3.629e+01	2.774e+01	4.894e+01	3.528e+01	2.471e+01	2.740e+01	4.676e+01	2.831e+01	2.209e+01	4.676e+01	5.972e+01	4.698e+01	8.878e+01	3.375e+02	3.302e+02	1.230e+02	5.826e+02	
52.200	7.083e+02	3.632e+02	4.918e+02	2.405e+02	4.118e+02	4.728e+02	4.786e+02	7.245e+02	4.649e+02	4.689e+02	4.087e+02	4.753e+02	8.784e+02	4.790e+02	6.337e+02	9.187e+02	9.979e+02	9.052e+02	7.862e+02	7.384e+02	7.160e+02	5.528e+02	7.440e+02	7.122e+02	7.269e+02	6.928e+02	6.146e+02	5.853e+02	6.901e+02	5.875e+02	4.079e+02	4.705e+02	5.516e+02	2.162e+02	3.863e+02	3.463e+02	3.293e+02	3.264e+02	3.527e+02	2.662e+02	4.232e+02	4.536e+02	4.375e+02	3.500e+02	3.208e+02	5.663e+02	3.925e+02	4.708e+02	6.351e+02	5.497e+02	5.935e+02	1.084e+03	1.055e+03	9.063e+02	5.284e+02	4.397e+02	4.878e+02	5.116e+02	4.326e+02	5.439e+02	5.539e+02	7.151e+02	4.245e+02	nan	nan	nan	nan	nan	4.668e+02	4.627e+02	4.334e+02	3.906e+02	2.952e+02	2.662e+02	5.547e+01	3.402e+01	3.578e+01	4.468e+01	3.531e+01	2.138e+01	1.404e+01	3.053e+01	3.435e+01	5.916e+01	3.090e+01	3.528e+01	2.720e+01	2.479e+01	3.165e+01	2.209e+01	2.412e+01	3.549e+01	1.994e+01	3.011e+01	3.256e+01	9.745e+01	8.889e+01	8.949e+01	1.032e+02	1.058e+02	
55.800	7.469e+01	1.946e+02	2.631e+02	2.782e+02	2.189e+02	2.417e+02	1.505e+02	1.990e+02	2.045e+02	2.458e+02	1.743e+02	1.819e+02	2.296e+02	2.399e+02	4.806e+02	4.799e+02	4.327e+02	4.889e+02	5.077e+02	6.031e+02	4.560e+02	4.398e+02	4.695e+02	6.065e+02	5.597e+02	5.800e+02	5.844e+02	6.846e+02	6.049e+02	6.772e+02	5.306e+02	6.696e+02	3.874e+02	3.746e+02	4.709e+02	3.522e+02	3.229e+02	3.132e+02	2.619e+02	3.355e+02	3.729e+02	3.607e+02	3.778e+02	3.659e+02	3.863e+02	4.447e+02	5.059e+02	5.238e+02	5.101e+02	5.074e+02	4.704e+02	4.972e+02	5.928e+02	4.680e+02	2.633e+02	1.721e+02	9.645e+02	2.726e+02	1.390e+02	2.991e+02	9.222e+01	2.203e+02	2.453e+02	3.387e+02	3.588e+02	5.212e+02	4.405e+02	4.933e+02	3.558e+02	2.023e+02	7.147e+01	5.900e+01	7.505e+01	1.509e+02	1.715e+02	1.774e+02	1.118e+02	5.096e+01	5.579e+01	5.505e+01	4.996e+01	6.279e+01	6.903e+01	9.150e+01	6.704e+01	9.544e+01	4.269e+01	3.591e+01	3.436e+01	4.565e+01	4.208e+01	4.599e+01	3.724e+01	4.844e+01	4.260e+01	5.515e+01	3.707e+01	5.647e+01	8.179e+01	6.680e+01	
59.400	7.046e+01	1.057e+02	1.231e+02	8.498e+01	1.256e+02	1.862e+02	1.340e+02	1.436e+02	1.546e+02	1.703e+02	1.726e+02	1.665e+02	2.438e+02	2.528e+02	5.369e+02	4.807e+02	4.475e+02	3.904e+02	3.504e+02	2.699e+02	5.162e+02	4.095e+02	3.911e+02	4.323e+02	3.919e+02	3.597e+02	3.339e+02	2.738e+02	2.421e+02	3.142e+02	4.370e+02	2.751e+02	3.278e+02	5.612e+02	2.966e+02	3.421e+02	4.352e+02	6.719e+02	4.649e+02	3.272e+02	3.578e+02	3.775e+02	3.225e+02	3.303e+02	4.030e+02	3.718e+02	4.399e+02	4.083e+02	4.341e+02	5.047e+02	4.225e+02	4.399e+02	4.278e+02	3.591e+02	3.390e+02	3.078e+02	3.024e+02	2.680e+02	1.641e+02	4.813e+01	nan	nan	nan	nan	0.000e+00	0.000e+00	1.035e+02	1.302e+02	1.266e+02	1.532e+02	1.650e+02	1.442e+02	1.442e+02	1.742e+02	1.402e+02	9.914e+01	7.487e+01	7.923e+01	1.183e+02	1.154e+02	1.183e+02	1.207e+02	1.239e+02	1.082e+02	1.031e+02	1.021e+02	1.256e+02	8.042e+01	6.289e+01	5.124e+01	5.177e+01	4.034e+01	4.184e+01	3.822e+01	4.075e+01	4.308e+01	6.572e+01	6.668e+01	5.136e+01	8.767e+01	
63.000	7.690e+01	5.799e+01	6.272e+01	9.421e+01	1.110e+02	1.281e+02	1.581e+02	1.082e+02	1.762e+02	1.682e+02	1.667e+02	2.014e+02	2.475e+02	1.807e+02	3.141e+02	4.614e+02	3.795e+02	3.409e+02	2.966e+02	4.863e+02	4.529e+02	3.244e+02	5.306e+02	4.649e+02	3.444e+02	2.172e+02	2.094e+02	2.099e+02	1.935e+02	1.939e+02	2.556e+02	2.398e+02	2.522e+02	2.815e+02	3.337e+02	3.527e+02	3.601e+02	4.648e+02	3.209e+02	2.441e+02	2.316e+02	2.446e+02	2.925e+02	3.934e+02	4.057e+02	4.080e+02	3.949e+02	4.094e+02	3.960e+02	3.832e+02	3.709e+02	3.613e+02	3.981e+02	3.395e+02	3.887e+02	2.521e+02	3.260e+02	2.152e+02	2.073e+02	1.835e+02	1.698e+02	9.105e+01	1.869e+02	1.621e+02	1.381e+02	1.180e+02	1.039e+02	9.819e+01	1.082e+02	8.929e+01	8.849e+01	8.842e+01	9.875e+01	1.144e+02	1.506e+02	1.477e+02	1.268e+02	1.129e+02	1.122e+02	8.054e+01	8.050e+01	9.231e+01	1.345e+02	1.169e+02	1.112e+02	1.278e+02	1.146e+02	1.267e+02	1.158e+02	8.627e+01	7.801e+01	7.000e+01	7.065e+01	4.453e+01	6.477e+01	5.221e+01	4.695e+01	5.771e+01	6.725e+01	6.097e+01	
66.600	8.613e+01	8.661e+01	8.612e+01	9.388e+01	1.116e+02	1.003e+02	1.107e+02	1.030e+02	1.527e+02	1.383e+02	1.629e+02	1.882e+02	2.742e+02	2.020e+02	2.941e+02	2.839e+02	2.792e+02	3.436e+02	1.457e+02	2.104e+02	1.572e+02	3.361e+02	2.710e+02	1.943e+02	1.677e+02	1.585e+02	1.438e+02	2.226e+02	1.755e+02	2.490e+02	2.658e+02	3.000e+02	2.650e+02	2.543e+02	2.694e+02	2.173e+02	2.140e+02	2.410e+02	2.850e+02	2.784e+02	3.255e+02	2.450e+02	2.175e+02	3.097e+02	5.269e+02	3.483e+02	4.064e+02	6.075e+02	1.612e+02	2.892e+02	2.061e+02	2.268e+02	2.562e+02	1.593e+02	1.652e+02	1.231e+02	1.041e+02	1.457e+02	7.363e+01	7.268e+01	8.135e+01	7.881e+01	5.915e+01	4.624e+01	1.151e+02	5.693e+01	8.284e+01	6.734e+01	8.659e+01	1.146e+02	1.342e+02	1.512e+02	1.543e+02	1.502e+02	1.197e+02	8.110e+01	6.792e+01	5.959e+01	6.263e+01	7.058e+01	6.931e+01	7.637e+01	7.868e+01	8.761e+01	9.462e+01	1.116e+02	1.723e+02	1.201e+02	1.290e+02	8.296e+01	1.318e+02	1.465e+02	1.192e+02	8.011e+01	1.091e+02	8.627e+01	7.318e+01	8.794e+01	6.482e+01	7.700e+01	
70.200	1.631e+02	1.057e+02	1.269e+02	1.151e+02	2.562e+02	1.525e+02	1.196e+02	1.714e+02	3.392e+02	3.001e+02	2.696e+02	3.816e+02	2.997e+02	3.076e+02	3.064e+02	2.511e+02	1.790e+02	2.337e+02	2.084e+02	1.971e+02	1.591e+02	1.244e+02	1.094e+02	1.186e+02	1.174e+02	1.436e+02	1.228e+02	9.667e+01	1.144e+02	1.283e+02	1.929e+02	1.932e+02	2.480e+02	2.148e+02	2.330e+02	1.651e+02	1.851e+02	2.114e+02	2.036e+02	2.109e+02	2.731e+02	3.079e+02	2.474e+02	2.465e+02	2.592e+02	1.706e+02	2.033e+02	2.749e+02	2.391e+02	3.425e+02	4.162e+02	3.254e+02	2.941e+02	1.151e+02	1.845e+02	1.499e+02	1.383e+02	1.041e+02	1.470e+02	9.802e+01	1.082e+02	9.063e+01	1.095e+02	1.494e+02	1.405e+02	1.245e+02	1.484e+02	1.458e+02	1.555e+02	1.267e+02	1.286e+02	8.378e+01	6.874e+01	6.283e+01	6.306e+01	6.827e+01	5.455e+01	6.326e+01	8.425e+01	8.867e+01	7.798e+01	6.612e+01	8.008e+01	9.444e+01	9.872e+01	1.081e+02	1.820e+02	2.014e+02	2.170e+02	2.103e+02	2.084e+02	1.978e+02	2.168e+02	1.787e+02	2.221e+02	1.956e+02	8.974e+01	2.289e+02	1.494e+02	9.336e+01	
73.800	2.641e+02	2.924e+02	3.431e+02	4.092e+02	2.657e+02	3.260e+02	2.573e+02	3.501e+02	2.222e+02	2.851e+02	3.124e+02	3.732e+02	2.865e+02	2.519e+02	1.391e+02	2.361e+02	1.817e+02	2.084e+02	1.626e+02	1.139e+02	1.352e+02	9.723e+01	1.374e+02	1.293e+02	1.043e+02	1.211e+02	1.346e+02	1.086e+02	8.473e+01	2.503e+02	1.846e+02	1.603e+02	2.351e+02	1.931e+02	2.125e+02	2.275e+02	2.017e+02	1.930e+02	2.236e+02	2.299e+02	2.246e+02	2.436e+02	3.033e+02	2.701e+02	2.925e+02	2.268e+02	1.690e+02	1.199e+02	9.821e+01	1.003e+02	9.259e+01	1.036e+02	1.235e+02	1.253e+02	1.027e+02	1.361e+02	1.293e+02	1.430e+02	1.408e+02	1.131e+02	1.242e+02	1.502e+02	1.559e+02	1.213e+02	1.248e+02	1.038e+02	1.054e+02	9.189e+01	7.753e+01	6.333e+01	5.172e+01	5.256e+01	4.530e+01	4.764e+01	4.776e+01	4.997e+01	5.184e+01	5.360e+01	9.350e+01	7.344e+01	7.662e+01	9.979e+01	1.025e+02	9.085e+01	1.136e+02	1.076e+02	1.338e+02	2.399e+02	2.691e+02	2.405e+02	2.720e+02	3.222e+02	2.216e+02	2.381e+02	2.690e+02	2.349e+02	2.554e+02	2.571e+02	2.298e+02	2.240e+02	
77.400	1.951e+02	1.961e+02	2.569e+02	2.106e+02	1.716e+02	2.914e+02	1.447e+02	1.550e+02	1.855e+02	1.621e+02	1.171e+02	1.837e+02	1.970e+02	1.665e+02	1.785e+02	2.023e+02	1.274e+02	1.278e+02	1.440e+02	1.309e+02	8.475e+01	9.617e+01	1.225e+02	1.494e+02	7.724e+01	9.012e+01	1.597e+02	7.150e+01	6.918e+01	1.426e+02	7.386e+01	5.680e+01	1.318e+02	8.607e+01	2.053e+02	2.100e+02	1.965e+02	2.608e+02	2.475e+02	2.217e+02	2.677e+02	2.142e+02	2.234e+02	2.745e+02	2.721e+02	3.310e+02	2.670e+02	1.655e+02	1.226e+02	8.980e+01	8.245e+01	8.268e+01	5.933e+01	5.675e+01	5.208e+01	5.896e+01	5.605e+01	6.007e+01	5.925e+01	5.481e+01	5.116e+01	5.515e+01	5.600e+01	5.622e+01	5.323e+01	5.623e+01	5.135e+01	5.759e+01	5.702e+01	5.351e+01	5.212e+01	5.277e+01	5.592e+01	4.900e+01	6.123e+01	6.068e+01	7.889e+01	6.064e+01	1.200e+02	8.174e+01	8.077e+01	8.319e+01	1.004e+02	7.253e+01	8.603e+01	1.097e+02	1.236e+02	1.727e+02	1.436e+02	1.723e+02	2.019e+02	1.518e+02	1.140e+02	1.793e+02	1.514e+02	1.680e+02	1.877e+02	1.799e+02	1.409e+02	1.980e+02	
81.000	2.294e+02	1.261e+02	1.918e+02	2.177e+02	1.812e+02	2.538e+02	1.347e+02	1.404e+02	1.155e+02	1.151e+02	1.191e+02	1.213e+02	8.644e+01	1.372e+02	1.078e+02	9.216e+01	1.517e+02	1.066e+02	1.268e+02	9.039e+01	1.033e+02	1.196e+02	9.261e+01	1.095e+02	9.762e+01	1.065e+02	8.785e+01	6.553e+01	8.417e+01	6.143e+01	8.956e+01	7.572e+01	2.045e+02	8.124e+01	1.349e+02	1.103e+02	1.788e+02	9.951e+01	1.364e+02	8.909e+01	7.016e+01	1.102e+02	8.542e+01	7.443e+01	8.176e+01	8.686e+01	8.010e+01	9.842e+01	7.088e+01	9.655e+01	8.632e+01	9.931e+01	9.745e+01	8.166e+01	1.026e+02	9.750e+01	1.216e+02	1.078e+02	1.045e+02	9.322e+01	7.292e+01	7.503e+01	8.640e+01	8.624e+01	8.317e+01	1.011e+02	7.323e+01	7.300e+01	6.675e+01	6.763e+01	7.996e+01	8.111e+01	7.487e+01	7.934e+01	7.964e+01	6.880e+01	4.698e+01	7.862e+01	1.281e+02	1.089e+02	8.395e+01	1.348e+02	1.302e+02	1.246e+02	1.854e+02	1.545e+02	1.184e+02	1.104e+02	1.486e+02	1.370e+02	1.512e+02	1.796e+02	1.254e+02	1.678e+02	1.350e+02	1.394e+02	1.006e+02	1.453e+02	2.099e+02	8.838e+01	
84.600	1.325e+02	1.129e+02	7.224e+01	1.312e+02	8.434e+01	5.557e+01	1.125e+02	2.842e+02	1.968e+02	9.034e+01	6.697e+01	9.995e+01	1.248e+02	9.842e+01	1.005e+02	1.092e+02	9.100e+01	1.181e+02	6.667e+01	2.909e+02	3.157e+01	7.945e+01	9.918e+01	9.058e+01	8.440e+01	1.832e+02	7.749e+01	3.775e+01	1.015e+02	1.684e+02	8.937e+01	7.461e+01	6.791e+01	5.955e+01	4.496e+01	5.115e+01	5.268e+01	6.833e+01	2.286e+02	1.266e+02	9.985e+01	5.235e+01	9.018e+01	2.714e+02	7.309e+01	6.153e+01	8.815e+01	6.206e+01	8.306e+01	1.013e+02	9.486e+01	7.280e+01	5.064e+01	1.310e+02	8.464e+01	1.008e+02	1.075e+02	1.026e+02	8.221e+01	9.006e+01	7.594e+01	7.383e+01	7.825e+01	9.143e+01	8.843e+01	9.839e+01	8.337e+01	7.694e+01	5.410e+01	9.116e+01	8.658e+01	9.885e+01	8.288e+01	1.169e+02	8.890e+01	1.533e+02	5.001e+01	7.187e+01	5.113e+01	9.346e+01	1.472e+02	5.553e+01	6.904e+01	8.600e+01	8.095e+01	1.186e+02	1.916e+02	1.040e+02	1.310e+02	1.460e+02	1.193e+02	8.226e+01	1.880e+02	9.771e+01	9.427e+01	9.837e+01	9.974e+01	8.883e+01	1.255e+02	8.620e+01	
88.200	4.974e+01	4.397e+02	8.541e+01	4.272e+01	1.235e+02	1.510e+02	1.874e+02	6.979e+01	8.505e+01	7.582e+01	1.175e+02	2.975e+01	9.371e+02	7.595e+01	8.291e+01	7.001e+01	1.145e+02	3.895e+02	4.841e+01	1.977e+01	5.219e+01	3.611e+01	4.971e+01	4.539e+00	1.809e+01	5.991e+01	5.066e+02	1.327e+02	6.876e+01	1.137e+01	1.023e+01	5.993e+01	5.707e+01	1.792e+02	3.730e+01	5.711e+01	9.097e+01	4.927e+01	3.617e+02	2.585e+01	7.845e+00	5.356e+02	4.853e+01	2.818e+02	3.262e+01	5.749e+00	2.797e+02	1.283e+02	2.243e+01	4.638e+02	5.174e+01	6.597e+01	5.593e+01	6.358e+01	4.576e+01	5.160e+01	4.588e+01	7.627e+01	5.177e+01	3.544e+01	4.990e+01	1.044e+02	1.693e+01	6.188e+01	3.637e+01	1.751e+02	5.798e+01	5.198e+01	1.921e+01	6.537e+01	3.498e+01	5.308e+01	6.047e+01	3.727e+01	5.061e+01	8.886e+01	1.643e+02	7.486e+01	4.233e+01	7.237e+01	1.562e+02	8.391e+01	3.025e+01	1.848e+01	7.758e+01	9.028e+01	3.569e+01	5.227e+01	3.164e+02	6.271e+01	8.293e+01	7.275e+01	2.358e+02	2.640e+02	2.116e+01	6.640e+01	8.786e+01	7.067e+01	1.321e+02	1.082e+02	
