#
# Protons precipitation map
# Simulation setup: southward IMF, same Solar wind as Aizawa et al. (2021)
# Simulation code: iPIC3D
# Simulation path: /home/flavorenti/Bureau/data_simu_iPIC3D/Mercury_SaeInit/PR1/minusBz-newbox/texts/
# Output: Flux, units 1/cm2/s
# Output minimum: 1e-6
# Grid X-Axis (first row): local time [hours] from 0 to 24 with 100 equispaced bins
# Grid Y-Axis (first column): latitude [deg.] from -90 to 90 with 50 equispaced bins
# Signature: Federico Lavorenti
#
nan	0.120	0.360	0.600	0.840	1.080	1.320	1.560	1.800	2.040	2.280	2.520	2.760	3.000	3.240	3.480	3.720	3.960	4.200	4.440	4.680	4.920	5.160	5.400	5.640	5.880	6.120	6.360	6.600	6.840	7.080	7.320	7.560	7.800	8.040	8.280	8.520	8.760	9.000	9.240	9.480	9.720	9.960	10.200	10.440	10.680	10.920	11.160	11.400	11.640	11.880	12.120	12.360	12.600	12.840	13.080	13.320	13.560	13.800	14.040	14.280	14.520	14.760	15.000	15.240	15.480	15.720	15.960	16.200	16.440	16.680	16.920	17.160	17.400	17.640	17.880	18.120	18.360	18.600	18.840	19.080	19.320	19.560	19.800	20.040	20.280	20.520	20.760	21.000	21.240	21.480	21.720	21.960	22.200	22.440	22.680	22.920	23.160	23.400	23.640	23.880	
-88.200	0.000e+00	0.000e+00	0.000e+00	0.000e+00	0.000e+00	0.000e+00	0.000e+00	0.000e+00	0.000e+00	0.000e+00	0.000e+00	0.000e+00	0.000e+00	0.000e+00	0.000e+00	0.000e+00	0.000e+00	0.000e+00	0.000e+00	0.000e+00	0.000e+00	0.000e+00	0.000e+00	0.000e+00	0.000e+00	0.000e+00	0.000e+00	0.000e+00	0.000e+00	0.000e+00	0.000e+00	0.000e+00	0.000e+00	0.000e+00	0.000e+00	0.000e+00	0.000e+00	0.000e+00	0.000e+00	0.000e+00	0.000e+00	0.000e+00	0.000e+00	0.000e+00	0.000e+00	0.000e+00	0.000e+00	0.000e+00	0.000e+00	0.000e+00	0.000e+00	0.000e+00	0.000e+00	0.000e+00	0.000e+00	0.000e+00	0.000e+00	0.000e+00	0.000e+00	0.000e+00	0.000e+00	0.000e+00	0.000e+00	0.000e+00	0.000e+00	0.000e+00	0.000e+00	0.000e+00	0.000e+00	0.000e+00	0.000e+00	0.000e+00	0.000e+00	0.000e+00	0.000e+00	0.000e+00	0.000e+00	0.000e+00	0.000e+00	0.000e+00	0.000e+00	0.000e+00	0.000e+00	0.000e+00	0.000e+00	0.000e+00	0.000e+00	0.000e+00	0.000e+00	0.000e+00	0.000e+00	0.000e+00	0.000e+00	0.000e+00	0.000e+00	0.000e+00	0.000e+00	0.000e+00	0.000e+00	0.000e+00	
-84.600	0.000e+00	0.000e+00	0.000e+00	0.000e+00	0.000e+00	0.000e+00	0.000e+00	0.000e+00	0.000e+00	0.000e+00	0.000e+00	0.000e+00	0.000e+00	0.000e+00	0.000e+00	0.000e+00	0.000e+00	0.000e+00	0.000e+00	0.000e+00	0.000e+00	0.000e+00	0.000e+00	0.000e+00	0.000e+00	0.000e+00	0.000e+00	0.000e+00	0.000e+00	0.000e+00	1.281e+06	0.000e+00	0.000e+00	0.000e+00	0.000e+00	0.000e+00	0.000e+00	0.000e+00	0.000e+00	0.000e+00	0.000e+00	0.000e+00	0.000e+00	0.000e+00	0.000e+00	0.000e+00	0.000e+00	0.000e+00	0.000e+00	0.000e+00	0.000e+00	0.000e+00	0.000e+00	0.000e+00	0.000e+00	0.000e+00	0.000e+00	0.000e+00	0.000e+00	0.000e+00	0.000e+00	0.000e+00	0.000e+00	0.000e+00	1.281e+06	0.000e+00	0.000e+00	0.000e+00	0.000e+00	0.000e+00	0.000e+00	0.000e+00	0.000e+00	0.000e+00	0.000e+00	0.000e+00	0.000e+00	0.000e+00	0.000e+00	0.000e+00	0.000e+00	0.000e+00	0.000e+00	0.000e+00	0.000e+00	0.000e+00	0.000e+00	0.000e+00	0.000e+00	0.000e+00	0.000e+00	0.000e+00	0.000e+00	0.000e+00	0.000e+00	0.000e+00	0.000e+00	0.000e+00	0.000e+00	0.000e+00	
-81.000	0.000e+00	0.000e+00	0.000e+00	0.000e+00	0.000e+00	0.000e+00	0.000e+00	0.000e+00	0.000e+00	0.000e+00	0.000e+00	0.000e+00	0.000e+00	0.000e+00	0.000e+00	0.000e+00	0.000e+00	0.000e+00	0.000e+00	0.000e+00	0.000e+00	0.000e+00	0.000e+00	0.000e+00	0.000e+00	0.000e+00	0.000e+00	0.000e+00	0.000e+00	0.000e+00	0.000e+00	0.000e+00	0.000e+00	0.000e+00	0.000e+00	0.000e+00	0.000e+00	0.000e+00	0.000e+00	0.000e+00	0.000e+00	7.706e+05	0.000e+00	0.000e+00	0.000e+00	0.000e+00	0.000e+00	0.000e+00	0.000e+00	0.000e+00	0.000e+00	0.000e+00	0.000e+00	0.000e+00	0.000e+00	0.000e+00	0.000e+00	0.000e+00	0.000e+00	0.000e+00	0.000e+00	0.000e+00	0.000e+00	0.000e+00	0.000e+00	0.000e+00	0.000e+00	0.000e+00	0.000e+00	0.000e+00	0.000e+00	0.000e+00	0.000e+00	0.000e+00	0.000e+00	0.000e+00	0.000e+00	0.000e+00	0.000e+00	0.000e+00	0.000e+00	0.000e+00	0.000e+00	0.000e+00	0.000e+00	0.000e+00	0.000e+00	0.000e+00	0.000e+00	0.000e+00	0.000e+00	0.000e+00	0.000e+00	0.000e+00	0.000e+00	0.000e+00	0.000e+00	0.000e+00	0.000e+00	0.000e+00	
-77.400	0.000e+00	0.000e+00	0.000e+00	0.000e+00	0.000e+00	0.000e+00	0.000e+00	0.000e+00	5.526e+05	0.000e+00	0.000e+00	0.000e+00	0.000e+00	0.000e+00	0.000e+00	0.000e+00	0.000e+00	0.000e+00	0.000e+00	0.000e+00	0.000e+00	0.000e+00	0.000e+00	0.000e+00	0.000e+00	0.000e+00	0.000e+00	0.000e+00	0.000e+00	0.000e+00	0.000e+00	0.000e+00	0.000e+00	0.000e+00	0.000e+00	0.000e+00	0.000e+00	0.000e+00	5.526e+05	0.000e+00	5.526e+05	5.526e+05	0.000e+00	0.000e+00	0.000e+00	0.000e+00	0.000e+00	0.000e+00	0.000e+00	0.000e+00	0.000e+00	0.000e+00	0.000e+00	0.000e+00	0.000e+00	0.000e+00	0.000e+00	0.000e+00	0.000e+00	0.000e+00	0.000e+00	0.000e+00	5.526e+05	5.526e+05	0.000e+00	0.000e+00	0.000e+00	0.000e+00	0.000e+00	0.000e+00	0.000e+00	0.000e+00	0.000e+00	0.000e+00	0.000e+00	0.000e+00	0.000e+00	0.000e+00	0.000e+00	0.000e+00	0.000e+00	0.000e+00	0.000e+00	0.000e+00	0.000e+00	0.000e+00	0.000e+00	0.000e+00	0.000e+00	0.000e+00	0.000e+00	0.000e+00	0.000e+00	0.000e+00	0.000e+00	0.000e+00	0.000e+00	0.000e+00	0.000e+00	0.000e+00	
-73.800	0.000e+00	0.000e+00	0.000e+00	0.000e+00	0.000e+00	0.000e+00	0.000e+00	0.000e+00	0.000e+00	0.000e+00	0.000e+00	0.000e+00	0.000e+00	0.000e+00	0.000e+00	0.000e+00	0.000e+00	0.000e+00	0.000e+00	0.000e+00	0.000e+00	0.000e+00	0.000e+00	0.000e+00	0.000e+00	0.000e+00	0.000e+00	0.000e+00	0.000e+00	0.000e+00	0.000e+00	0.000e+00	0.000e+00	4.321e+05	4.321e+05	0.000e+00	0.000e+00	0.000e+00	4.321e+05	0.000e+00	4.321e+05	0.000e+00	4.321e+05	8.642e+05	0.000e+00	0.000e+00	0.000e+00	0.000e+00	0.000e+00	8.642e+05	8.642e+05	0.000e+00	0.000e+00	0.000e+00	0.000e+00	0.000e+00	8.642e+05	0.000e+00	0.000e+00	0.000e+00	0.000e+00	4.321e+05	0.000e+00	0.000e+00	4.321e+05	0.000e+00	0.000e+00	0.000e+00	0.000e+00	0.000e+00	0.000e+00	0.000e+00	0.000e+00	0.000e+00	0.000e+00	0.000e+00	0.000e+00	0.000e+00	0.000e+00	0.000e+00	4.321e+05	0.000e+00	0.000e+00	0.000e+00	4.321e+05	0.000e+00	0.000e+00	0.000e+00	0.000e+00	0.000e+00	0.000e+00	0.000e+00	0.000e+00	0.000e+00	0.000e+00	0.000e+00	0.000e+00	0.000e+00	0.000e+00	0.000e+00	
-70.200	0.000e+00	0.000e+00	0.000e+00	0.000e+00	0.000e+00	0.000e+00	0.000e+00	0.000e+00	0.000e+00	0.000e+00	0.000e+00	0.000e+00	0.000e+00	0.000e+00	0.000e+00	0.000e+00	0.000e+00	0.000e+00	0.000e+00	0.000e+00	0.000e+00	0.000e+00	0.000e+00	0.000e+00	0.000e+00	0.000e+00	0.000e+00	0.000e+00	0.000e+00	0.000e+00	0.000e+00	1.424e+06	1.068e+06	7.118e+05	7.118e+05	3.559e+05	1.068e+06	1.424e+06	1.424e+06	2.491e+06	2.135e+06	2.847e+06	3.559e+05	7.118e+05	1.779e+06	2.491e+06	0.000e+00	1.068e+06	7.118e+05	2.491e+06	1.424e+06	1.779e+06	3.559e+05	3.559e+05	7.118e+05	1.068e+06	0.000e+00	3.559e+05	3.559e+05	0.000e+00	3.559e+05	3.559e+05	7.118e+05	0.000e+00	0.000e+00	0.000e+00	0.000e+00	0.000e+00	0.000e+00	0.000e+00	0.000e+00	3.559e+05	0.000e+00	0.000e+00	0.000e+00	0.000e+00	0.000e+00	0.000e+00	0.000e+00	7.118e+05	0.000e+00	0.000e+00	0.000e+00	0.000e+00	0.000e+00	0.000e+00	0.000e+00	0.000e+00	0.000e+00	0.000e+00	0.000e+00	0.000e+00	0.000e+00	0.000e+00	0.000e+00	0.000e+00	0.000e+00	0.000e+00	0.000e+00	0.000e+00	
-66.600	0.000e+00	0.000e+00	0.000e+00	0.000e+00	0.000e+00	0.000e+00	0.000e+00	0.000e+00	0.000e+00	0.000e+00	0.000e+00	0.000e+00	0.000e+00	0.000e+00	0.000e+00	0.000e+00	0.000e+00	0.000e+00	0.000e+00	0.000e+00	0.000e+00	0.000e+00	0.000e+00	0.000e+00	0.000e+00	0.000e+00	0.000e+00	3.035e+05	0.000e+00	0.000e+00	9.106e+05	1.821e+06	1.214e+06	3.035e+06	6.678e+06	6.981e+06	4.857e+06	8.803e+06	4.857e+06	6.071e+06	5.464e+06	3.339e+06	5.464e+06	3.642e+06	2.428e+06	3.642e+06	3.339e+06	3.035e+06	3.035e+06	2.428e+06	3.035e+06	2.732e+06	2.125e+06	2.125e+06	3.035e+06	3.339e+06	3.946e+06	3.339e+06	2.732e+06	3.946e+06	3.339e+06	4.250e+06	1.821e+06	1.214e+06	2.428e+06	9.106e+05	3.035e+05	6.071e+05	0.000e+00	3.035e+05	0.000e+00	0.000e+00	0.000e+00	0.000e+00	0.000e+00	0.000e+00	0.000e+00	3.035e+05	0.000e+00	0.000e+00	0.000e+00	3.035e+05	0.000e+00	0.000e+00	0.000e+00	0.000e+00	0.000e+00	0.000e+00	0.000e+00	0.000e+00	0.000e+00	0.000e+00	3.035e+05	0.000e+00	0.000e+00	0.000e+00	0.000e+00	0.000e+00	0.000e+00	0.000e+00	
-63.000	0.000e+00	0.000e+00	0.000e+00	0.000e+00	0.000e+00	0.000e+00	0.000e+00	0.000e+00	0.000e+00	0.000e+00	0.000e+00	0.000e+00	0.000e+00	0.000e+00	0.000e+00	0.000e+00	0.000e+00	0.000e+00	0.000e+00	0.000e+00	0.000e+00	0.000e+00	0.000e+00	0.000e+00	0.000e+00	0.000e+00	2.655e+05	0.000e+00	2.655e+05	1.328e+06	2.655e+06	5.311e+06	6.638e+06	1.062e+07	1.221e+07	1.009e+07	1.009e+07	2.443e+07	2.496e+07	1.806e+07	1.062e+07	9.028e+06	6.638e+06	6.107e+06	2.921e+06	4.248e+06	6.373e+06	5.311e+06	7.169e+06	9.825e+06	1.460e+07	9.559e+06	1.487e+07	1.275e+07	9.294e+06	1.036e+07	1.142e+07	1.248e+07	1.036e+07	1.460e+07	9.294e+06	8.497e+06	9.294e+06	1.009e+07	6.904e+06	3.983e+06	3.983e+06	2.124e+06	1.593e+06	5.311e+05	5.311e+05	0.000e+00	5.311e+05	0.000e+00	2.655e+05	0.000e+00	2.655e+05	0.000e+00	0.000e+00	0.000e+00	0.000e+00	0.000e+00	0.000e+00	0.000e+00	0.000e+00	0.000e+00	0.000e+00	0.000e+00	0.000e+00	0.000e+00	0.000e+00	0.000e+00	0.000e+00	0.000e+00	0.000e+00	0.000e+00	0.000e+00	0.000e+00	0.000e+00	0.000e+00	
-59.400	0.000e+00	0.000e+00	0.000e+00	0.000e+00	0.000e+00	0.000e+00	0.000e+00	0.000e+00	0.000e+00	0.000e+00	0.000e+00	0.000e+00	0.000e+00	0.000e+00	0.000e+00	0.000e+00	0.000e+00	0.000e+00	0.000e+00	0.000e+00	2.368e+05	0.000e+00	0.000e+00	0.000e+00	0.000e+00	0.000e+00	4.736e+05	1.184e+06	2.605e+06	5.447e+06	8.525e+06	1.113e+07	1.752e+07	1.350e+07	1.729e+07	3.765e+07	8.691e+07	5.802e+07	2.273e+07	1.800e+07	1.160e+07	1.160e+07	1.989e+07	2.534e+07	2.960e+07	5.139e+07	6.370e+07	8.312e+07	9.117e+07	9.354e+07	7.436e+07	5.636e+07	3.742e+07	3.410e+07	2.297e+07	2.794e+07	2.250e+07	1.823e+07	1.729e+07	1.516e+07	2.297e+07	2.084e+07	1.539e+07	1.326e+07	1.539e+07	1.042e+07	6.868e+06	7.104e+06	3.079e+06	4.026e+06	1.658e+06	9.472e+05	4.736e+05	0.000e+00	0.000e+00	0.000e+00	2.368e+05	0.000e+00	2.368e+05	0.000e+00	0.000e+00	0.000e+00	0.000e+00	0.000e+00	0.000e+00	0.000e+00	0.000e+00	0.000e+00	0.000e+00	0.000e+00	0.000e+00	0.000e+00	0.000e+00	0.000e+00	0.000e+00	0.000e+00	0.000e+00	0.000e+00	0.000e+00	0.000e+00	
-55.800	0.000e+00	0.000e+00	0.000e+00	0.000e+00	0.000e+00	0.000e+00	0.000e+00	0.000e+00	0.000e+00	0.000e+00	0.000e+00	2.145e+05	0.000e+00	0.000e+00	0.000e+00	0.000e+00	0.000e+00	0.000e+00	0.000e+00	0.000e+00	0.000e+00	0.000e+00	0.000e+00	0.000e+00	0.000e+00	2.145e+05	0.000e+00	2.145e+06	4.718e+06	2.145e+07	2.295e+07	3.796e+07	3.517e+07	5.061e+07	1.023e+08	1.394e+08	4.911e+07	4.246e+07	4.418e+07	6.734e+07	1.021e+08	1.765e+08	2.308e+08	2.764e+08	2.756e+08	2.529e+08	2.168e+08	1.819e+08	1.538e+08	1.257e+08	8.343e+07	5.190e+07	3.968e+07	2.895e+07	2.273e+07	2.016e+07	2.145e+07	1.373e+07	1.265e+07	1.501e+07	1.287e+07	1.694e+07	1.480e+07	1.501e+07	1.823e+07	1.308e+07	1.351e+07	1.072e+07	7.292e+06	6.648e+06	4.718e+06	1.716e+06	1.716e+06	2.145e+05	0.000e+00	4.289e+05	0.000e+00	0.000e+00	2.145e+05	0.000e+00	0.000e+00	0.000e+00	0.000e+00	0.000e+00	0.000e+00	0.000e+00	0.000e+00	0.000e+00	0.000e+00	0.000e+00	0.000e+00	0.000e+00	0.000e+00	0.000e+00	0.000e+00	0.000e+00	0.000e+00	0.000e+00	0.000e+00	0.000e+00	
-52.200	0.000e+00	0.000e+00	0.000e+00	0.000e+00	0.000e+00	0.000e+00	0.000e+00	0.000e+00	0.000e+00	0.000e+00	0.000e+00	0.000e+00	0.000e+00	0.000e+00	0.000e+00	0.000e+00	0.000e+00	0.000e+00	0.000e+00	1.967e+05	0.000e+00	0.000e+00	0.000e+00	1.967e+05	3.934e+05	0.000e+00	9.834e+05	3.934e+06	1.239e+07	1.849e+07	3.048e+07	3.737e+07	7.670e+07	1.414e+08	1.859e+08	4.740e+07	1.986e+07	3.953e+07	8.103e+07	1.444e+08	2.008e+08	2.506e+08	2.897e+08	2.698e+08	2.382e+08	1.794e+08	1.123e+08	5.822e+07	3.619e+07	2.911e+07	1.416e+07	1.101e+07	9.834e+06	6.490e+06	5.310e+06	6.687e+06	5.114e+06	3.934e+06	3.343e+06	1.770e+06	3.147e+06	2.360e+06	4.130e+06	3.540e+06	5.900e+06	6.687e+06	7.867e+06	9.834e+06	1.082e+07	1.003e+07	6.687e+06	4.720e+06	2.753e+06	1.180e+06	7.867e+05	1.967e+05	0.000e+00	0.000e+00	0.000e+00	0.000e+00	0.000e+00	0.000e+00	0.000e+00	1.967e+05	0.000e+00	0.000e+00	0.000e+00	0.000e+00	0.000e+00	0.000e+00	0.000e+00	0.000e+00	0.000e+00	0.000e+00	0.000e+00	0.000e+00	0.000e+00	0.000e+00	0.000e+00	0.000e+00	
-48.600	0.000e+00	0.000e+00	0.000e+00	0.000e+00	0.000e+00	0.000e+00	0.000e+00	0.000e+00	1.823e+05	0.000e+00	0.000e+00	0.000e+00	0.000e+00	0.000e+00	0.000e+00	0.000e+00	0.000e+00	0.000e+00	0.000e+00	0.000e+00	0.000e+00	0.000e+00	1.823e+05	3.646e+05	7.291e+05	3.646e+05	1.640e+06	4.739e+06	1.276e+07	2.424e+07	3.062e+07	6.088e+07	1.229e+08	1.496e+08	1.797e+08	3.810e+07	1.531e+07	2.789e+07	4.958e+07	7.874e+07	9.333e+07	8.749e+07	1.097e+08	9.734e+07	6.981e+07	3.153e+07	1.312e+07	2.005e+06	1.640e+06	5.468e+05	1.276e+06	1.094e+06	3.646e+05	3.646e+05	1.823e+05	0.000e+00	0.000e+00	0.000e+00	0.000e+00	0.000e+00	0.000e+00	1.823e+05	0.000e+00	3.646e+05	3.646e+05	0.000e+00	0.000e+00	1.276e+06	2.552e+06	3.646e+06	5.468e+06	4.557e+06	4.557e+06	2.187e+06	1.094e+06	0.000e+00	0.000e+00	0.000e+00	0.000e+00	0.000e+00	0.000e+00	0.000e+00	0.000e+00	0.000e+00	0.000e+00	0.000e+00	0.000e+00	0.000e+00	0.000e+00	0.000e+00	0.000e+00	0.000e+00	0.000e+00	0.000e+00	0.000e+00	0.000e+00	0.000e+00	0.000e+00	0.000e+00	0.000e+00	
-45.000	0.000e+00	0.000e+00	0.000e+00	0.000e+00	0.000e+00	0.000e+00	0.000e+00	0.000e+00	0.000e+00	0.000e+00	0.000e+00	0.000e+00	0.000e+00	0.000e+00	0.000e+00	0.000e+00	0.000e+00	0.000e+00	0.000e+00	1.705e+05	0.000e+00	3.409e+05	0.000e+00	5.114e+05	1.534e+06	1.705e+06	3.580e+06	5.966e+06	1.551e+07	2.540e+07	4.995e+07	9.649e+07	1.168e+08	7.739e+07	5.199e+07	8.864e+06	1.619e+07	1.602e+07	2.318e+07	4.108e+07	4.483e+07	2.898e+07	2.489e+07	2.881e+07	1.875e+07	2.557e+06	8.523e+05	1.705e+05	3.409e+05	6.819e+05	3.409e+05	0.000e+00	1.705e+05	1.705e+05	0.000e+00	0.000e+00	1.705e+05	0.000e+00	0.000e+00	5.114e+05	0.000e+00	0.000e+00	0.000e+00	0.000e+00	0.000e+00	0.000e+00	0.000e+00	0.000e+00	0.000e+00	0.000e+00	1.705e+05	1.705e+05	1.534e+06	2.387e+06	1.705e+05	3.409e+05	0.000e+00	0.000e+00	0.000e+00	0.000e+00	0.000e+00	0.000e+00	0.000e+00	0.000e+00	0.000e+00	0.000e+00	0.000e+00	0.000e+00	0.000e+00	0.000e+00	0.000e+00	0.000e+00	0.000e+00	0.000e+00	0.000e+00	0.000e+00	0.000e+00	0.000e+00	0.000e+00	0.000e+00	
-41.400	0.000e+00	0.000e+00	0.000e+00	0.000e+00	0.000e+00	0.000e+00	0.000e+00	0.000e+00	1.607e+05	0.000e+00	0.000e+00	0.000e+00	0.000e+00	0.000e+00	0.000e+00	0.000e+00	0.000e+00	0.000e+00	0.000e+00	1.607e+05	1.607e+05	9.642e+05	4.821e+05	2.732e+06	3.696e+06	4.017e+06	9.320e+06	8.838e+06	1.527e+07	2.426e+07	6.074e+07	6.026e+07	2.491e+07	1.735e+07	3.857e+06	4.660e+06	6.267e+06	6.749e+06	6.106e+06	1.414e+07	1.382e+07	7.231e+06	4.499e+06	9.481e+06	4.499e+06	8.035e+05	0.000e+00	0.000e+00	0.000e+00	1.125e+06	1.607e+05	0.000e+00	4.821e+05	1.607e+05	3.214e+05	3.214e+05	6.428e+05	0.000e+00	6.428e+05	1.607e+05	3.214e+05	3.214e+05	0.000e+00	0.000e+00	1.607e+05	0.000e+00	0.000e+00	0.000e+00	0.000e+00	0.000e+00	0.000e+00	0.000e+00	0.000e+00	0.000e+00	1.607e+05	1.607e+05	0.000e+00	0.000e+00	0.000e+00	0.000e+00	0.000e+00	0.000e+00	0.000e+00	1.607e+05	0.000e+00	0.000e+00	0.000e+00	0.000e+00	0.000e+00	0.000e+00	0.000e+00	0.000e+00	0.000e+00	0.000e+00	0.000e+00	0.000e+00	0.000e+00	0.000e+00	0.000e+00	0.000e+00	
-37.800	0.000e+00	1.525e+05	0.000e+00	0.000e+00	0.000e+00	0.000e+00	0.000e+00	0.000e+00	0.000e+00	0.000e+00	0.000e+00	0.000e+00	1.525e+05	0.000e+00	0.000e+00	0.000e+00	0.000e+00	0.000e+00	0.000e+00	6.102e+05	9.153e+05	1.373e+06	3.051e+06	3.661e+06	5.034e+06	4.881e+06	8.390e+06	1.480e+07	1.846e+07	3.203e+07	2.395e+07	7.170e+06	1.220e+06	1.831e+06	1.068e+06	1.220e+06	9.153e+05	7.627e+05	1.525e+06	3.051e+06	1.831e+06	1.068e+06	9.153e+05	2.898e+06	2.441e+06	1.678e+06	1.525e+05	3.051e+05	0.000e+00	3.051e+05	3.051e+05	1.525e+05	3.051e+05	7.627e+05	6.102e+05	0.000e+00	1.525e+05	1.525e+05	1.525e+05	0.000e+00	1.525e+05	0.000e+00	0.000e+00	0.000e+00	0.000e+00	0.000e+00	0.000e+00	0.000e+00	0.000e+00	0.000e+00	0.000e+00	0.000e+00	0.000e+00	1.525e+05	1.525e+05	1.525e+05	1.525e+05	1.525e+05	0.000e+00	0.000e+00	0.000e+00	0.000e+00	0.000e+00	0.000e+00	0.000e+00	0.000e+00	0.000e+00	0.000e+00	0.000e+00	0.000e+00	0.000e+00	0.000e+00	0.000e+00	0.000e+00	0.000e+00	0.000e+00	0.000e+00	0.000e+00	0.000e+00	0.000e+00	
-34.200	0.000e+00	0.000e+00	0.000e+00	0.000e+00	0.000e+00	0.000e+00	0.000e+00	0.000e+00	0.000e+00	1.457e+05	0.000e+00	0.000e+00	0.000e+00	0.000e+00	0.000e+00	0.000e+00	0.000e+00	2.915e+05	1.020e+06	8.744e+05	2.332e+06	4.955e+06	1.108e+07	1.501e+07	1.341e+07	1.210e+07	8.890e+06	4.809e+06	1.108e+07	1.647e+07	6.704e+06	8.744e+05	2.915e+05	2.915e+05	2.915e+05	0.000e+00	0.000e+00	1.457e+05	1.166e+06	2.477e+06	5.829e+05	1.457e+05	0.000e+00	1.166e+06	7.287e+05	2.915e+05	0.000e+00	2.915e+05	0.000e+00	5.829e+05	4.372e+05	8.744e+05	5.829e+05	8.744e+05	1.020e+06	1.457e+05	1.457e+05	2.915e+05	4.372e+05	5.829e+05	0.000e+00	0.000e+00	0.000e+00	0.000e+00	0.000e+00	0.000e+00	0.000e+00	0.000e+00	0.000e+00	0.000e+00	0.000e+00	0.000e+00	0.000e+00	0.000e+00	0.000e+00	2.915e+05	0.000e+00	0.000e+00	0.000e+00	0.000e+00	0.000e+00	0.000e+00	0.000e+00	0.000e+00	0.000e+00	0.000e+00	0.000e+00	0.000e+00	0.000e+00	0.000e+00	0.000e+00	0.000e+00	0.000e+00	0.000e+00	0.000e+00	0.000e+00	0.000e+00	1.457e+05	0.000e+00	0.000e+00	
-30.600	0.000e+00	0.000e+00	0.000e+00	0.000e+00	0.000e+00	0.000e+00	0.000e+00	0.000e+00	0.000e+00	0.000e+00	0.000e+00	0.000e+00	0.000e+00	0.000e+00	1.400e+05	0.000e+00	2.801e+05	1.120e+06	1.120e+06	4.061e+06	6.161e+06	1.050e+07	1.610e+07	2.619e+07	3.081e+07	2.493e+07	1.442e+07	6.161e+06	3.501e+06	4.761e+06	2.380e+06	7.001e+05	0.000e+00	4.201e+05	0.000e+00	0.000e+00	5.601e+05	1.400e+05	5.601e+05	2.521e+06	4.201e+05	0.000e+00	1.400e+05	2.801e+05	1.400e+05	1.400e+05	1.400e+05	1.400e+05	2.801e+05	1.400e+05	2.801e+05	2.801e+05	1.260e+06	1.260e+06	2.801e+05	4.201e+05	4.201e+05	1.400e+05	1.400e+05	1.400e+05	1.400e+05	0.000e+00	0.000e+00	0.000e+00	0.000e+00	0.000e+00	0.000e+00	0.000e+00	0.000e+00	0.000e+00	0.000e+00	0.000e+00	0.000e+00	0.000e+00	0.000e+00	1.400e+05	2.801e+05	2.801e+05	0.000e+00	0.000e+00	0.000e+00	0.000e+00	0.000e+00	0.000e+00	0.000e+00	0.000e+00	0.000e+00	0.000e+00	0.000e+00	0.000e+00	0.000e+00	0.000e+00	0.000e+00	0.000e+00	0.000e+00	0.000e+00	0.000e+00	0.000e+00	0.000e+00	0.000e+00	
-27.000	0.000e+00	0.000e+00	0.000e+00	0.000e+00	0.000e+00	0.000e+00	0.000e+00	0.000e+00	0.000e+00	0.000e+00	2.705e+05	2.705e+05	4.058e+05	1.353e+05	0.000e+00	0.000e+00	5.411e+05	1.353e+06	3.517e+06	5.681e+06	1.299e+07	2.273e+07	2.814e+07	4.180e+07	4.220e+07	4.112e+07	3.463e+07	2.759e+07	1.096e+07	2.570e+06	2.029e+06	6.763e+05	4.058e+05	1.353e+05	1.353e+05	0.000e+00	0.000e+00	1.082e+06	1.217e+06	6.763e+05	1.353e+05	0.000e+00	2.705e+05	0.000e+00	1.353e+05	1.353e+05	4.058e+05	2.705e+05	1.353e+05	0.000e+00	4.058e+05	6.763e+05	8.116e+05	0.000e+00	2.705e+05	4.058e+05	1.082e+06	8.116e+05	1.353e+05	1.353e+05	0.000e+00	0.000e+00	0.000e+00	0.000e+00	0.000e+00	0.000e+00	0.000e+00	0.000e+00	0.000e+00	0.000e+00	0.000e+00	0.000e+00	0.000e+00	0.000e+00	0.000e+00	0.000e+00	0.000e+00	0.000e+00	0.000e+00	0.000e+00	0.000e+00	0.000e+00	0.000e+00	0.000e+00	0.000e+00	0.000e+00	0.000e+00	0.000e+00	0.000e+00	0.000e+00	0.000e+00	0.000e+00	0.000e+00	0.000e+00	0.000e+00	0.000e+00	0.000e+00	0.000e+00	0.000e+00	0.000e+00	
-23.400	0.000e+00	0.000e+00	0.000e+00	0.000e+00	0.000e+00	0.000e+00	3.940e+05	2.626e+05	0.000e+00	7.879e+05	6.566e+05	5.253e+05	1.445e+06	5.253e+05	7.879e+05	1.182e+06	3.677e+06	3.940e+06	6.697e+06	1.221e+07	2.600e+07	3.940e+07	6.225e+07	6.894e+07	6.500e+07	6.041e+07	4.964e+07	3.559e+07	2.009e+07	8.667e+06	3.940e+06	2.232e+06	2.626e+05	2.626e+05	0.000e+00	0.000e+00	3.940e+05	3.940e+05	0.000e+00	0.000e+00	0.000e+00	0.000e+00	0.000e+00	0.000e+00	1.313e+05	0.000e+00	2.626e+05	3.940e+05	2.626e+05	0.000e+00	0.000e+00	0.000e+00	0.000e+00	0.000e+00	0.000e+00	0.000e+00	5.253e+05	0.000e+00	0.000e+00	0.000e+00	0.000e+00	0.000e+00	0.000e+00	0.000e+00	0.000e+00	0.000e+00	0.000e+00	0.000e+00	0.000e+00	0.000e+00	0.000e+00	0.000e+00	0.000e+00	0.000e+00	0.000e+00	0.000e+00	0.000e+00	0.000e+00	0.000e+00	0.000e+00	0.000e+00	0.000e+00	0.000e+00	0.000e+00	0.000e+00	0.000e+00	0.000e+00	0.000e+00	1.313e+05	0.000e+00	0.000e+00	0.000e+00	0.000e+00	0.000e+00	0.000e+00	0.000e+00	0.000e+00	0.000e+00	0.000e+00	0.000e+00	
-19.800	0.000e+00	0.000e+00	0.000e+00	0.000e+00	3.843e+05	5.124e+05	2.562e+05	1.281e+05	5.124e+05	1.281e+05	1.281e+06	2.690e+06	2.178e+06	3.074e+06	2.946e+06	3.843e+06	6.789e+06	1.447e+07	2.024e+07	3.945e+07	7.724e+07	9.479e+07	9.530e+07	8.966e+07	7.775e+07	7.404e+07	7.532e+07	5.162e+07	2.972e+07	1.588e+07	5.764e+06	1.793e+06	2.562e+05	0.000e+00	0.000e+00	0.000e+00	5.124e+05	0.000e+00	0.000e+00	0.000e+00	0.000e+00	0.000e+00	0.000e+00	0.000e+00	3.843e+05	1.281e+05	2.562e+05	3.843e+05	1.281e+05	0.000e+00	1.281e+05	0.000e+00	0.000e+00	1.281e+05	1.281e+05	0.000e+00	0.000e+00	0.000e+00	0.000e+00	0.000e+00	0.000e+00	0.000e+00	0.000e+00	0.000e+00	0.000e+00	0.000e+00	0.000e+00	0.000e+00	0.000e+00	0.000e+00	0.000e+00	0.000e+00	0.000e+00	0.000e+00	0.000e+00	0.000e+00	0.000e+00	0.000e+00	0.000e+00	0.000e+00	0.000e+00	0.000e+00	0.000e+00	0.000e+00	0.000e+00	0.000e+00	0.000e+00	0.000e+00	0.000e+00	0.000e+00	0.000e+00	0.000e+00	0.000e+00	0.000e+00	0.000e+00	0.000e+00	0.000e+00	0.000e+00	0.000e+00	0.000e+00	
-16.200	0.000e+00	0.000e+00	0.000e+00	1.255e+05	7.530e+05	2.008e+06	2.384e+06	7.530e+05	2.133e+06	2.510e+06	2.510e+06	6.024e+06	3.639e+06	5.271e+06	6.526e+06	5.773e+06	8.408e+06	1.468e+07	2.912e+07	6.388e+07	1.049e+08	1.173e+08	1.113e+08	9.061e+07	8.107e+07	8.358e+07	8.182e+07	7.254e+07	5.196e+07	3.125e+07	9.161e+06	3.388e+06	6.275e+05	0.000e+00	1.255e+05	8.785e+05	5.020e+05	0.000e+00	0.000e+00	0.000e+00	0.000e+00	0.000e+00	0.000e+00	0.000e+00	0.000e+00	1.255e+05	0.000e+00	0.000e+00	0.000e+00	1.255e+05	0.000e+00	0.000e+00	0.000e+00	0.000e+00	0.000e+00	0.000e+00	0.000e+00	0.000e+00	0.000e+00	0.000e+00	0.000e+00	0.000e+00	0.000e+00	0.000e+00	0.000e+00	0.000e+00	0.000e+00	0.000e+00	0.000e+00	0.000e+00	0.000e+00	0.000e+00	0.000e+00	0.000e+00	0.000e+00	0.000e+00	0.000e+00	0.000e+00	0.000e+00	0.000e+00	0.000e+00	0.000e+00	0.000e+00	3.765e+05	5.020e+05	3.765e+05	3.765e+05	6.275e+05	8.785e+05	2.008e+06	1.255e+06	1.255e+05	5.020e+05	2.510e+05	6.275e+05	2.510e+05	1.255e+05	2.510e+05	1.255e+05	1.255e+05	
-12.600	3.705e+05	3.705e+05	1.358e+06	7.409e+05	7.409e+05	4.692e+06	3.581e+06	1.729e+06	1.852e+06	2.717e+06	1.852e+06	5.680e+06	5.063e+06	3.828e+06	4.939e+06	4.569e+06	5.433e+06	1.124e+07	2.667e+07	5.544e+07	9.755e+07	1.113e+08	1.011e+08	9.669e+07	9.693e+07	9.138e+07	9.644e+07	1.055e+08	9.261e+07	5.606e+07	1.791e+07	4.322e+06	6.174e+05	0.000e+00	0.000e+00	2.470e+05	1.235e+05	4.939e+05	0.000e+00	0.000e+00	0.000e+00	0.000e+00	0.000e+00	0.000e+00	0.000e+00	0.000e+00	0.000e+00	0.000e+00	0.000e+00	0.000e+00	1.235e+05	0.000e+00	1.235e+05	0.000e+00	0.000e+00	0.000e+00	0.000e+00	0.000e+00	0.000e+00	0.000e+00	0.000e+00	0.000e+00	0.000e+00	0.000e+00	0.000e+00	0.000e+00	0.000e+00	0.000e+00	0.000e+00	0.000e+00	0.000e+00	0.000e+00	0.000e+00	0.000e+00	0.000e+00	0.000e+00	0.000e+00	0.000e+00	0.000e+00	0.000e+00	0.000e+00	0.000e+00	0.000e+00	2.470e+05	0.000e+00	1.235e+05	1.235e+05	2.470e+05	6.174e+05	1.482e+06	1.729e+06	1.482e+06	1.976e+06	3.705e+06	3.211e+06	2.099e+06	4.445e+06	3.705e+06	3.211e+06	1.235e+06	
-9.000	3.172e+06	2.318e+06	2.928e+06	1.586e+06	8.541e+05	1.708e+06	1.464e+06	1.464e+06	6.100e+05	1.220e+06	5.002e+06	9.151e+06	8.052e+06	4.270e+06	3.172e+06	4.026e+06	3.782e+06	6.588e+06	1.879e+07	5.869e+07	9.443e+07	9.944e+07	1.015e+08	8.748e+07	8.687e+07	9.553e+07	1.130e+08	1.205e+08	1.260e+08	8.113e+07	3.502e+07	1.061e+07	7.320e+05	0.000e+00	0.000e+00	0.000e+00	0.000e+00	0.000e+00	0.000e+00	0.000e+00	0.000e+00	0.000e+00	0.000e+00	0.000e+00	0.000e+00	0.000e+00	0.000e+00	0.000e+00	0.000e+00	1.220e+05	0.000e+00	1.220e+05	0.000e+00	0.000e+00	0.000e+00	0.000e+00	0.000e+00	0.000e+00	0.000e+00	0.000e+00	0.000e+00	0.000e+00	0.000e+00	0.000e+00	0.000e+00	0.000e+00	0.000e+00	0.000e+00	0.000e+00	0.000e+00	0.000e+00	0.000e+00	0.000e+00	0.000e+00	0.000e+00	0.000e+00	0.000e+00	0.000e+00	0.000e+00	0.000e+00	0.000e+00	0.000e+00	0.000e+00	0.000e+00	0.000e+00	0.000e+00	0.000e+00	1.220e+05	1.220e+05	7.320e+05	9.761e+05	9.761e+05	2.074e+06	1.830e+06	2.806e+06	1.830e+06	3.050e+06	1.952e+06	3.294e+06	2.074e+06	
-5.400	3.631e+06	2.663e+06	3.147e+06	1.089e+06	1.089e+06	2.058e+06	2.179e+06	1.089e+06	7.262e+05	3.026e+06	1.561e+07	1.174e+07	1.162e+07	5.326e+06	4.720e+06	4.478e+06	6.536e+06	1.513e+07	3.377e+07	7.613e+07	9.054e+07	6.778e+07	5.713e+07	5.398e+07	6.112e+07	7.178e+07	8.933e+07	1.186e+08	1.376e+08	9.284e+07	3.849e+07	9.804e+06	7.262e+05	0.000e+00	0.000e+00	0.000e+00	1.210e+05	0.000e+00	0.000e+00	0.000e+00	0.000e+00	0.000e+00	0.000e+00	0.000e+00	0.000e+00	0.000e+00	0.000e+00	0.000e+00	0.000e+00	0.000e+00	1.210e+05	0.000e+00	0.000e+00	0.000e+00	0.000e+00	0.000e+00	0.000e+00	0.000e+00	0.000e+00	0.000e+00	0.000e+00	0.000e+00	0.000e+00	0.000e+00	0.000e+00	0.000e+00	0.000e+00	0.000e+00	0.000e+00	0.000e+00	0.000e+00	0.000e+00	0.000e+00	0.000e+00	0.000e+00	0.000e+00	0.000e+00	0.000e+00	0.000e+00	0.000e+00	0.000e+00	0.000e+00	0.000e+00	1.210e+05	0.000e+00	3.631e+05	0.000e+00	6.052e+05	6.052e+05	6.052e+05	6.052e+05	6.052e+05	6.052e+05	4.841e+05	7.262e+05	1.089e+06	1.089e+06	1.573e+06	1.816e+06	2.905e+06	
-1.800	1.808e+06	1.929e+06	7.233e+05	2.170e+06	2.532e+06	2.049e+06	2.411e+06	2.532e+06	1.567e+06	1.085e+07	1.181e+07	8.680e+06	8.439e+06	8.077e+06	6.389e+06	1.013e+07	2.110e+07	3.496e+07	6.426e+07	7.993e+07	6.860e+07	4.388e+07	3.279e+07	3.074e+07	3.822e+07	4.894e+07	5.835e+07	9.319e+07	1.097e+08	7.848e+07	1.869e+07	6.028e+06	3.617e+05	0.000e+00	0.000e+00	0.000e+00	0.000e+00	0.000e+00	0.000e+00	0.000e+00	0.000e+00	0.000e+00	0.000e+00	0.000e+00	0.000e+00	0.000e+00	0.000e+00	0.000e+00	0.000e+00	0.000e+00	0.000e+00	1.206e+05	0.000e+00	0.000e+00	0.000e+00	0.000e+00	0.000e+00	0.000e+00	0.000e+00	0.000e+00	0.000e+00	0.000e+00	0.000e+00	0.000e+00	0.000e+00	0.000e+00	0.000e+00	0.000e+00	0.000e+00	0.000e+00	0.000e+00	0.000e+00	0.000e+00	0.000e+00	0.000e+00	0.000e+00	0.000e+00	0.000e+00	0.000e+00	0.000e+00	0.000e+00	0.000e+00	0.000e+00	0.000e+00	0.000e+00	0.000e+00	0.000e+00	0.000e+00	1.206e+05	3.617e+05	4.822e+05	1.206e+05	4.822e+05	3.617e+05	3.617e+05	3.617e+05	1.085e+06	1.085e+06	1.085e+06	1.808e+06	
1.800	8.438e+05	1.567e+06	2.532e+06	3.255e+06	2.652e+06	2.773e+06	1.688e+06	1.567e+06	6.871e+06	7.956e+06	8.800e+06	6.871e+06	7.353e+06	1.073e+07	1.181e+07	1.905e+07	3.833e+07	7.305e+07	8.595e+07	6.305e+07	3.821e+07	2.013e+07	7.474e+06	5.063e+06	3.858e+06	6.510e+06	8.077e+06	1.905e+07	4.159e+07	2.821e+07	4.581e+06	1.326e+06	1.205e+05	0.000e+00	0.000e+00	0.000e+00	0.000e+00	0.000e+00	0.000e+00	0.000e+00	0.000e+00	0.000e+00	0.000e+00	0.000e+00	0.000e+00	0.000e+00	0.000e+00	0.000e+00	0.000e+00	0.000e+00	0.000e+00	0.000e+00	0.000e+00	0.000e+00	0.000e+00	0.000e+00	0.000e+00	0.000e+00	0.000e+00	0.000e+00	0.000e+00	0.000e+00	0.000e+00	0.000e+00	0.000e+00	0.000e+00	0.000e+00	0.000e+00	0.000e+00	0.000e+00	0.000e+00	0.000e+00	0.000e+00	0.000e+00	0.000e+00	0.000e+00	0.000e+00	0.000e+00	0.000e+00	0.000e+00	0.000e+00	0.000e+00	0.000e+00	0.000e+00	0.000e+00	0.000e+00	0.000e+00	1.205e+05	4.822e+05	3.616e+05	4.822e+05	6.027e+05	6.027e+05	8.438e+05	7.233e+05	1.205e+05	3.616e+05	4.822e+05	1.085e+06	1.085e+06	
5.400	6.051e+05	2.299e+06	2.904e+06	1.815e+06	4.236e+06	3.025e+06	9.682e+05	3.510e+06	6.051e+06	7.503e+06	1.259e+07	1.755e+07	2.505e+07	3.280e+07	4.030e+07	5.579e+07	6.571e+07	6.729e+07	6.354e+07	4.345e+07	1.476e+07	3.146e+06	1.573e+06	1.452e+06	2.178e+06	3.025e+06	3.510e+06	8.471e+06	1.489e+07	4.599e+06	2.541e+06	6.051e+05	2.420e+05	0.000e+00	0.000e+00	0.000e+00	0.000e+00	0.000e+00	0.000e+00	0.000e+00	0.000e+00	0.000e+00	0.000e+00	0.000e+00	0.000e+00	0.000e+00	0.000e+00	0.000e+00	0.000e+00	0.000e+00	0.000e+00	0.000e+00	0.000e+00	0.000e+00	0.000e+00	0.000e+00	0.000e+00	0.000e+00	0.000e+00	0.000e+00	0.000e+00	0.000e+00	0.000e+00	0.000e+00	0.000e+00	0.000e+00	0.000e+00	0.000e+00	0.000e+00	0.000e+00	0.000e+00	0.000e+00	0.000e+00	0.000e+00	0.000e+00	0.000e+00	0.000e+00	0.000e+00	0.000e+00	0.000e+00	0.000e+00	0.000e+00	0.000e+00	0.000e+00	0.000e+00	0.000e+00	0.000e+00	0.000e+00	0.000e+00	4.841e+05	1.210e+05	8.471e+05	8.471e+05	1.573e+06	1.331e+06	1.089e+06	7.261e+05	8.471e+05	7.261e+05	2.057e+06	
9.000	9.758e+05	1.220e+06	2.318e+06	3.781e+06	4.269e+06	3.049e+06	4.025e+06	1.415e+07	2.281e+07	4.501e+07	3.501e+07	2.952e+07	3.208e+07	3.476e+07	3.854e+07	4.367e+07	5.001e+07	4.964e+07	4.318e+07	1.208e+07	1.342e+06	9.758e+05	1.098e+06	1.586e+06	8.538e+05	7.319e+05	2.440e+05	1.586e+06	3.537e+06	3.659e+05	3.659e+06	8.538e+05	0.000e+00	0.000e+00	0.000e+00	0.000e+00	0.000e+00	0.000e+00	0.000e+00	0.000e+00	0.000e+00	0.000e+00	0.000e+00	0.000e+00	0.000e+00	0.000e+00	0.000e+00	0.000e+00	0.000e+00	0.000e+00	0.000e+00	0.000e+00	0.000e+00	0.000e+00	0.000e+00	0.000e+00	0.000e+00	0.000e+00	0.000e+00	0.000e+00	0.000e+00	0.000e+00	0.000e+00	0.000e+00	0.000e+00	0.000e+00	0.000e+00	0.000e+00	0.000e+00	0.000e+00	0.000e+00	0.000e+00	0.000e+00	0.000e+00	0.000e+00	0.000e+00	0.000e+00	0.000e+00	0.000e+00	0.000e+00	0.000e+00	0.000e+00	0.000e+00	0.000e+00	0.000e+00	0.000e+00	0.000e+00	0.000e+00	0.000e+00	0.000e+00	0.000e+00	0.000e+00	2.440e+05	1.220e+05	7.319e+05	3.659e+05	1.342e+06	1.098e+06	1.342e+06	8.538e+05	
12.600	9.875e+05	2.839e+06	6.789e+06	4.320e+06	3.333e+06	5.061e+06	1.444e+07	3.185e+07	3.135e+07	2.506e+07	1.469e+07	8.888e+06	9.135e+06	1.308e+07	2.086e+07	3.913e+07	4.469e+07	5.518e+07	1.963e+07	4.320e+06	9.875e+05	7.406e+05	1.111e+06	3.703e+05	2.469e+05	0.000e+00	1.234e+05	2.469e+05	7.406e+05	8.641e+05	3.456e+06	2.592e+06	1.234e+05	0.000e+00	0.000e+00	0.000e+00	0.000e+00	0.000e+00	0.000e+00	0.000e+00	0.000e+00	0.000e+00	0.000e+00	0.000e+00	0.000e+00	0.000e+00	0.000e+00	0.000e+00	0.000e+00	0.000e+00	0.000e+00	0.000e+00	0.000e+00	0.000e+00	0.000e+00	0.000e+00	0.000e+00	0.000e+00	0.000e+00	0.000e+00	0.000e+00	0.000e+00	0.000e+00	0.000e+00	0.000e+00	0.000e+00	0.000e+00	0.000e+00	0.000e+00	0.000e+00	0.000e+00	0.000e+00	0.000e+00	0.000e+00	0.000e+00	0.000e+00	0.000e+00	0.000e+00	0.000e+00	0.000e+00	0.000e+00	0.000e+00	0.000e+00	0.000e+00	0.000e+00	0.000e+00	0.000e+00	0.000e+00	0.000e+00	0.000e+00	0.000e+00	0.000e+00	0.000e+00	0.000e+00	0.000e+00	2.469e+05	7.406e+05	8.641e+05	6.172e+05	1.728e+06	
16.200	2.132e+06	4.265e+06	4.892e+06	3.638e+06	4.265e+06	5.143e+06	2.120e+07	3.613e+07	2.860e+07	1.806e+07	9.784e+06	6.147e+06	5.394e+06	8.028e+06	1.167e+07	2.120e+07	3.199e+07	3.274e+07	9.784e+06	1.380e+06	1.004e+06	2.509e+05	1.254e+05	0.000e+00	0.000e+00	0.000e+00	0.000e+00	2.509e+05	0.000e+00	1.004e+06	3.011e+06	2.258e+06	0.000e+00	0.000e+00	0.000e+00	0.000e+00	0.000e+00	0.000e+00	0.000e+00	0.000e+00	0.000e+00	0.000e+00	0.000e+00	0.000e+00	0.000e+00	0.000e+00	0.000e+00	0.000e+00	0.000e+00	0.000e+00	0.000e+00	0.000e+00	0.000e+00	0.000e+00	0.000e+00	0.000e+00	0.000e+00	0.000e+00	0.000e+00	0.000e+00	0.000e+00	0.000e+00	0.000e+00	0.000e+00	0.000e+00	0.000e+00	0.000e+00	0.000e+00	0.000e+00	0.000e+00	0.000e+00	0.000e+00	0.000e+00	0.000e+00	0.000e+00	0.000e+00	0.000e+00	0.000e+00	0.000e+00	0.000e+00	0.000e+00	0.000e+00	0.000e+00	0.000e+00	0.000e+00	0.000e+00	0.000e+00	0.000e+00	0.000e+00	0.000e+00	0.000e+00	0.000e+00	0.000e+00	0.000e+00	1.254e+05	3.763e+05	5.018e+05	1.254e+05	8.781e+05	1.129e+06	
19.800	2.176e+06	1.920e+06	2.176e+06	1.408e+06	4.737e+06	6.657e+06	1.677e+07	4.327e+07	5.198e+07	2.983e+07	1.651e+07	1.037e+07	8.449e+06	7.041e+06	1.075e+07	1.447e+07	2.714e+07	2.535e+07	8.577e+06	2.176e+06	1.536e+06	3.841e+05	6.401e+05	0.000e+00	0.000e+00	0.000e+00	0.000e+00	3.841e+05	3.841e+05	2.560e+05	1.280e+06	6.401e+05	0.000e+00	0.000e+00	0.000e+00	0.000e+00	0.000e+00	0.000e+00	0.000e+00	0.000e+00	0.000e+00	0.000e+00	0.000e+00	0.000e+00	0.000e+00	0.000e+00	0.000e+00	0.000e+00	0.000e+00	0.000e+00	0.000e+00	0.000e+00	0.000e+00	0.000e+00	0.000e+00	0.000e+00	0.000e+00	0.000e+00	0.000e+00	0.000e+00	0.000e+00	0.000e+00	0.000e+00	0.000e+00	0.000e+00	0.000e+00	0.000e+00	0.000e+00	0.000e+00	0.000e+00	0.000e+00	0.000e+00	0.000e+00	0.000e+00	0.000e+00	0.000e+00	0.000e+00	0.000e+00	0.000e+00	0.000e+00	0.000e+00	0.000e+00	0.000e+00	0.000e+00	0.000e+00	0.000e+00	0.000e+00	0.000e+00	0.000e+00	1.280e+05	0.000e+00	0.000e+00	1.280e+05	6.401e+05	1.280e+05	7.681e+05	3.841e+05	1.920e+06	1.024e+06	1.280e+06	
23.400	4.724e+06	4.199e+06	2.362e+06	1.181e+06	2.362e+06	2.625e+06	4.199e+06	1.115e+07	1.955e+07	2.612e+07	2.231e+07	2.060e+07	1.850e+07	2.257e+07	2.520e+07	3.294e+07	2.992e+07	3.622e+07	2.559e+07	7.480e+06	1.575e+06	5.249e+05	5.249e+05	1.312e+05	2.625e+05	0.000e+00	0.000e+00	5.249e+05	7.874e+05	1.312e+05	2.625e+05	2.625e+05	0.000e+00	0.000e+00	0.000e+00	0.000e+00	0.000e+00	0.000e+00	0.000e+00	0.000e+00	0.000e+00	0.000e+00	0.000e+00	0.000e+00	0.000e+00	0.000e+00	0.000e+00	0.000e+00	0.000e+00	0.000e+00	0.000e+00	0.000e+00	0.000e+00	0.000e+00	0.000e+00	0.000e+00	0.000e+00	0.000e+00	0.000e+00	0.000e+00	0.000e+00	0.000e+00	0.000e+00	0.000e+00	0.000e+00	0.000e+00	0.000e+00	0.000e+00	0.000e+00	0.000e+00	0.000e+00	0.000e+00	0.000e+00	0.000e+00	0.000e+00	0.000e+00	0.000e+00	0.000e+00	0.000e+00	0.000e+00	0.000e+00	0.000e+00	0.000e+00	0.000e+00	0.000e+00	0.000e+00	0.000e+00	0.000e+00	1.312e+05	2.625e+05	1.312e+05	3.937e+05	3.937e+05	5.249e+05	1.312e+06	1.050e+06	1.050e+06	1.181e+06	1.181e+06	1.050e+06	
27.000	2.433e+06	4.866e+06	4.460e+06	1.622e+06	1.487e+06	3.244e+06	2.163e+06	3.514e+06	5.542e+06	9.326e+06	1.541e+07	2.230e+07	2.825e+07	2.744e+07	2.987e+07	4.014e+07	5.650e+07	5.352e+07	5.528e+07	4.474e+07	1.298e+07	2.298e+06	8.110e+05	5.406e+05	5.406e+05	5.406e+05	2.703e+05	6.758e+05	2.433e+06	1.352e+05	4.055e+05	0.000e+00	0.000e+00	0.000e+00	0.000e+00	0.000e+00	0.000e+00	0.000e+00	0.000e+00	0.000e+00	0.000e+00	0.000e+00	0.000e+00	0.000e+00	0.000e+00	0.000e+00	0.000e+00	0.000e+00	0.000e+00	0.000e+00	0.000e+00	0.000e+00	0.000e+00	0.000e+00	0.000e+00	0.000e+00	0.000e+00	0.000e+00	0.000e+00	0.000e+00	0.000e+00	0.000e+00	0.000e+00	0.000e+00	0.000e+00	0.000e+00	0.000e+00	0.000e+00	0.000e+00	0.000e+00	0.000e+00	0.000e+00	0.000e+00	0.000e+00	0.000e+00	0.000e+00	0.000e+00	0.000e+00	0.000e+00	0.000e+00	0.000e+00	0.000e+00	0.000e+00	0.000e+00	0.000e+00	0.000e+00	0.000e+00	1.352e+05	5.406e+05	2.703e+05	5.406e+05	5.406e+05	1.352e+06	6.758e+05	1.081e+06	9.461e+05	1.352e+06	1.081e+06	1.081e+06	2.027e+06	
30.600	2.238e+06	3.637e+06	3.777e+06	3.917e+06	1.539e+06	6.995e+05	1.259e+06	1.679e+06	3.777e+06	4.197e+06	6.016e+06	8.254e+06	5.876e+06	5.316e+06	4.757e+06	1.091e+07	2.392e+07	5.596e+07	7.792e+07	6.939e+07	6.463e+07	4.197e+07	1.413e+07	2.938e+06	4.197e+05	1.539e+06	5.596e+05	4.197e+05	2.798e+06	1.399e+06	4.197e+05	1.399e+05	0.000e+00	0.000e+00	0.000e+00	0.000e+00	0.000e+00	0.000e+00	0.000e+00	0.000e+00	0.000e+00	0.000e+00	0.000e+00	0.000e+00	0.000e+00	0.000e+00	0.000e+00	0.000e+00	0.000e+00	0.000e+00	0.000e+00	0.000e+00	0.000e+00	0.000e+00	0.000e+00	0.000e+00	0.000e+00	0.000e+00	0.000e+00	0.000e+00	0.000e+00	0.000e+00	0.000e+00	0.000e+00	0.000e+00	0.000e+00	0.000e+00	0.000e+00	0.000e+00	0.000e+00	0.000e+00	0.000e+00	0.000e+00	0.000e+00	0.000e+00	0.000e+00	0.000e+00	0.000e+00	0.000e+00	0.000e+00	0.000e+00	0.000e+00	0.000e+00	0.000e+00	0.000e+00	0.000e+00	1.399e+05	1.399e+05	1.119e+06	4.197e+05	8.394e+05	8.394e+05	5.596e+05	5.596e+05	2.798e+05	6.995e+05	1.119e+06	1.959e+06	2.238e+06	1.399e+06	
34.200	5.969e+06	2.620e+06	4.367e+06	3.785e+06	4.076e+06	1.601e+06	1.456e+06	5.823e+05	1.892e+06	4.804e+06	4.513e+06	3.639e+06	3.348e+06	2.911e+06	4.367e+06	8.007e+06	1.630e+07	2.693e+07	5.444e+07	7.905e+07	7.745e+07	7.832e+07	7.264e+07	6.493e+07	4.833e+07	4.076e+07	3.581e+07	3.421e+07	2.970e+07	1.004e+07	2.911e+05	0.000e+00	0.000e+00	0.000e+00	0.000e+00	0.000e+00	0.000e+00	0.000e+00	0.000e+00	0.000e+00	0.000e+00	0.000e+00	0.000e+00	0.000e+00	0.000e+00	0.000e+00	0.000e+00	0.000e+00	0.000e+00	0.000e+00	0.000e+00	0.000e+00	0.000e+00	0.000e+00	0.000e+00	0.000e+00	0.000e+00	0.000e+00	0.000e+00	0.000e+00	0.000e+00	0.000e+00	0.000e+00	0.000e+00	0.000e+00	0.000e+00	0.000e+00	0.000e+00	0.000e+00	0.000e+00	0.000e+00	0.000e+00	0.000e+00	0.000e+00	0.000e+00	0.000e+00	0.000e+00	0.000e+00	0.000e+00	0.000e+00	0.000e+00	0.000e+00	0.000e+00	0.000e+00	0.000e+00	5.823e+05	0.000e+00	1.456e+05	5.823e+05	5.823e+05	2.911e+05	5.823e+05	5.823e+05	1.310e+06	1.019e+06	1.892e+06	2.620e+06	1.747e+06	2.766e+06	3.494e+06	
37.800	4.114e+06	1.828e+06	2.133e+06	6.856e+06	3.657e+06	1.524e+06	1.981e+06	1.524e+06	3.352e+06	3.961e+06	2.285e+06	3.961e+06	2.285e+06	3.200e+06	3.961e+06	6.247e+06	1.508e+07	4.068e+07	8.060e+07	9.416e+07	8.669e+07	9.477e+07	8.852e+07	9.157e+07	9.781e+07	1.007e+08	9.385e+07	1.003e+08	8.517e+07	3.337e+07	1.828e+06	0.000e+00	0.000e+00	0.000e+00	0.000e+00	0.000e+00	0.000e+00	0.000e+00	0.000e+00	0.000e+00	0.000e+00	0.000e+00	0.000e+00	0.000e+00	0.000e+00	0.000e+00	0.000e+00	0.000e+00	0.000e+00	0.000e+00	0.000e+00	0.000e+00	0.000e+00	0.000e+00	0.000e+00	0.000e+00	0.000e+00	0.000e+00	0.000e+00	0.000e+00	0.000e+00	0.000e+00	0.000e+00	0.000e+00	0.000e+00	0.000e+00	0.000e+00	0.000e+00	0.000e+00	0.000e+00	0.000e+00	0.000e+00	0.000e+00	0.000e+00	0.000e+00	0.000e+00	0.000e+00	0.000e+00	0.000e+00	0.000e+00	0.000e+00	0.000e+00	0.000e+00	0.000e+00	0.000e+00	1.524e+05	1.524e+05	0.000e+00	1.524e+05	6.094e+05	1.981e+06	7.618e+05	2.590e+06	3.657e+06	1.676e+06	3.809e+06	2.895e+06	3.200e+06	4.571e+06	5.180e+06	
41.400	3.209e+05	0.000e+00	6.419e+05	2.247e+06	1.444e+06	9.628e+05	3.209e+05	1.444e+06	2.407e+06	1.926e+06	3.209e+06	3.049e+06	3.691e+06	2.247e+06	2.888e+06	3.851e+06	1.797e+07	3.723e+07	6.627e+07	9.339e+07	9.837e+07	7.349e+07	8.072e+07	9.981e+07	9.805e+07	9.708e+07	9.965e+07	8.890e+07	7.109e+07	3.257e+07	3.049e+06	0.000e+00	0.000e+00	0.000e+00	0.000e+00	0.000e+00	1.605e+05	1.605e+05	0.000e+00	0.000e+00	0.000e+00	0.000e+00	0.000e+00	0.000e+00	0.000e+00	0.000e+00	0.000e+00	0.000e+00	0.000e+00	0.000e+00	0.000e+00	0.000e+00	0.000e+00	0.000e+00	0.000e+00	0.000e+00	0.000e+00	0.000e+00	0.000e+00	0.000e+00	0.000e+00	0.000e+00	0.000e+00	0.000e+00	0.000e+00	0.000e+00	0.000e+00	0.000e+00	0.000e+00	0.000e+00	0.000e+00	0.000e+00	0.000e+00	0.000e+00	0.000e+00	0.000e+00	0.000e+00	0.000e+00	0.000e+00	0.000e+00	0.000e+00	0.000e+00	0.000e+00	0.000e+00	0.000e+00	0.000e+00	1.605e+05	0.000e+00	1.605e+05	6.419e+05	8.023e+05	1.605e+06	1.444e+06	3.049e+06	3.209e+06	2.086e+06	2.567e+06	8.023e+05	1.444e+06	1.123e+06	
45.000	0.000e+00	0.000e+00	1.702e+05	3.404e+05	1.702e+05	5.106e+05	1.702e+05	3.404e+05	5.106e+05	8.510e+05	1.362e+06	6.808e+05	1.702e+05	1.021e+06	1.872e+06	2.723e+06	6.638e+06	2.162e+07	3.336e+07	7.557e+07	1.122e+08	9.225e+07	5.770e+07	5.327e+07	6.246e+07	6.740e+07	6.314e+07	4.595e+07	3.064e+07	1.617e+07	2.213e+06	1.702e+05	0.000e+00	0.000e+00	0.000e+00	1.702e+05	0.000e+00	0.000e+00	0.000e+00	0.000e+00	0.000e+00	0.000e+00	0.000e+00	0.000e+00	0.000e+00	0.000e+00	1.702e+05	0.000e+00	1.702e+05	0.000e+00	0.000e+00	0.000e+00	0.000e+00	0.000e+00	0.000e+00	0.000e+00	0.000e+00	0.000e+00	0.000e+00	0.000e+00	0.000e+00	0.000e+00	0.000e+00	0.000e+00	0.000e+00	0.000e+00	0.000e+00	0.000e+00	0.000e+00	0.000e+00	0.000e+00	0.000e+00	0.000e+00	0.000e+00	0.000e+00	0.000e+00	0.000e+00	0.000e+00	0.000e+00	0.000e+00	0.000e+00	0.000e+00	0.000e+00	0.000e+00	0.000e+00	0.000e+00	0.000e+00	0.000e+00	0.000e+00	0.000e+00	0.000e+00	0.000e+00	0.000e+00	0.000e+00	0.000e+00	0.000e+00	0.000e+00	0.000e+00	0.000e+00	0.000e+00	
48.600	0.000e+00	0.000e+00	0.000e+00	0.000e+00	0.000e+00	0.000e+00	0.000e+00	0.000e+00	0.000e+00	3.639e+05	0.000e+00	0.000e+00	0.000e+00	0.000e+00	3.639e+05	1.274e+06	2.911e+06	5.822e+06	1.965e+07	3.675e+07	8.224e+07	9.516e+07	7.514e+07	7.715e+07	7.587e+07	5.586e+07	3.002e+07	1.437e+07	4.913e+06	3.093e+06	9.097e+05	0.000e+00	0.000e+00	0.000e+00	0.000e+00	0.000e+00	0.000e+00	0.000e+00	0.000e+00	0.000e+00	0.000e+00	1.819e+05	0.000e+00	0.000e+00	1.819e+05	0.000e+00	0.000e+00	3.639e+05	0.000e+00	0.000e+00	0.000e+00	0.000e+00	0.000e+00	0.000e+00	0.000e+00	0.000e+00	0.000e+00	0.000e+00	0.000e+00	0.000e+00	0.000e+00	0.000e+00	0.000e+00	0.000e+00	0.000e+00	0.000e+00	0.000e+00	0.000e+00	0.000e+00	0.000e+00	0.000e+00	0.000e+00	0.000e+00	0.000e+00	0.000e+00	0.000e+00	0.000e+00	0.000e+00	0.000e+00	0.000e+00	0.000e+00	0.000e+00	0.000e+00	0.000e+00	0.000e+00	0.000e+00	0.000e+00	0.000e+00	0.000e+00	0.000e+00	0.000e+00	0.000e+00	0.000e+00	0.000e+00	0.000e+00	0.000e+00	0.000e+00	0.000e+00	0.000e+00	0.000e+00	
52.200	0.000e+00	0.000e+00	0.000e+00	0.000e+00	0.000e+00	0.000e+00	0.000e+00	0.000e+00	0.000e+00	0.000e+00	0.000e+00	0.000e+00	0.000e+00	0.000e+00	0.000e+00	5.888e+05	1.963e+05	5.888e+05	2.159e+06	4.514e+06	9.421e+06	2.355e+07	3.140e+07	2.983e+07	3.317e+07	2.787e+07	1.040e+07	1.570e+06	1.963e+05	3.925e+05	7.851e+05	0.000e+00	0.000e+00	0.000e+00	0.000e+00	0.000e+00	0.000e+00	0.000e+00	0.000e+00	0.000e+00	0.000e+00	0.000e+00	0.000e+00	0.000e+00	0.000e+00	1.963e+05	1.963e+05	7.851e+05	7.851e+05	7.851e+05	0.000e+00	0.000e+00	0.000e+00	0.000e+00	0.000e+00	0.000e+00	0.000e+00	0.000e+00	0.000e+00	0.000e+00	0.000e+00	0.000e+00	0.000e+00	0.000e+00	0.000e+00	0.000e+00	0.000e+00	0.000e+00	0.000e+00	0.000e+00	0.000e+00	0.000e+00	0.000e+00	0.000e+00	0.000e+00	0.000e+00	0.000e+00	0.000e+00	0.000e+00	0.000e+00	0.000e+00	0.000e+00	0.000e+00	0.000e+00	0.000e+00	0.000e+00	0.000e+00	0.000e+00	0.000e+00	0.000e+00	0.000e+00	0.000e+00	0.000e+00	0.000e+00	0.000e+00	0.000e+00	0.000e+00	0.000e+00	0.000e+00	0.000e+00	
55.800	0.000e+00	0.000e+00	0.000e+00	0.000e+00	0.000e+00	0.000e+00	0.000e+00	0.000e+00	0.000e+00	0.000e+00	0.000e+00	0.000e+00	0.000e+00	0.000e+00	2.140e+05	0.000e+00	1.070e+06	1.712e+06	3.851e+06	1.498e+06	1.070e+06	1.070e+06	1.070e+06	1.070e+06	6.419e+05	1.070e+06	1.498e+06	1.712e+06	8.558e+05	6.419e+05	0.000e+00	0.000e+00	0.000e+00	0.000e+00	0.000e+00	0.000e+00	0.000e+00	0.000e+00	0.000e+00	0.000e+00	0.000e+00	0.000e+00	0.000e+00	0.000e+00	0.000e+00	0.000e+00	6.419e+05	2.140e+05	1.712e+06	6.419e+05	0.000e+00	6.419e+05	0.000e+00	0.000e+00	0.000e+00	0.000e+00	0.000e+00	0.000e+00	0.000e+00	0.000e+00	0.000e+00	0.000e+00	0.000e+00	0.000e+00	0.000e+00	0.000e+00	0.000e+00	0.000e+00	0.000e+00	0.000e+00	0.000e+00	0.000e+00	0.000e+00	0.000e+00	0.000e+00	0.000e+00	0.000e+00	0.000e+00	0.000e+00	0.000e+00	0.000e+00	0.000e+00	0.000e+00	0.000e+00	0.000e+00	0.000e+00	0.000e+00	0.000e+00	0.000e+00	0.000e+00	0.000e+00	0.000e+00	0.000e+00	0.000e+00	0.000e+00	0.000e+00	0.000e+00	0.000e+00	0.000e+00	0.000e+00	
59.400	0.000e+00	0.000e+00	0.000e+00	0.000e+00	0.000e+00	0.000e+00	0.000e+00	0.000e+00	0.000e+00	0.000e+00	0.000e+00	0.000e+00	0.000e+00	0.000e+00	0.000e+00	0.000e+00	0.000e+00	7.085e+05	1.417e+06	7.085e+05	0.000e+00	4.724e+05	1.653e+06	2.126e+06	5.196e+06	1.866e+07	3.306e+07	6.235e+07	5.243e+07	3.543e+07	5.196e+06	7.085e+05	0.000e+00	0.000e+00	0.000e+00	0.000e+00	0.000e+00	0.000e+00	0.000e+00	0.000e+00	0.000e+00	0.000e+00	0.000e+00	0.000e+00	0.000e+00	0.000e+00	0.000e+00	0.000e+00	2.362e+05	4.724e+05	4.724e+05	2.362e+05	9.447e+05	4.724e+05	0.000e+00	0.000e+00	0.000e+00	0.000e+00	0.000e+00	0.000e+00	0.000e+00	0.000e+00	0.000e+00	0.000e+00	0.000e+00	0.000e+00	0.000e+00	0.000e+00	0.000e+00	0.000e+00	0.000e+00	0.000e+00	0.000e+00	0.000e+00	0.000e+00	0.000e+00	0.000e+00	0.000e+00	0.000e+00	0.000e+00	0.000e+00	0.000e+00	0.000e+00	0.000e+00	0.000e+00	0.000e+00	0.000e+00	0.000e+00	0.000e+00	0.000e+00	0.000e+00	0.000e+00	0.000e+00	0.000e+00	0.000e+00	0.000e+00	0.000e+00	0.000e+00	0.000e+00	0.000e+00	
63.000	0.000e+00	0.000e+00	0.000e+00	0.000e+00	0.000e+00	0.000e+00	0.000e+00	0.000e+00	0.000e+00	0.000e+00	0.000e+00	0.000e+00	0.000e+00	0.000e+00	0.000e+00	0.000e+00	0.000e+00	2.647e+05	0.000e+00	0.000e+00	0.000e+00	0.000e+00	0.000e+00	5.294e+05	2.118e+06	5.823e+06	2.012e+07	6.988e+07	1.114e+08	1.551e+08	1.538e+08	9.979e+07	5.029e+07	1.588e+06	1.588e+06	3.441e+06	2.382e+06	4.235e+06	1.853e+06	2.647e+05	0.000e+00	0.000e+00	0.000e+00	0.000e+00	0.000e+00	0.000e+00	0.000e+00	0.000e+00	0.000e+00	0.000e+00	2.647e+05	0.000e+00	2.647e+05	0.000e+00	0.000e+00	0.000e+00	0.000e+00	0.000e+00	0.000e+00	0.000e+00	0.000e+00	0.000e+00	0.000e+00	0.000e+00	0.000e+00	0.000e+00	0.000e+00	0.000e+00	0.000e+00	0.000e+00	0.000e+00	0.000e+00	0.000e+00	0.000e+00	0.000e+00	0.000e+00	0.000e+00	0.000e+00	0.000e+00	0.000e+00	0.000e+00	0.000e+00	0.000e+00	0.000e+00	0.000e+00	0.000e+00	0.000e+00	0.000e+00	0.000e+00	0.000e+00	0.000e+00	0.000e+00	0.000e+00	0.000e+00	0.000e+00	0.000e+00	0.000e+00	0.000e+00	0.000e+00	0.000e+00	
66.600	0.000e+00	0.000e+00	0.000e+00	0.000e+00	0.000e+00	0.000e+00	0.000e+00	0.000e+00	0.000e+00	0.000e+00	0.000e+00	0.000e+00	0.000e+00	0.000e+00	0.000e+00	0.000e+00	0.000e+00	0.000e+00	0.000e+00	0.000e+00	0.000e+00	0.000e+00	0.000e+00	0.000e+00	3.024e+05	6.048e+05	3.327e+06	4.839e+06	2.843e+07	6.472e+07	1.255e+08	1.201e+08	9.859e+07	3.054e+07	1.603e+07	1.905e+07	2.964e+07	4.204e+07	4.415e+07	2.177e+07	1.573e+07	1.179e+07	9.073e+06	2.722e+06	0.000e+00	0.000e+00	0.000e+00	0.000e+00	0.000e+00	0.000e+00	0.000e+00	0.000e+00	0.000e+00	0.000e+00	0.000e+00	0.000e+00	0.000e+00	0.000e+00	0.000e+00	0.000e+00	0.000e+00	0.000e+00	0.000e+00	0.000e+00	0.000e+00	0.000e+00	0.000e+00	0.000e+00	0.000e+00	0.000e+00	0.000e+00	0.000e+00	0.000e+00	0.000e+00	0.000e+00	0.000e+00	0.000e+00	0.000e+00	0.000e+00	0.000e+00	0.000e+00	0.000e+00	0.000e+00	0.000e+00	0.000e+00	0.000e+00	0.000e+00	0.000e+00	0.000e+00	0.000e+00	0.000e+00	0.000e+00	0.000e+00	0.000e+00	0.000e+00	0.000e+00	0.000e+00	0.000e+00	0.000e+00	0.000e+00	
70.200	0.000e+00	0.000e+00	0.000e+00	0.000e+00	0.000e+00	0.000e+00	0.000e+00	0.000e+00	0.000e+00	0.000e+00	0.000e+00	0.000e+00	0.000e+00	0.000e+00	0.000e+00	0.000e+00	0.000e+00	0.000e+00	0.000e+00	0.000e+00	0.000e+00	0.000e+00	0.000e+00	0.000e+00	0.000e+00	3.543e+05	0.000e+00	0.000e+00	3.543e+05	2.480e+06	8.149e+06	8.858e+06	1.346e+07	1.594e+07	2.232e+07	2.799e+07	5.492e+07	9.744e+07	1.254e+08	1.254e+08	1.421e+08	1.364e+08	1.077e+08	8.822e+07	6.342e+07	4.393e+07	2.905e+07	1.028e+07	4.960e+06	3.543e+05	3.543e+05	0.000e+00	0.000e+00	0.000e+00	0.000e+00	0.000e+00	0.000e+00	0.000e+00	0.000e+00	0.000e+00	0.000e+00	0.000e+00	0.000e+00	0.000e+00	0.000e+00	0.000e+00	0.000e+00	0.000e+00	0.000e+00	0.000e+00	0.000e+00	0.000e+00	0.000e+00	0.000e+00	0.000e+00	0.000e+00	0.000e+00	0.000e+00	0.000e+00	0.000e+00	0.000e+00	0.000e+00	0.000e+00	0.000e+00	0.000e+00	0.000e+00	0.000e+00	0.000e+00	0.000e+00	0.000e+00	0.000e+00	0.000e+00	0.000e+00	0.000e+00	0.000e+00	0.000e+00	0.000e+00	0.000e+00	0.000e+00	0.000e+00	
73.800	0.000e+00	0.000e+00	0.000e+00	0.000e+00	0.000e+00	0.000e+00	0.000e+00	0.000e+00	0.000e+00	0.000e+00	0.000e+00	0.000e+00	0.000e+00	0.000e+00	0.000e+00	0.000e+00	0.000e+00	0.000e+00	0.000e+00	0.000e+00	0.000e+00	0.000e+00	0.000e+00	0.000e+00	0.000e+00	0.000e+00	0.000e+00	0.000e+00	0.000e+00	0.000e+00	0.000e+00	4.297e+05	1.719e+06	1.719e+06	2.578e+06	2.149e+06	8.595e+06	2.793e+07	3.954e+07	4.942e+07	5.716e+07	6.231e+07	5.157e+07	4.641e+07	3.223e+07	2.922e+07	1.891e+07	2.793e+07	1.848e+07	1.246e+07	2.149e+06	3.868e+06	2.149e+06	1.289e+06	1.289e+06	8.595e+05	4.297e+05	4.297e+05	0.000e+00	0.000e+00	0.000e+00	0.000e+00	0.000e+00	0.000e+00	0.000e+00	4.297e+05	0.000e+00	4.297e+05	0.000e+00	0.000e+00	0.000e+00	4.297e+05	0.000e+00	0.000e+00	0.000e+00	0.000e+00	0.000e+00	0.000e+00	0.000e+00	0.000e+00	0.000e+00	0.000e+00	0.000e+00	0.000e+00	0.000e+00	0.000e+00	0.000e+00	0.000e+00	0.000e+00	0.000e+00	0.000e+00	0.000e+00	0.000e+00	0.000e+00	0.000e+00	0.000e+00	0.000e+00	0.000e+00	0.000e+00	0.000e+00	
77.400	0.000e+00	0.000e+00	0.000e+00	0.000e+00	0.000e+00	0.000e+00	0.000e+00	0.000e+00	0.000e+00	0.000e+00	0.000e+00	0.000e+00	0.000e+00	0.000e+00	0.000e+00	0.000e+00	0.000e+00	0.000e+00	0.000e+00	0.000e+00	0.000e+00	0.000e+00	0.000e+00	0.000e+00	0.000e+00	0.000e+00	0.000e+00	0.000e+00	0.000e+00	0.000e+00	0.000e+00	0.000e+00	0.000e+00	0.000e+00	0.000e+00	0.000e+00	0.000e+00	0.000e+00	5.487e+05	5.487e+05	1.646e+06	1.646e+06	6.585e+06	3.292e+06	1.646e+06	0.000e+00	0.000e+00	0.000e+00	0.000e+00	0.000e+00	5.487e+05	5.487e+05	1.646e+06	1.097e+06	3.841e+06	1.097e+06	0.000e+00	5.487e+05	0.000e+00	5.487e+05	5.487e+05	1.097e+06	0.000e+00	0.000e+00	0.000e+00	0.000e+00	0.000e+00	0.000e+00	0.000e+00	0.000e+00	0.000e+00	0.000e+00	0.000e+00	0.000e+00	0.000e+00	0.000e+00	0.000e+00	0.000e+00	0.000e+00	0.000e+00	0.000e+00	0.000e+00	0.000e+00	0.000e+00	0.000e+00	0.000e+00	0.000e+00	0.000e+00	0.000e+00	0.000e+00	0.000e+00	0.000e+00	0.000e+00	0.000e+00	0.000e+00	0.000e+00	0.000e+00	0.000e+00	0.000e+00	0.000e+00	
81.000	0.000e+00	0.000e+00	0.000e+00	0.000e+00	0.000e+00	0.000e+00	0.000e+00	0.000e+00	0.000e+00	0.000e+00	0.000e+00	0.000e+00	0.000e+00	0.000e+00	0.000e+00	0.000e+00	0.000e+00	0.000e+00	0.000e+00	0.000e+00	0.000e+00	0.000e+00	0.000e+00	0.000e+00	0.000e+00	0.000e+00	0.000e+00	0.000e+00	0.000e+00	0.000e+00	0.000e+00	0.000e+00	0.000e+00	0.000e+00	0.000e+00	0.000e+00	0.000e+00	0.000e+00	0.000e+00	0.000e+00	0.000e+00	0.000e+00	0.000e+00	0.000e+00	0.000e+00	0.000e+00	0.000e+00	0.000e+00	0.000e+00	0.000e+00	0.000e+00	0.000e+00	0.000e+00	0.000e+00	0.000e+00	0.000e+00	0.000e+00	0.000e+00	0.000e+00	0.000e+00	0.000e+00	0.000e+00	0.000e+00	0.000e+00	0.000e+00	0.000e+00	0.000e+00	0.000e+00	0.000e+00	0.000e+00	0.000e+00	0.000e+00	0.000e+00	0.000e+00	0.000e+00	0.000e+00	0.000e+00	0.000e+00	0.000e+00	0.000e+00	0.000e+00	0.000e+00	0.000e+00	0.000e+00	0.000e+00	0.000e+00	0.000e+00	0.000e+00	0.000e+00	0.000e+00	0.000e+00	0.000e+00	0.000e+00	0.000e+00	0.000e+00	0.000e+00	0.000e+00	0.000e+00	0.000e+00	0.000e+00	
84.600	0.000e+00	0.000e+00	0.000e+00	0.000e+00	0.000e+00	0.000e+00	0.000e+00	0.000e+00	0.000e+00	0.000e+00	0.000e+00	0.000e+00	0.000e+00	0.000e+00	0.000e+00	0.000e+00	0.000e+00	0.000e+00	0.000e+00	0.000e+00	0.000e+00	0.000e+00	0.000e+00	0.000e+00	0.000e+00	0.000e+00	0.000e+00	0.000e+00	0.000e+00	0.000e+00	0.000e+00	0.000e+00	0.000e+00	0.000e+00	0.000e+00	0.000e+00	0.000e+00	0.000e+00	0.000e+00	0.000e+00	0.000e+00	0.000e+00	0.000e+00	0.000e+00	0.000e+00	0.000e+00	0.000e+00	0.000e+00	0.000e+00	0.000e+00	0.000e+00	0.000e+00	0.000e+00	0.000e+00	0.000e+00	0.000e+00	0.000e+00	0.000e+00	0.000e+00	0.000e+00	0.000e+00	0.000e+00	0.000e+00	0.000e+00	0.000e+00	0.000e+00	0.000e+00	0.000e+00	0.000e+00	0.000e+00	0.000e+00	0.000e+00	0.000e+00	0.000e+00	0.000e+00	0.000e+00	0.000e+00	0.000e+00	0.000e+00	0.000e+00	0.000e+00	0.000e+00	0.000e+00	0.000e+00	0.000e+00	0.000e+00	0.000e+00	0.000e+00	0.000e+00	0.000e+00	0.000e+00	0.000e+00	0.000e+00	0.000e+00	0.000e+00	0.000e+00	0.000e+00	0.000e+00	0.000e+00	0.000e+00	
88.200	0.000e+00	0.000e+00	0.000e+00	0.000e+00	0.000e+00	0.000e+00	0.000e+00	0.000e+00	0.000e+00	0.000e+00	0.000e+00	0.000e+00	0.000e+00	0.000e+00	0.000e+00	0.000e+00	0.000e+00	0.000e+00	0.000e+00	0.000e+00	0.000e+00	0.000e+00	0.000e+00	0.000e+00	0.000e+00	0.000e+00	0.000e+00	0.000e+00	0.000e+00	0.000e+00	0.000e+00	0.000e+00	0.000e+00	0.000e+00	0.000e+00	0.000e+00	0.000e+00	0.000e+00	0.000e+00	0.000e+00	0.000e+00	0.000e+00	0.000e+00	0.000e+00	0.000e+00	0.000e+00	0.000e+00	0.000e+00	0.000e+00	0.000e+00	0.000e+00	0.000e+00	0.000e+00	0.000e+00	0.000e+00	0.000e+00	0.000e+00	0.000e+00	0.000e+00	0.000e+00	0.000e+00	0.000e+00	0.000e+00	0.000e+00	0.000e+00	0.000e+00	0.000e+00	0.000e+00	0.000e+00	0.000e+00	0.000e+00	0.000e+00	0.000e+00	0.000e+00	0.000e+00	0.000e+00	0.000e+00	0.000e+00	0.000e+00	0.000e+00	0.000e+00	0.000e+00	0.000e+00	0.000e+00	0.000e+00	0.000e+00	0.000e+00	0.000e+00	0.000e+00	0.000e+00	0.000e+00	0.000e+00	0.000e+00	0.000e+00	0.000e+00	0.000e+00	0.000e+00	0.000e+00	0.000e+00	0.000e+00	
