#
# Protons precipitation map
# Simulation setup: northward IMF, same Solar wind as Aizawa et al. (2021)
# Simulation code: iPIC3D
# Simulation path: /home/flavorenti/Bureau/data_simu_iPIC3D/Mercury_SaeInit/PR1/Normal-newbox/texts/
# Output: Flux, units 1/cm2/s
# Output minimum: 1e-6
# Grid X-Axis (first row): local time [hours] from 0 to 24 with 100 equispaced bins
# Grid Y-Axis (first column): latitude [deg.] from -90 to 90 with 50 equispaced bins
# Signature: Federico Lavorenti
#
nan	0.120	0.360	0.600	0.840	1.080	1.320	1.560	1.800	2.040	2.280	2.520	2.760	3.000	3.240	3.480	3.720	3.960	4.200	4.440	4.680	4.920	5.160	5.400	5.640	5.880	6.120	6.360	6.600	6.840	7.080	7.320	7.560	7.800	8.040	8.280	8.520	8.760	9.000	9.240	9.480	9.720	9.960	10.200	10.440	10.680	10.920	11.160	11.400	11.640	11.880	12.120	12.360	12.600	12.840	13.080	13.320	13.560	13.800	14.040	14.280	14.520	14.760	15.000	15.240	15.480	15.720	15.960	16.200	16.440	16.680	16.920	17.160	17.400	17.640	17.880	18.120	18.360	18.600	18.840	19.080	19.320	19.560	19.800	20.040	20.280	20.520	20.760	21.000	21.240	21.480	21.720	21.960	22.200	22.440	22.680	22.920	23.160	23.400	23.640	23.880	
-88.200	0.000e+00	0.000e+00	0.000e+00	0.000e+00	0.000e+00	0.000e+00	0.000e+00	0.000e+00	0.000e+00	3.276e+06	0.000e+00	0.000e+00	6.553e+06	0.000e+00	0.000e+00	0.000e+00	0.000e+00	0.000e+00	0.000e+00	0.000e+00	0.000e+00	0.000e+00	0.000e+00	0.000e+00	0.000e+00	3.276e+06	0.000e+00	0.000e+00	0.000e+00	0.000e+00	0.000e+00	0.000e+00	0.000e+00	0.000e+00	0.000e+00	0.000e+00	0.000e+00	0.000e+00	0.000e+00	0.000e+00	0.000e+00	0.000e+00	0.000e+00	0.000e+00	0.000e+00	0.000e+00	0.000e+00	0.000e+00	0.000e+00	3.276e+06	0.000e+00	0.000e+00	0.000e+00	0.000e+00	0.000e+00	0.000e+00	0.000e+00	0.000e+00	0.000e+00	0.000e+00	0.000e+00	0.000e+00	0.000e+00	0.000e+00	0.000e+00	0.000e+00	0.000e+00	3.276e+06	0.000e+00	0.000e+00	0.000e+00	0.000e+00	0.000e+00	0.000e+00	0.000e+00	0.000e+00	0.000e+00	0.000e+00	0.000e+00	0.000e+00	0.000e+00	0.000e+00	0.000e+00	3.276e+06	0.000e+00	0.000e+00	3.276e+06	0.000e+00	0.000e+00	0.000e+00	0.000e+00	0.000e+00	0.000e+00	0.000e+00	0.000e+00	0.000e+00	0.000e+00	0.000e+00	0.000e+00	0.000e+00	
-84.600	0.000e+00	2.187e+06	0.000e+00	2.187e+06	1.094e+06	1.094e+06	0.000e+00	2.187e+06	2.187e+06	3.281e+06	0.000e+00	1.094e+06	0.000e+00	2.187e+06	1.094e+06	2.187e+06	2.187e+06	0.000e+00	0.000e+00	1.094e+06	0.000e+00	0.000e+00	0.000e+00	0.000e+00	0.000e+00	0.000e+00	0.000e+00	0.000e+00	0.000e+00	0.000e+00	0.000e+00	0.000e+00	0.000e+00	1.094e+06	0.000e+00	0.000e+00	0.000e+00	0.000e+00	0.000e+00	0.000e+00	0.000e+00	0.000e+00	0.000e+00	0.000e+00	1.094e+06	1.094e+06	0.000e+00	1.094e+06	2.187e+06	0.000e+00	1.094e+06	0.000e+00	1.094e+06	0.000e+00	0.000e+00	2.187e+06	0.000e+00	0.000e+00	0.000e+00	0.000e+00	1.094e+06	0.000e+00	0.000e+00	0.000e+00	0.000e+00	0.000e+00	1.094e+06	0.000e+00	0.000e+00	0.000e+00	0.000e+00	1.094e+06	1.094e+06	1.094e+06	0.000e+00	0.000e+00	0.000e+00	0.000e+00	0.000e+00	0.000e+00	0.000e+00	0.000e+00	1.094e+06	1.094e+06	0.000e+00	0.000e+00	0.000e+00	0.000e+00	0.000e+00	1.094e+06	0.000e+00	0.000e+00	3.281e+06	0.000e+00	1.094e+06	1.094e+06	2.187e+06	5.468e+06	0.000e+00	2.187e+06	
-81.000	1.974e+06	1.316e+06	0.000e+00	1.316e+06	1.974e+06	1.316e+06	1.974e+06	3.947e+06	3.289e+06	3.289e+06	0.000e+00	1.974e+06	1.316e+06	4.605e+06	0.000e+00	1.974e+06	6.578e+05	6.578e+05	0.000e+00	0.000e+00	6.578e+05	0.000e+00	0.000e+00	0.000e+00	0.000e+00	0.000e+00	0.000e+00	0.000e+00	0.000e+00	0.000e+00	0.000e+00	0.000e+00	1.316e+06	0.000e+00	6.578e+05	0.000e+00	1.316e+06	6.578e+05	6.578e+05	0.000e+00	1.974e+06	0.000e+00	0.000e+00	6.578e+05	3.947e+06	6.578e+06	1.974e+06	2.631e+06	3.947e+06	2.631e+06	2.631e+06	1.974e+06	6.578e+05	0.000e+00	0.000e+00	1.316e+06	6.578e+05	6.578e+05	0.000e+00	0.000e+00	6.578e+05	6.578e+05	1.316e+06	0.000e+00	0.000e+00	0.000e+00	0.000e+00	0.000e+00	0.000e+00	0.000e+00	0.000e+00	0.000e+00	0.000e+00	0.000e+00	0.000e+00	0.000e+00	0.000e+00	0.000e+00	6.578e+05	0.000e+00	0.000e+00	0.000e+00	0.000e+00	0.000e+00	0.000e+00	0.000e+00	0.000e+00	0.000e+00	0.000e+00	6.578e+05	0.000e+00	0.000e+00	6.578e+05	0.000e+00	1.316e+06	0.000e+00	6.578e+05	0.000e+00	0.000e+00	0.000e+00	
-77.400	4.718e+05	1.887e+06	0.000e+00	4.718e+05	2.359e+06	9.435e+05	1.887e+06	2.831e+06	1.415e+06	2.359e+06	1.887e+06	3.302e+06	3.302e+06	4.246e+06	1.887e+06	6.133e+06	2.359e+06	1.887e+06	9.435e+05	0.000e+00	0.000e+00	0.000e+00	0.000e+00	0.000e+00	0.000e+00	0.000e+00	0.000e+00	0.000e+00	0.000e+00	0.000e+00	4.718e+05	0.000e+00	1.415e+06	0.000e+00	4.718e+05	4.718e+05	1.415e+06	1.887e+06	1.887e+06	5.189e+06	6.133e+06	1.368e+07	9.907e+06	2.359e+07	3.066e+07	2.689e+07	2.359e+07	2.595e+07	2.547e+07	1.604e+07	9.907e+06	8.963e+06	4.718e+06	2.359e+06	9.435e+05	4.718e+05	4.718e+05	4.718e+05	4.718e+05	0.000e+00	0.000e+00	0.000e+00	1.415e+06	0.000e+00	4.718e+05	0.000e+00	0.000e+00	4.718e+05	0.000e+00	0.000e+00	0.000e+00	4.718e+05	0.000e+00	4.718e+05	0.000e+00	0.000e+00	4.718e+05	4.718e+05	4.718e+05	0.000e+00	0.000e+00	0.000e+00	4.718e+05	4.718e+05	0.000e+00	0.000e+00	0.000e+00	0.000e+00	0.000e+00	0.000e+00	0.000e+00	0.000e+00	0.000e+00	4.718e+05	0.000e+00	0.000e+00	4.718e+05	0.000e+00	9.435e+05	9.435e+05	
-73.800	3.689e+05	7.377e+05	0.000e+00	1.107e+06	7.377e+05	1.844e+06	1.844e+06	1.844e+06	2.213e+06	4.795e+06	2.213e+06	3.689e+06	4.057e+06	4.426e+06	5.533e+06	3.689e+06	7.377e+05	1.107e+06	3.689e+05	3.689e+05	0.000e+00	3.689e+05	0.000e+00	0.000e+00	0.000e+00	0.000e+00	0.000e+00	3.689e+05	7.377e+05	7.377e+05	1.475e+06	1.107e+06	1.107e+06	1.844e+06	2.213e+06	5.164e+06	7.377e+06	1.512e+07	2.619e+07	3.098e+07	5.275e+07	5.644e+07	6.012e+07	6.271e+07	8.558e+07	7.857e+07	8.115e+07	8.152e+07	8.226e+07	6.381e+07	5.644e+07	4.943e+07	3.098e+07	1.586e+07	7.377e+06	2.213e+06	1.107e+06	7.377e+05	1.107e+06	0.000e+00	3.689e+05	0.000e+00	0.000e+00	3.689e+05	3.689e+05	0.000e+00	3.689e+05	0.000e+00	3.689e+05	0.000e+00	3.689e+05	3.689e+05	0.000e+00	3.689e+05	0.000e+00	0.000e+00	7.377e+05	3.689e+05	3.689e+05	0.000e+00	3.689e+05	0.000e+00	3.689e+05	0.000e+00	0.000e+00	0.000e+00	0.000e+00	0.000e+00	0.000e+00	7.377e+05	0.000e+00	0.000e+00	0.000e+00	3.689e+05	3.689e+05	3.689e+05	0.000e+00	7.377e+05	0.000e+00	1.107e+06	
-70.200	1.215e+06	6.076e+05	0.000e+00	6.076e+05	9.114e+05	1.519e+06	1.215e+06	6.076e+05	2.127e+06	3.646e+06	2.734e+06	3.949e+06	3.342e+06	6.076e+06	5.165e+06	5.165e+06	2.127e+06	2.430e+06	2.127e+06	1.519e+06	6.076e+05	0.000e+00	3.038e+05	0.000e+00	3.038e+05	6.076e+05	0.000e+00	3.038e+05	3.038e+05	6.076e+05	1.215e+06	9.114e+05	2.127e+06	6.380e+06	1.094e+07	1.792e+07	3.311e+07	4.496e+07	5.286e+07	7.777e+07	9.661e+07	1.136e+08	1.416e+08	1.473e+08	1.379e+08	1.343e+08	1.249e+08	1.440e+08	1.641e+08	1.577e+08	1.428e+08	1.349e+08	1.118e+08	7.656e+07	4.284e+07	2.582e+07	1.003e+07	3.038e+06	0.000e+00	6.076e+05	1.215e+06	0.000e+00	3.038e+05	3.038e+05	3.038e+05	3.038e+05	6.076e+05	0.000e+00	0.000e+00	0.000e+00	3.038e+05	6.076e+05	0.000e+00	3.038e+05	0.000e+00	0.000e+00	0.000e+00	0.000e+00	3.038e+05	3.038e+05	3.038e+05	3.038e+05	0.000e+00	9.114e+05	6.076e+05	1.823e+06	0.000e+00	3.038e+05	6.076e+05	0.000e+00	3.038e+05	0.000e+00	3.038e+05	3.038e+05	3.038e+05	0.000e+00	3.038e+05	0.000e+00	3.038e+05	0.000e+00	
-66.600	5.182e+05	0.000e+00	5.182e+05	7.774e+05	5.182e+05	7.774e+05	1.036e+06	1.036e+06	1.296e+06	3.369e+06	1.555e+06	2.332e+06	2.850e+06	3.628e+06	3.628e+06	6.996e+06	4.923e+06	3.109e+06	3.628e+06	2.850e+06	5.182e+05	2.591e+05	2.591e+05	5.182e+05	2.591e+05	2.591e+05	0.000e+00	0.000e+00	1.296e+06	5.182e+05	1.296e+06	3.109e+06	1.062e+07	2.539e+07	4.820e+07	7.618e+07	8.318e+07	1.039e+08	1.036e+08	1.197e+08	1.231e+08	1.068e+08	9.536e+07	9.069e+07	6.815e+07	5.726e+07	6.478e+07	7.696e+07	1.384e+08	1.754e+08	1.933e+08	1.780e+08	1.669e+08	1.508e+08	1.176e+08	1.005e+08	4.664e+07	2.099e+07	7.514e+06	1.296e+06	1.555e+06	5.182e+05	2.591e+05	7.774e+05	0.000e+00	2.591e+05	1.036e+06	2.591e+05	2.591e+05	0.000e+00	2.591e+05	0.000e+00	5.182e+05	2.591e+05	2.591e+05	0.000e+00	2.591e+05	2.591e+05	0.000e+00	0.000e+00	2.591e+05	0.000e+00	0.000e+00	0.000e+00	7.774e+05	7.774e+05	0.000e+00	2.591e+05	2.591e+05	1.036e+06	0.000e+00	0.000e+00	0.000e+00	2.591e+05	0.000e+00	0.000e+00	0.000e+00	0.000e+00	2.591e+05	5.182e+05	
-63.000	0.000e+00	2.267e+05	2.267e+05	0.000e+00	6.800e+05	0.000e+00	4.533e+05	6.800e+05	4.533e+05	9.067e+05	1.133e+06	1.133e+06	1.360e+06	2.493e+06	2.947e+06	3.853e+06	4.080e+06	4.533e+06	9.067e+06	4.307e+06	2.267e+06	6.800e+05	6.800e+05	2.267e+05	2.267e+05	0.000e+00	4.533e+05	0.000e+00	0.000e+00	4.533e+05	1.360e+06	4.987e+06	1.541e+07	4.216e+07	5.984e+07	7.299e+07	8.047e+07	7.616e+07	8.931e+07	1.086e+08	1.349e+08	1.249e+08	7.979e+07	6.845e+07	5.689e+07	4.579e+07	4.375e+07	7.231e+07	1.034e+08	1.097e+08	1.235e+08	1.331e+08	1.482e+08	1.666e+08	1.652e+08	1.650e+08	1.165e+08	5.780e+07	3.173e+07	2.085e+07	1.133e+07	4.760e+06	3.400e+06	1.587e+06	1.360e+06	2.493e+06	1.133e+06	9.067e+05	1.587e+06	6.800e+05	0.000e+00	6.800e+05	9.067e+05	2.267e+05	1.133e+06	6.800e+05	0.000e+00	4.533e+05	4.533e+05	0.000e+00	0.000e+00	2.267e+05	0.000e+00	0.000e+00	0.000e+00	4.533e+05	6.800e+05	4.533e+05	0.000e+00	2.267e+05	2.267e+05	0.000e+00	0.000e+00	0.000e+00	0.000e+00	0.000e+00	0.000e+00	0.000e+00	0.000e+00	0.000e+00	
-59.400	0.000e+00	4.043e+05	6.065e+05	2.022e+05	2.022e+05	0.000e+00	4.043e+05	8.086e+05	8.086e+05	4.043e+05	1.617e+06	1.819e+06	1.617e+06	0.000e+00	1.415e+06	1.415e+06	2.628e+06	2.628e+06	4.852e+06	8.895e+06	6.469e+06	4.650e+06	2.224e+06	1.213e+06	6.065e+05	0.000e+00	4.043e+05	4.043e+05	2.022e+05	1.011e+06	7.884e+06	1.617e+07	2.749e+07	5.256e+07	5.822e+07	6.469e+07	8.430e+07	1.007e+08	1.274e+08	1.336e+08	1.261e+08	1.065e+08	7.904e+07	7.480e+07	8.309e+07	9.057e+07	1.071e+08	1.217e+08	1.591e+08	1.674e+08	1.805e+08	1.844e+08	1.702e+08	1.991e+08	1.888e+08	1.799e+08	1.542e+08	1.011e+08	6.125e+07	4.447e+07	2.850e+07	2.082e+07	1.274e+07	8.895e+06	6.469e+06	4.650e+06	4.043e+06	3.032e+06	3.234e+06	1.617e+06	2.224e+06	8.086e+05	1.617e+06	6.065e+05	2.022e+05	0.000e+00	6.065e+05	4.043e+05	6.065e+05	4.043e+05	6.065e+05	0.000e+00	0.000e+00	0.000e+00	0.000e+00	4.043e+05	1.213e+06	4.043e+05	2.022e+05	4.043e+05	0.000e+00	2.022e+05	0.000e+00	0.000e+00	0.000e+00	0.000e+00	0.000e+00	0.000e+00	0.000e+00	0.000e+00	
-55.800	3.662e+05	1.831e+05	0.000e+00	0.000e+00	3.662e+05	0.000e+00	0.000e+00	0.000e+00	3.662e+05	1.465e+06	5.492e+05	7.323e+05	1.282e+06	5.492e+05	3.662e+05	7.323e+05	9.154e+05	2.014e+06	2.929e+06	8.788e+06	1.208e+07	7.506e+06	4.577e+06	4.577e+06	1.648e+06	7.323e+05	9.154e+05	1.831e+05	1.831e+06	6.591e+06	1.098e+07	1.904e+07	3.186e+07	3.387e+07	4.321e+07	5.566e+07	7.030e+07	8.385e+07	9.831e+07	1.097e+08	1.172e+08	1.283e+08	1.342e+08	1.512e+08	1.580e+08	1.620e+08	1.585e+08	1.642e+08	1.573e+08	1.629e+08	1.600e+08	1.593e+08	1.721e+08	1.576e+08	1.452e+08	1.144e+08	1.055e+08	1.018e+08	8.824e+07	5.950e+07	3.918e+07	2.710e+07	1.739e+07	1.465e+07	1.007e+07	7.323e+06	6.225e+06	5.675e+06	3.112e+06	3.112e+06	2.563e+06	2.197e+06	1.648e+06	2.929e+06	2.380e+06	7.323e+05	7.323e+05	1.098e+06	7.323e+05	9.154e+05	5.492e+05	1.831e+05	0.000e+00	0.000e+00	1.831e+05	3.662e+05	0.000e+00	0.000e+00	1.831e+05	1.831e+05	0.000e+00	1.831e+05	0.000e+00	0.000e+00	0.000e+00	0.000e+00	0.000e+00	1.831e+05	0.000e+00	0.000e+00	
-52.200	1.679e+05	0.000e+00	0.000e+00	0.000e+00	0.000e+00	0.000e+00	0.000e+00	0.000e+00	1.679e+05	1.679e+05	8.395e+05	6.716e+05	1.511e+06	1.007e+06	3.358e+05	6.716e+05	0.000e+00	8.395e+05	3.862e+06	7.723e+06	1.578e+07	9.738e+06	6.548e+06	9.234e+06	8.730e+06	2.351e+06	1.511e+06	3.526e+06	7.387e+06	7.891e+06	1.209e+07	1.410e+07	2.250e+07	2.334e+07	3.626e+07	4.651e+07	5.121e+07	7.303e+07	7.941e+07	8.630e+07	1.012e+08	1.148e+08	1.184e+08	1.377e+08	1.367e+08	1.397e+08	1.400e+08	1.311e+08	1.286e+08	1.477e+08	1.577e+08	1.516e+08	1.634e+08	1.677e+08	1.504e+08	1.111e+08	8.730e+07	7.421e+07	5.876e+07	4.684e+07	4.248e+07	3.089e+07	2.015e+07	1.494e+07	1.310e+07	9.738e+06	7.387e+06	7.723e+06	5.205e+06	5.876e+06	4.701e+06	4.365e+06	4.197e+06	3.862e+06	2.854e+06	2.183e+06	2.015e+06	1.175e+06	1.007e+06	3.358e+05	0.000e+00	0.000e+00	1.679e+05	1.679e+05	3.358e+05	1.679e+05	3.358e+05	0.000e+00	0.000e+00	1.679e+05	0.000e+00	0.000e+00	0.000e+00	0.000e+00	0.000e+00	0.000e+00	0.000e+00	0.000e+00	0.000e+00	0.000e+00	
-48.600	0.000e+00	0.000e+00	0.000e+00	0.000e+00	0.000e+00	0.000e+00	1.556e+05	0.000e+00	3.112e+05	3.112e+05	3.112e+05	7.780e+05	1.245e+06	1.556e+05	7.780e+05	1.556e+05	1.245e+06	7.780e+05	4.824e+06	8.558e+06	1.307e+07	1.027e+07	6.691e+06	1.229e+07	1.120e+07	9.959e+06	8.247e+06	9.336e+06	9.025e+06	9.492e+06	1.105e+07	1.572e+07	1.945e+07	2.303e+07	2.956e+07	3.843e+07	4.279e+07	5.539e+07	6.831e+07	7.267e+07	7.671e+07	9.616e+07	9.818e+07	9.321e+07	1.036e+08	1.046e+08	1.137e+08	1.106e+08	1.071e+08	1.053e+08	1.064e+08	1.173e+08	1.334e+08	1.343e+08	1.306e+08	1.130e+08	1.057e+08	7.765e+07	6.380e+07	4.995e+07	4.559e+07	3.034e+07	2.552e+07	2.459e+07	2.241e+07	1.712e+07	1.494e+07	1.276e+07	1.229e+07	1.229e+07	8.558e+06	7.469e+06	7.624e+06	6.691e+06	7.313e+06	4.668e+06	2.801e+06	3.734e+06	1.712e+06	3.112e+05	0.000e+00	0.000e+00	0.000e+00	4.668e+05	1.556e+05	0.000e+00	0.000e+00	1.556e+05	0.000e+00	0.000e+00	0.000e+00	0.000e+00	0.000e+00	0.000e+00	1.556e+05	0.000e+00	0.000e+00	0.000e+00	0.000e+00	0.000e+00	
-45.000	0.000e+00	0.000e+00	0.000e+00	0.000e+00	0.000e+00	0.000e+00	0.000e+00	0.000e+00	0.000e+00	1.455e+05	2.910e+05	0.000e+00	4.366e+05	2.910e+05	4.366e+05	8.731e+05	5.821e+05	1.164e+06	2.765e+06	1.135e+07	1.237e+07	1.208e+07	5.821e+06	1.426e+07	1.353e+07	1.324e+07	1.077e+07	1.266e+07	1.091e+07	1.164e+07	1.077e+07	1.193e+07	1.892e+07	2.168e+07	1.877e+07	2.547e+07	3.347e+07	3.565e+07	3.973e+07	4.584e+07	5.079e+07	6.126e+07	6.418e+07	7.480e+07	8.251e+07	7.480e+07	7.975e+07	7.698e+07	8.775e+07	9.284e+07	9.532e+07	1.016e+08	1.077e+08	9.997e+07	1.048e+08	8.921e+07	8.498e+07	7.785e+07	6.578e+07	5.181e+07	4.642e+07	4.598e+07	3.623e+07	3.449e+07	2.925e+07	2.881e+07	2.445e+07	2.532e+07	2.518e+07	2.008e+07	1.353e+07	1.266e+07	9.459e+06	1.237e+07	9.168e+06	7.858e+06	4.657e+06	4.366e+05	7.276e+05	1.455e+05	0.000e+00	2.910e+05	1.455e+05	1.455e+05	0.000e+00	0.000e+00	1.455e+05	1.455e+05	0.000e+00	0.000e+00	1.455e+05	0.000e+00	0.000e+00	0.000e+00	0.000e+00	0.000e+00	0.000e+00	0.000e+00	0.000e+00	0.000e+00	
-41.400	0.000e+00	0.000e+00	0.000e+00	0.000e+00	0.000e+00	0.000e+00	1.372e+05	0.000e+00	0.000e+00	1.372e+05	0.000e+00	1.372e+05	0.000e+00	4.115e+05	6.859e+05	4.115e+05	9.602e+05	1.235e+06	3.704e+06	1.029e+07	1.482e+07	1.605e+07	9.191e+06	1.235e+07	1.385e+07	1.331e+07	1.248e+07	1.372e+07	7.956e+06	4.664e+06	5.350e+06	5.487e+06	4.801e+06	6.310e+06	6.722e+06	9.191e+06	1.207e+07	1.097e+07	1.591e+07	2.113e+07	2.497e+07	2.634e+07	3.704e+07	4.102e+07	4.335e+07	4.883e+07	5.405e+07	5.899e+07	6.049e+07	6.584e+07	6.914e+07	7.709e+07	7.956e+07	7.435e+07	8.217e+07	6.557e+07	6.598e+07	7.023e+07	6.653e+07	5.926e+07	5.418e+07	5.528e+07	4.897e+07	4.184e+07	3.717e+07	3.978e+07	3.018e+07	2.730e+07	2.675e+07	2.113e+07	2.181e+07	1.852e+07	1.578e+07	1.358e+07	8.093e+06	3.978e+06	1.646e+06	8.231e+05	4.115e+05	1.372e+05	2.744e+05	0.000e+00	0.000e+00	0.000e+00	0.000e+00	0.000e+00	0.000e+00	0.000e+00	0.000e+00	0.000e+00	0.000e+00	0.000e+00	0.000e+00	0.000e+00	0.000e+00	0.000e+00	0.000e+00	0.000e+00	0.000e+00	0.000e+00	
-37.800	0.000e+00	0.000e+00	0.000e+00	0.000e+00	0.000e+00	0.000e+00	0.000e+00	0.000e+00	0.000e+00	0.000e+00	0.000e+00	1.302e+05	3.907e+05	5.209e+05	5.209e+05	5.209e+05	6.511e+05	1.432e+06	8.074e+06	1.875e+07	3.477e+07	2.565e+07	9.767e+06	1.107e+07	1.107e+07	1.003e+07	7.292e+06	5.469e+06	1.823e+06	4.558e+06	7.683e+06	9.636e+06	1.341e+07	1.198e+07	1.185e+07	1.237e+07	1.758e+07	1.940e+07	1.810e+07	2.110e+07	2.123e+07	2.644e+07	3.099e+07	3.151e+07	3.711e+07	4.115e+07	3.881e+07	4.362e+07	4.402e+07	4.662e+07	5.339e+07	5.587e+07	6.042e+07	5.990e+07	5.873e+07	6.029e+07	5.665e+07	6.446e+07	5.899e+07	5.847e+07	5.157e+07	4.727e+07	4.428e+07	4.336e+07	3.959e+07	3.360e+07	2.904e+07	2.826e+07	2.617e+07	2.240e+07	1.836e+07	8.855e+06	5.079e+06	2.604e+06	2.344e+06	1.563e+06	1.302e+05	1.302e+05	1.302e+05	1.302e+05	1.302e+05	1.302e+05	0.000e+00	0.000e+00	1.302e+05	0.000e+00	0.000e+00	0.000e+00	0.000e+00	0.000e+00	0.000e+00	0.000e+00	0.000e+00	0.000e+00	0.000e+00	0.000e+00	1.302e+05	0.000e+00	0.000e+00	0.000e+00	
-34.200	0.000e+00	0.000e+00	0.000e+00	0.000e+00	0.000e+00	0.000e+00	1.244e+05	0.000e+00	0.000e+00	0.000e+00	0.000e+00	0.000e+00	1.244e+05	1.244e+05	4.976e+05	1.120e+06	2.613e+06	4.603e+06	1.269e+07	3.608e+07	5.648e+07	4.379e+07	1.630e+07	9.579e+06	9.828e+06	7.340e+06	1.306e+07	9.828e+06	1.256e+07	9.206e+06	5.971e+06	3.981e+06	2.737e+06	1.368e+06	1.244e+06	1.990e+06	1.368e+06	2.737e+06	2.613e+06	2.488e+06	3.110e+06	3.359e+06	4.976e+06	6.096e+06	8.460e+06	1.182e+07	1.344e+07	1.505e+07	1.207e+07	1.244e+07	1.903e+07	2.003e+07	2.998e+07	3.197e+07	2.488e+07	3.011e+07	3.172e+07	3.521e+07	3.384e+07	3.210e+07	2.787e+07	2.849e+07	2.749e+07	2.015e+07	1.903e+07	1.381e+07	8.086e+06	7.589e+06	4.354e+06	2.364e+06	1.244e+05	1.244e+05	1.244e+05	0.000e+00	0.000e+00	1.244e+05	3.732e+05	0.000e+00	1.244e+05	1.244e+05	0.000e+00	0.000e+00	0.000e+00	0.000e+00	0.000e+00	1.244e+05	0.000e+00	0.000e+00	0.000e+00	0.000e+00	0.000e+00	0.000e+00	0.000e+00	0.000e+00	0.000e+00	0.000e+00	0.000e+00	0.000e+00	0.000e+00	0.000e+00	
-30.600	0.000e+00	0.000e+00	0.000e+00	0.000e+00	0.000e+00	1.195e+05	0.000e+00	0.000e+00	0.000e+00	0.000e+00	0.000e+00	0.000e+00	0.000e+00	0.000e+00	4.781e+05	3.586e+05	5.977e+05	4.184e+06	2.044e+07	4.722e+07	7.901e+07	6.072e+07	3.490e+07	1.901e+07	2.486e+07	1.745e+07	9.443e+06	6.096e+06	4.781e+06	1.554e+06	1.076e+06	3.586e+05	2.391e+05	3.586e+05	1.195e+05	2.391e+05	1.195e+05	2.391e+05	2.391e+05	2.391e+05	1.195e+05	1.195e+05	4.781e+05	7.172e+05	2.391e+05	0.000e+00	0.000e+00	4.781e+05	1.195e+05	3.586e+05	2.391e+05	2.391e+05	4.781e+05	2.391e+05	1.195e+05	2.391e+05	2.391e+05	1.315e+06	3.586e+05	5.977e+05	8.368e+05	7.172e+05	4.781e+05	4.781e+05	1.195e+05	0.000e+00	2.391e+05	0.000e+00	1.195e+05	0.000e+00	0.000e+00	0.000e+00	0.000e+00	0.000e+00	0.000e+00	0.000e+00	0.000e+00	0.000e+00	0.000e+00	1.195e+05	0.000e+00	0.000e+00	0.000e+00	0.000e+00	0.000e+00	0.000e+00	0.000e+00	0.000e+00	1.195e+05	1.195e+05	0.000e+00	0.000e+00	0.000e+00	0.000e+00	0.000e+00	0.000e+00	0.000e+00	0.000e+00	0.000e+00	0.000e+00	
-27.000	0.000e+00	0.000e+00	0.000e+00	0.000e+00	0.000e+00	0.000e+00	0.000e+00	0.000e+00	0.000e+00	0.000e+00	1.155e+05	0.000e+00	2.309e+05	0.000e+00	0.000e+00	1.155e+05	6.928e+05	2.887e+06	1.016e+07	3.533e+07	6.536e+07	7.159e+07	5.947e+07	4.365e+07	2.933e+07	1.028e+07	2.771e+06	1.732e+06	8.083e+05	3.464e+05	3.464e+05	3.464e+05	4.619e+05	2.309e+05	1.155e+05	3.464e+05	1.155e+05	0.000e+00	0.000e+00	0.000e+00	0.000e+00	1.155e+05	0.000e+00	0.000e+00	1.155e+05	0.000e+00	0.000e+00	0.000e+00	0.000e+00	0.000e+00	0.000e+00	0.000e+00	0.000e+00	0.000e+00	0.000e+00	0.000e+00	0.000e+00	0.000e+00	0.000e+00	0.000e+00	1.155e+05	0.000e+00	0.000e+00	0.000e+00	0.000e+00	0.000e+00	0.000e+00	0.000e+00	0.000e+00	0.000e+00	0.000e+00	0.000e+00	0.000e+00	0.000e+00	0.000e+00	0.000e+00	0.000e+00	0.000e+00	0.000e+00	0.000e+00	0.000e+00	0.000e+00	0.000e+00	0.000e+00	0.000e+00	1.155e+05	0.000e+00	0.000e+00	1.155e+05	0.000e+00	0.000e+00	0.000e+00	0.000e+00	0.000e+00	0.000e+00	0.000e+00	0.000e+00	0.000e+00	0.000e+00	0.000e+00	
-23.400	0.000e+00	0.000e+00	0.000e+00	1.121e+05	0.000e+00	0.000e+00	0.000e+00	0.000e+00	0.000e+00	0.000e+00	0.000e+00	0.000e+00	0.000e+00	0.000e+00	0.000e+00	1.121e+05	1.121e+05	5.605e+05	6.726e+05	7.623e+06	2.836e+07	5.112e+07	5.504e+07	4.204e+07	1.715e+07	4.596e+06	7.847e+05	3.363e+05	5.605e+05	1.121e+05	4.484e+05	0.000e+00	2.242e+05	3.363e+05	1.121e+05	2.242e+05	1.121e+05	0.000e+00	0.000e+00	0.000e+00	0.000e+00	0.000e+00	0.000e+00	0.000e+00	0.000e+00	0.000e+00	0.000e+00	0.000e+00	0.000e+00	0.000e+00	0.000e+00	0.000e+00	0.000e+00	0.000e+00	0.000e+00	0.000e+00	0.000e+00	0.000e+00	0.000e+00	0.000e+00	0.000e+00	0.000e+00	0.000e+00	0.000e+00	0.000e+00	0.000e+00	0.000e+00	0.000e+00	2.242e+05	0.000e+00	0.000e+00	0.000e+00	0.000e+00	0.000e+00	0.000e+00	0.000e+00	0.000e+00	0.000e+00	0.000e+00	0.000e+00	0.000e+00	0.000e+00	0.000e+00	0.000e+00	0.000e+00	0.000e+00	0.000e+00	0.000e+00	0.000e+00	0.000e+00	0.000e+00	0.000e+00	0.000e+00	0.000e+00	0.000e+00	0.000e+00	0.000e+00	0.000e+00	0.000e+00	0.000e+00	
-19.800	0.000e+00	0.000e+00	0.000e+00	0.000e+00	0.000e+00	0.000e+00	0.000e+00	0.000e+00	0.000e+00	0.000e+00	0.000e+00	0.000e+00	0.000e+00	0.000e+00	0.000e+00	1.093e+05	3.280e+05	1.093e+05	1.093e+05	9.841e+05	3.390e+06	5.577e+06	1.093e+07	1.104e+07	1.093e+06	6.561e+05	3.280e+05	6.561e+05	1.093e+05	2.187e+05	4.374e+05	2.187e+05	3.280e+05	4.374e+05	1.093e+05	1.093e+05	2.187e+05	0.000e+00	0.000e+00	0.000e+00	0.000e+00	0.000e+00	0.000e+00	0.000e+00	0.000e+00	0.000e+00	0.000e+00	0.000e+00	0.000e+00	0.000e+00	0.000e+00	0.000e+00	0.000e+00	0.000e+00	0.000e+00	0.000e+00	0.000e+00	0.000e+00	0.000e+00	0.000e+00	0.000e+00	0.000e+00	0.000e+00	1.093e+05	0.000e+00	0.000e+00	0.000e+00	0.000e+00	0.000e+00	0.000e+00	0.000e+00	0.000e+00	0.000e+00	0.000e+00	0.000e+00	0.000e+00	0.000e+00	0.000e+00	0.000e+00	0.000e+00	0.000e+00	0.000e+00	0.000e+00	0.000e+00	0.000e+00	0.000e+00	0.000e+00	0.000e+00	0.000e+00	0.000e+00	0.000e+00	0.000e+00	0.000e+00	0.000e+00	0.000e+00	0.000e+00	0.000e+00	0.000e+00	0.000e+00	0.000e+00	
-16.200	0.000e+00	0.000e+00	0.000e+00	0.000e+00	0.000e+00	0.000e+00	0.000e+00	0.000e+00	0.000e+00	0.000e+00	0.000e+00	0.000e+00	0.000e+00	0.000e+00	0.000e+00	0.000e+00	1.071e+05	0.000e+00	0.000e+00	1.071e+05	1.071e+05	2.143e+05	2.143e+05	2.143e+05	0.000e+00	0.000e+00	5.357e+05	2.143e+05	4.285e+05	0.000e+00	1.071e+05	3.214e+05	1.071e+05	1.071e+05	0.000e+00	0.000e+00	0.000e+00	0.000e+00	0.000e+00	0.000e+00	0.000e+00	0.000e+00	0.000e+00	0.000e+00	0.000e+00	0.000e+00	0.000e+00	0.000e+00	0.000e+00	0.000e+00	0.000e+00	0.000e+00	0.000e+00	0.000e+00	0.000e+00	0.000e+00	0.000e+00	0.000e+00	0.000e+00	0.000e+00	0.000e+00	0.000e+00	0.000e+00	0.000e+00	0.000e+00	0.000e+00	0.000e+00	0.000e+00	0.000e+00	0.000e+00	0.000e+00	0.000e+00	0.000e+00	0.000e+00	0.000e+00	0.000e+00	0.000e+00	0.000e+00	0.000e+00	0.000e+00	0.000e+00	0.000e+00	0.000e+00	0.000e+00	0.000e+00	0.000e+00	0.000e+00	0.000e+00	0.000e+00	0.000e+00	1.071e+05	0.000e+00	0.000e+00	0.000e+00	0.000e+00	0.000e+00	0.000e+00	0.000e+00	0.000e+00	0.000e+00	
-12.600	0.000e+00	0.000e+00	0.000e+00	1.054e+05	0.000e+00	0.000e+00	0.000e+00	0.000e+00	0.000e+00	0.000e+00	0.000e+00	0.000e+00	0.000e+00	0.000e+00	0.000e+00	0.000e+00	0.000e+00	2.108e+05	2.108e+05	1.054e+05	1.054e+05	1.054e+05	1.054e+05	0.000e+00	2.108e+05	1.054e+05	4.217e+05	2.108e+05	1.054e+05	2.108e+05	1.054e+05	3.162e+05	0.000e+00	0.000e+00	1.054e+05	0.000e+00	0.000e+00	0.000e+00	0.000e+00	0.000e+00	0.000e+00	0.000e+00	0.000e+00	0.000e+00	0.000e+00	0.000e+00	0.000e+00	0.000e+00	0.000e+00	0.000e+00	0.000e+00	0.000e+00	0.000e+00	0.000e+00	0.000e+00	0.000e+00	0.000e+00	0.000e+00	0.000e+00	0.000e+00	0.000e+00	0.000e+00	0.000e+00	0.000e+00	0.000e+00	0.000e+00	0.000e+00	0.000e+00	0.000e+00	0.000e+00	0.000e+00	0.000e+00	0.000e+00	0.000e+00	0.000e+00	0.000e+00	0.000e+00	0.000e+00	0.000e+00	0.000e+00	0.000e+00	0.000e+00	0.000e+00	0.000e+00	0.000e+00	0.000e+00	0.000e+00	0.000e+00	0.000e+00	0.000e+00	0.000e+00	0.000e+00	0.000e+00	0.000e+00	0.000e+00	0.000e+00	0.000e+00	0.000e+00	0.000e+00	0.000e+00	
-9.000	0.000e+00	0.000e+00	0.000e+00	0.000e+00	0.000e+00	1.042e+05	0.000e+00	0.000e+00	0.000e+00	2.083e+05	1.042e+05	0.000e+00	0.000e+00	0.000e+00	0.000e+00	0.000e+00	1.042e+05	2.083e+05	0.000e+00	0.000e+00	1.042e+05	0.000e+00	1.042e+05	0.000e+00	0.000e+00	5.208e+05	5.208e+05	0.000e+00	1.042e+05	1.042e+05	1.042e+05	0.000e+00	1.042e+05	2.083e+05	0.000e+00	1.042e+05	0.000e+00	0.000e+00	0.000e+00	2.083e+05	0.000e+00	0.000e+00	0.000e+00	1.042e+05	0.000e+00	0.000e+00	0.000e+00	0.000e+00	0.000e+00	0.000e+00	0.000e+00	0.000e+00	0.000e+00	0.000e+00	0.000e+00	0.000e+00	0.000e+00	0.000e+00	0.000e+00	0.000e+00	0.000e+00	0.000e+00	0.000e+00	0.000e+00	0.000e+00	0.000e+00	0.000e+00	0.000e+00	0.000e+00	0.000e+00	0.000e+00	0.000e+00	0.000e+00	0.000e+00	0.000e+00	0.000e+00	0.000e+00	0.000e+00	0.000e+00	0.000e+00	0.000e+00	0.000e+00	0.000e+00	0.000e+00	0.000e+00	0.000e+00	0.000e+00	0.000e+00	0.000e+00	0.000e+00	0.000e+00	0.000e+00	1.042e+05	0.000e+00	0.000e+00	1.042e+05	1.042e+05	0.000e+00	0.000e+00	0.000e+00	
-5.400	0.000e+00	0.000e+00	0.000e+00	0.000e+00	0.000e+00	0.000e+00	0.000e+00	0.000e+00	0.000e+00	0.000e+00	0.000e+00	0.000e+00	0.000e+00	1.033e+05	0.000e+00	3.100e+05	1.033e+05	2.066e+05	0.000e+00	1.033e+05	1.033e+05	0.000e+00	1.033e+05	1.033e+05	0.000e+00	5.166e+05	5.166e+05	2.066e+05	1.033e+05	3.100e+05	2.066e+05	2.066e+05	0.000e+00	0.000e+00	0.000e+00	0.000e+00	0.000e+00	0.000e+00	0.000e+00	0.000e+00	0.000e+00	0.000e+00	0.000e+00	0.000e+00	0.000e+00	0.000e+00	0.000e+00	0.000e+00	0.000e+00	0.000e+00	0.000e+00	0.000e+00	0.000e+00	0.000e+00	0.000e+00	0.000e+00	0.000e+00	0.000e+00	0.000e+00	0.000e+00	0.000e+00	0.000e+00	0.000e+00	0.000e+00	0.000e+00	0.000e+00	0.000e+00	0.000e+00	0.000e+00	0.000e+00	0.000e+00	0.000e+00	0.000e+00	0.000e+00	0.000e+00	0.000e+00	0.000e+00	0.000e+00	0.000e+00	0.000e+00	0.000e+00	0.000e+00	0.000e+00	0.000e+00	0.000e+00	0.000e+00	0.000e+00	0.000e+00	0.000e+00	0.000e+00	0.000e+00	1.033e+05	0.000e+00	0.000e+00	1.033e+05	0.000e+00	0.000e+00	0.000e+00	0.000e+00	0.000e+00	
-1.800	1.029e+05	0.000e+00	0.000e+00	0.000e+00	0.000e+00	0.000e+00	0.000e+00	0.000e+00	0.000e+00	0.000e+00	0.000e+00	0.000e+00	0.000e+00	0.000e+00	0.000e+00	2.058e+05	1.029e+05	1.029e+05	1.029e+05	0.000e+00	1.029e+05	1.029e+05	0.000e+00	2.058e+05	5.146e+05	0.000e+00	4.116e+05	1.029e+05	1.029e+05	1.029e+05	0.000e+00	1.029e+05	1.029e+05	0.000e+00	0.000e+00	0.000e+00	0.000e+00	0.000e+00	0.000e+00	0.000e+00	0.000e+00	0.000e+00	0.000e+00	0.000e+00	0.000e+00	0.000e+00	0.000e+00	0.000e+00	0.000e+00	0.000e+00	0.000e+00	0.000e+00	0.000e+00	0.000e+00	0.000e+00	0.000e+00	0.000e+00	0.000e+00	0.000e+00	0.000e+00	0.000e+00	0.000e+00	0.000e+00	0.000e+00	0.000e+00	0.000e+00	0.000e+00	0.000e+00	0.000e+00	0.000e+00	0.000e+00	0.000e+00	0.000e+00	0.000e+00	0.000e+00	0.000e+00	0.000e+00	0.000e+00	0.000e+00	0.000e+00	0.000e+00	0.000e+00	0.000e+00	0.000e+00	0.000e+00	0.000e+00	0.000e+00	0.000e+00	0.000e+00	0.000e+00	0.000e+00	0.000e+00	0.000e+00	0.000e+00	0.000e+00	0.000e+00	0.000e+00	0.000e+00	0.000e+00	0.000e+00	
1.800	0.000e+00	1.029e+05	1.029e+05	0.000e+00	0.000e+00	0.000e+00	0.000e+00	0.000e+00	0.000e+00	0.000e+00	0.000e+00	0.000e+00	1.029e+05	1.029e+05	1.029e+05	4.116e+05	2.058e+05	1.029e+05	0.000e+00	1.029e+05	3.087e+05	1.029e+05	0.000e+00	3.087e+05	6.174e+05	1.029e+05	1.029e+05	1.029e+05	1.029e+05	2.058e+05	0.000e+00	0.000e+00	0.000e+00	0.000e+00	1.029e+05	0.000e+00	0.000e+00	0.000e+00	0.000e+00	0.000e+00	0.000e+00	0.000e+00	0.000e+00	0.000e+00	0.000e+00	0.000e+00	0.000e+00	0.000e+00	0.000e+00	0.000e+00	0.000e+00	0.000e+00	0.000e+00	0.000e+00	0.000e+00	0.000e+00	0.000e+00	0.000e+00	0.000e+00	0.000e+00	0.000e+00	0.000e+00	0.000e+00	0.000e+00	0.000e+00	0.000e+00	0.000e+00	0.000e+00	0.000e+00	0.000e+00	0.000e+00	0.000e+00	0.000e+00	0.000e+00	0.000e+00	0.000e+00	0.000e+00	0.000e+00	0.000e+00	0.000e+00	0.000e+00	0.000e+00	0.000e+00	0.000e+00	0.000e+00	0.000e+00	0.000e+00	0.000e+00	0.000e+00	0.000e+00	0.000e+00	0.000e+00	0.000e+00	0.000e+00	0.000e+00	0.000e+00	1.029e+05	0.000e+00	0.000e+00	0.000e+00	
5.400	0.000e+00	0.000e+00	0.000e+00	0.000e+00	0.000e+00	0.000e+00	0.000e+00	0.000e+00	0.000e+00	1.033e+05	0.000e+00	0.000e+00	1.033e+05	1.033e+05	1.033e+05	0.000e+00	1.033e+05	1.033e+05	2.066e+05	0.000e+00	3.099e+05	3.099e+05	1.033e+05	5.165e+05	2.066e+05	3.099e+05	1.033e+05	1.033e+05	0.000e+00	1.033e+05	0.000e+00	0.000e+00	0.000e+00	0.000e+00	0.000e+00	0.000e+00	0.000e+00	0.000e+00	0.000e+00	0.000e+00	0.000e+00	0.000e+00	0.000e+00	0.000e+00	0.000e+00	0.000e+00	0.000e+00	0.000e+00	0.000e+00	0.000e+00	0.000e+00	0.000e+00	0.000e+00	0.000e+00	0.000e+00	0.000e+00	0.000e+00	0.000e+00	0.000e+00	0.000e+00	0.000e+00	0.000e+00	0.000e+00	0.000e+00	0.000e+00	0.000e+00	0.000e+00	0.000e+00	0.000e+00	0.000e+00	0.000e+00	0.000e+00	0.000e+00	0.000e+00	0.000e+00	0.000e+00	0.000e+00	0.000e+00	0.000e+00	0.000e+00	0.000e+00	0.000e+00	0.000e+00	0.000e+00	0.000e+00	0.000e+00	0.000e+00	0.000e+00	0.000e+00	0.000e+00	0.000e+00	0.000e+00	0.000e+00	0.000e+00	0.000e+00	0.000e+00	0.000e+00	0.000e+00	0.000e+00	0.000e+00	
9.000	0.000e+00	0.000e+00	1.041e+05	0.000e+00	0.000e+00	0.000e+00	0.000e+00	0.000e+00	1.041e+05	0.000e+00	0.000e+00	0.000e+00	1.041e+05	2.083e+05	0.000e+00	0.000e+00	3.124e+05	1.041e+05	1.041e+05	1.041e+05	2.083e+05	1.041e+05	1.041e+05	4.165e+05	3.124e+05	0.000e+00	2.083e+05	2.083e+05	1.041e+05	1.041e+05	0.000e+00	1.041e+05	0.000e+00	1.041e+05	1.041e+05	0.000e+00	1.041e+05	0.000e+00	0.000e+00	0.000e+00	0.000e+00	0.000e+00	0.000e+00	0.000e+00	0.000e+00	0.000e+00	0.000e+00	0.000e+00	0.000e+00	0.000e+00	0.000e+00	0.000e+00	0.000e+00	0.000e+00	0.000e+00	0.000e+00	0.000e+00	0.000e+00	0.000e+00	0.000e+00	0.000e+00	0.000e+00	0.000e+00	0.000e+00	0.000e+00	0.000e+00	0.000e+00	0.000e+00	0.000e+00	0.000e+00	0.000e+00	0.000e+00	0.000e+00	0.000e+00	0.000e+00	0.000e+00	0.000e+00	0.000e+00	0.000e+00	0.000e+00	0.000e+00	0.000e+00	0.000e+00	0.000e+00	0.000e+00	0.000e+00	0.000e+00	0.000e+00	0.000e+00	0.000e+00	0.000e+00	0.000e+00	0.000e+00	0.000e+00	0.000e+00	0.000e+00	0.000e+00	1.041e+05	0.000e+00	0.000e+00	
12.600	0.000e+00	0.000e+00	0.000e+00	0.000e+00	0.000e+00	0.000e+00	0.000e+00	0.000e+00	0.000e+00	0.000e+00	0.000e+00	0.000e+00	0.000e+00	0.000e+00	0.000e+00	1.054e+05	0.000e+00	1.054e+05	4.215e+05	1.054e+05	0.000e+00	2.108e+05	2.108e+05	5.269e+05	2.108e+05	0.000e+00	2.108e+05	1.054e+05	1.054e+05	0.000e+00	0.000e+00	0.000e+00	0.000e+00	0.000e+00	0.000e+00	0.000e+00	0.000e+00	0.000e+00	0.000e+00	0.000e+00	0.000e+00	0.000e+00	0.000e+00	0.000e+00	0.000e+00	0.000e+00	0.000e+00	0.000e+00	0.000e+00	0.000e+00	0.000e+00	0.000e+00	0.000e+00	0.000e+00	0.000e+00	0.000e+00	0.000e+00	0.000e+00	0.000e+00	0.000e+00	0.000e+00	0.000e+00	0.000e+00	0.000e+00	0.000e+00	0.000e+00	0.000e+00	0.000e+00	0.000e+00	0.000e+00	0.000e+00	0.000e+00	0.000e+00	0.000e+00	0.000e+00	0.000e+00	0.000e+00	0.000e+00	0.000e+00	0.000e+00	0.000e+00	0.000e+00	0.000e+00	0.000e+00	0.000e+00	0.000e+00	0.000e+00	0.000e+00	0.000e+00	0.000e+00	0.000e+00	0.000e+00	0.000e+00	0.000e+00	0.000e+00	0.000e+00	0.000e+00	0.000e+00	0.000e+00	0.000e+00	
16.200	0.000e+00	0.000e+00	0.000e+00	0.000e+00	0.000e+00	0.000e+00	0.000e+00	0.000e+00	1.071e+05	1.071e+05	0.000e+00	1.071e+05	1.071e+05	0.000e+00	3.212e+05	1.071e+05	1.071e+05	1.071e+05	0.000e+00	0.000e+00	1.071e+05	1.071e+05	0.000e+00	2.142e+05	2.142e+05	3.212e+05	0.000e+00	0.000e+00	0.000e+00	0.000e+00	0.000e+00	0.000e+00	0.000e+00	0.000e+00	0.000e+00	0.000e+00	0.000e+00	0.000e+00	0.000e+00	0.000e+00	0.000e+00	0.000e+00	0.000e+00	0.000e+00	0.000e+00	0.000e+00	0.000e+00	0.000e+00	0.000e+00	0.000e+00	0.000e+00	0.000e+00	0.000e+00	0.000e+00	0.000e+00	0.000e+00	0.000e+00	0.000e+00	0.000e+00	0.000e+00	0.000e+00	0.000e+00	0.000e+00	0.000e+00	0.000e+00	0.000e+00	0.000e+00	0.000e+00	0.000e+00	0.000e+00	0.000e+00	0.000e+00	0.000e+00	0.000e+00	0.000e+00	0.000e+00	0.000e+00	0.000e+00	0.000e+00	0.000e+00	0.000e+00	0.000e+00	0.000e+00	0.000e+00	0.000e+00	0.000e+00	0.000e+00	0.000e+00	0.000e+00	0.000e+00	0.000e+00	0.000e+00	0.000e+00	0.000e+00	0.000e+00	0.000e+00	0.000e+00	0.000e+00	0.000e+00	0.000e+00	
19.800	1.093e+05	0.000e+00	1.093e+05	0.000e+00	0.000e+00	0.000e+00	0.000e+00	0.000e+00	1.093e+05	2.186e+05	1.093e+05	0.000e+00	2.186e+05	0.000e+00	1.093e+05	1.093e+05	0.000e+00	1.093e+05	0.000e+00	2.186e+05	4.371e+05	3.279e+05	0.000e+00	0.000e+00	0.000e+00	1.093e+05	0.000e+00	0.000e+00	0.000e+00	0.000e+00	0.000e+00	0.000e+00	0.000e+00	0.000e+00	0.000e+00	0.000e+00	0.000e+00	0.000e+00	0.000e+00	0.000e+00	0.000e+00	0.000e+00	0.000e+00	0.000e+00	0.000e+00	0.000e+00	0.000e+00	0.000e+00	0.000e+00	0.000e+00	0.000e+00	0.000e+00	0.000e+00	0.000e+00	0.000e+00	0.000e+00	0.000e+00	0.000e+00	0.000e+00	0.000e+00	0.000e+00	0.000e+00	0.000e+00	0.000e+00	0.000e+00	0.000e+00	0.000e+00	0.000e+00	0.000e+00	0.000e+00	0.000e+00	0.000e+00	0.000e+00	0.000e+00	0.000e+00	0.000e+00	0.000e+00	0.000e+00	0.000e+00	0.000e+00	0.000e+00	0.000e+00	0.000e+00	0.000e+00	0.000e+00	0.000e+00	0.000e+00	0.000e+00	0.000e+00	0.000e+00	0.000e+00	0.000e+00	0.000e+00	0.000e+00	0.000e+00	0.000e+00	0.000e+00	0.000e+00	0.000e+00	0.000e+00	
23.400	0.000e+00	0.000e+00	0.000e+00	1.120e+05	2.241e+05	1.120e+05	1.120e+05	0.000e+00	2.241e+05	0.000e+00	2.241e+05	0.000e+00	0.000e+00	0.000e+00	2.241e+05	2.241e+05	1.120e+05	2.241e+05	1.120e+05	0.000e+00	0.000e+00	1.120e+05	1.120e+05	0.000e+00	0.000e+00	0.000e+00	0.000e+00	0.000e+00	0.000e+00	0.000e+00	0.000e+00	0.000e+00	0.000e+00	0.000e+00	0.000e+00	0.000e+00	0.000e+00	0.000e+00	0.000e+00	0.000e+00	0.000e+00	0.000e+00	0.000e+00	0.000e+00	0.000e+00	0.000e+00	0.000e+00	0.000e+00	0.000e+00	0.000e+00	0.000e+00	0.000e+00	0.000e+00	0.000e+00	0.000e+00	0.000e+00	0.000e+00	0.000e+00	0.000e+00	0.000e+00	0.000e+00	0.000e+00	0.000e+00	0.000e+00	0.000e+00	0.000e+00	0.000e+00	0.000e+00	0.000e+00	0.000e+00	0.000e+00	0.000e+00	0.000e+00	0.000e+00	0.000e+00	0.000e+00	0.000e+00	0.000e+00	0.000e+00	0.000e+00	0.000e+00	0.000e+00	0.000e+00	0.000e+00	0.000e+00	0.000e+00	0.000e+00	0.000e+00	0.000e+00	0.000e+00	0.000e+00	0.000e+00	0.000e+00	0.000e+00	0.000e+00	0.000e+00	0.000e+00	0.000e+00	0.000e+00	0.000e+00	
27.000	0.000e+00	0.000e+00	0.000e+00	1.154e+05	0.000e+00	0.000e+00	1.154e+05	0.000e+00	0.000e+00	0.000e+00	0.000e+00	1.154e+05	0.000e+00	1.154e+05	0.000e+00	0.000e+00	0.000e+00	1.154e+05	0.000e+00	1.154e+05	1.154e+05	0.000e+00	0.000e+00	0.000e+00	0.000e+00	0.000e+00	0.000e+00	0.000e+00	0.000e+00	0.000e+00	0.000e+00	0.000e+00	0.000e+00	0.000e+00	0.000e+00	0.000e+00	0.000e+00	0.000e+00	0.000e+00	0.000e+00	0.000e+00	0.000e+00	0.000e+00	0.000e+00	0.000e+00	0.000e+00	0.000e+00	0.000e+00	0.000e+00	0.000e+00	0.000e+00	0.000e+00	0.000e+00	0.000e+00	0.000e+00	0.000e+00	0.000e+00	0.000e+00	0.000e+00	0.000e+00	0.000e+00	0.000e+00	0.000e+00	0.000e+00	0.000e+00	0.000e+00	0.000e+00	0.000e+00	0.000e+00	0.000e+00	0.000e+00	0.000e+00	0.000e+00	0.000e+00	0.000e+00	0.000e+00	0.000e+00	0.000e+00	0.000e+00	0.000e+00	0.000e+00	0.000e+00	0.000e+00	0.000e+00	0.000e+00	0.000e+00	0.000e+00	0.000e+00	0.000e+00	0.000e+00	0.000e+00	0.000e+00	0.000e+00	0.000e+00	0.000e+00	0.000e+00	0.000e+00	0.000e+00	0.000e+00	0.000e+00	
30.600	0.000e+00	0.000e+00	0.000e+00	0.000e+00	1.194e+05	0.000e+00	3.583e+05	1.194e+05	1.194e+05	0.000e+00	1.194e+05	0.000e+00	0.000e+00	1.194e+05	0.000e+00	0.000e+00	0.000e+00	0.000e+00	0.000e+00	0.000e+00	0.000e+00	1.194e+05	0.000e+00	0.000e+00	0.000e+00	0.000e+00	0.000e+00	0.000e+00	0.000e+00	0.000e+00	0.000e+00	0.000e+00	0.000e+00	0.000e+00	0.000e+00	0.000e+00	0.000e+00	0.000e+00	0.000e+00	0.000e+00	0.000e+00	0.000e+00	0.000e+00	0.000e+00	0.000e+00	0.000e+00	0.000e+00	0.000e+00	0.000e+00	0.000e+00	0.000e+00	0.000e+00	0.000e+00	0.000e+00	0.000e+00	0.000e+00	0.000e+00	0.000e+00	0.000e+00	0.000e+00	0.000e+00	0.000e+00	0.000e+00	0.000e+00	0.000e+00	0.000e+00	0.000e+00	0.000e+00	0.000e+00	0.000e+00	0.000e+00	0.000e+00	0.000e+00	0.000e+00	0.000e+00	0.000e+00	0.000e+00	0.000e+00	0.000e+00	0.000e+00	0.000e+00	0.000e+00	0.000e+00	0.000e+00	0.000e+00	0.000e+00	0.000e+00	0.000e+00	0.000e+00	0.000e+00	0.000e+00	0.000e+00	0.000e+00	0.000e+00	0.000e+00	0.000e+00	0.000e+00	0.000e+00	0.000e+00	0.000e+00	
34.200	0.000e+00	0.000e+00	0.000e+00	0.000e+00	0.000e+00	1.243e+05	1.243e+05	0.000e+00	0.000e+00	0.000e+00	1.243e+05	1.243e+05	1.243e+05	0.000e+00	1.243e+05	2.485e+05	1.243e+05	1.243e+05	0.000e+00	0.000e+00	0.000e+00	0.000e+00	0.000e+00	0.000e+00	0.000e+00	0.000e+00	0.000e+00	0.000e+00	0.000e+00	0.000e+00	0.000e+00	0.000e+00	0.000e+00	0.000e+00	0.000e+00	0.000e+00	0.000e+00	0.000e+00	0.000e+00	0.000e+00	0.000e+00	0.000e+00	0.000e+00	0.000e+00	0.000e+00	0.000e+00	0.000e+00	0.000e+00	0.000e+00	0.000e+00	0.000e+00	0.000e+00	0.000e+00	0.000e+00	0.000e+00	0.000e+00	0.000e+00	0.000e+00	0.000e+00	0.000e+00	0.000e+00	0.000e+00	0.000e+00	0.000e+00	0.000e+00	0.000e+00	0.000e+00	0.000e+00	0.000e+00	0.000e+00	0.000e+00	0.000e+00	0.000e+00	0.000e+00	0.000e+00	0.000e+00	0.000e+00	0.000e+00	0.000e+00	0.000e+00	0.000e+00	0.000e+00	0.000e+00	0.000e+00	0.000e+00	0.000e+00	0.000e+00	0.000e+00	0.000e+00	0.000e+00	0.000e+00	0.000e+00	0.000e+00	0.000e+00	0.000e+00	0.000e+00	0.000e+00	0.000e+00	0.000e+00	0.000e+00	
37.800	0.000e+00	0.000e+00	0.000e+00	0.000e+00	0.000e+00	0.000e+00	0.000e+00	0.000e+00	0.000e+00	0.000e+00	2.601e+05	0.000e+00	1.301e+05	0.000e+00	1.301e+05	0.000e+00	0.000e+00	0.000e+00	0.000e+00	0.000e+00	1.301e+05	0.000e+00	0.000e+00	0.000e+00	0.000e+00	0.000e+00	0.000e+00	0.000e+00	0.000e+00	0.000e+00	0.000e+00	0.000e+00	0.000e+00	0.000e+00	0.000e+00	0.000e+00	0.000e+00	0.000e+00	0.000e+00	0.000e+00	0.000e+00	0.000e+00	0.000e+00	0.000e+00	0.000e+00	0.000e+00	0.000e+00	0.000e+00	0.000e+00	0.000e+00	0.000e+00	0.000e+00	0.000e+00	0.000e+00	0.000e+00	0.000e+00	0.000e+00	0.000e+00	0.000e+00	0.000e+00	0.000e+00	0.000e+00	0.000e+00	0.000e+00	0.000e+00	0.000e+00	0.000e+00	0.000e+00	0.000e+00	0.000e+00	0.000e+00	0.000e+00	0.000e+00	0.000e+00	0.000e+00	0.000e+00	0.000e+00	0.000e+00	0.000e+00	0.000e+00	0.000e+00	0.000e+00	0.000e+00	0.000e+00	0.000e+00	0.000e+00	0.000e+00	0.000e+00	0.000e+00	0.000e+00	0.000e+00	0.000e+00	0.000e+00	0.000e+00	0.000e+00	0.000e+00	0.000e+00	0.000e+00	0.000e+00	0.000e+00	
41.400	0.000e+00	0.000e+00	0.000e+00	0.000e+00	0.000e+00	0.000e+00	0.000e+00	0.000e+00	0.000e+00	0.000e+00	0.000e+00	0.000e+00	0.000e+00	0.000e+00	0.000e+00	0.000e+00	0.000e+00	0.000e+00	0.000e+00	0.000e+00	0.000e+00	0.000e+00	0.000e+00	0.000e+00	0.000e+00	0.000e+00	0.000e+00	0.000e+00	0.000e+00	0.000e+00	0.000e+00	0.000e+00	0.000e+00	0.000e+00	0.000e+00	0.000e+00	0.000e+00	0.000e+00	0.000e+00	0.000e+00	0.000e+00	0.000e+00	0.000e+00	0.000e+00	0.000e+00	0.000e+00	0.000e+00	0.000e+00	0.000e+00	0.000e+00	0.000e+00	0.000e+00	0.000e+00	0.000e+00	0.000e+00	0.000e+00	0.000e+00	0.000e+00	0.000e+00	0.000e+00	0.000e+00	0.000e+00	0.000e+00	0.000e+00	0.000e+00	0.000e+00	0.000e+00	0.000e+00	0.000e+00	0.000e+00	0.000e+00	0.000e+00	0.000e+00	0.000e+00	0.000e+00	0.000e+00	0.000e+00	0.000e+00	0.000e+00	0.000e+00	0.000e+00	0.000e+00	0.000e+00	0.000e+00	0.000e+00	0.000e+00	0.000e+00	0.000e+00	0.000e+00	0.000e+00	0.000e+00	0.000e+00	0.000e+00	0.000e+00	0.000e+00	0.000e+00	0.000e+00	0.000e+00	0.000e+00	0.000e+00	
45.000	0.000e+00	0.000e+00	0.000e+00	0.000e+00	0.000e+00	0.000e+00	0.000e+00	0.000e+00	0.000e+00	0.000e+00	0.000e+00	0.000e+00	0.000e+00	0.000e+00	0.000e+00	0.000e+00	1.453e+05	0.000e+00	0.000e+00	0.000e+00	0.000e+00	0.000e+00	0.000e+00	0.000e+00	0.000e+00	0.000e+00	0.000e+00	0.000e+00	0.000e+00	0.000e+00	0.000e+00	0.000e+00	0.000e+00	0.000e+00	0.000e+00	0.000e+00	0.000e+00	0.000e+00	0.000e+00	0.000e+00	0.000e+00	0.000e+00	0.000e+00	0.000e+00	0.000e+00	0.000e+00	0.000e+00	0.000e+00	0.000e+00	0.000e+00	0.000e+00	0.000e+00	0.000e+00	0.000e+00	0.000e+00	0.000e+00	0.000e+00	0.000e+00	0.000e+00	0.000e+00	0.000e+00	0.000e+00	0.000e+00	0.000e+00	0.000e+00	0.000e+00	0.000e+00	0.000e+00	0.000e+00	0.000e+00	0.000e+00	0.000e+00	0.000e+00	0.000e+00	0.000e+00	0.000e+00	0.000e+00	0.000e+00	0.000e+00	0.000e+00	0.000e+00	0.000e+00	0.000e+00	0.000e+00	0.000e+00	0.000e+00	0.000e+00	0.000e+00	0.000e+00	0.000e+00	0.000e+00	0.000e+00	0.000e+00	0.000e+00	0.000e+00	0.000e+00	0.000e+00	0.000e+00	0.000e+00	0.000e+00	
48.600	0.000e+00	0.000e+00	0.000e+00	0.000e+00	0.000e+00	0.000e+00	0.000e+00	0.000e+00	0.000e+00	0.000e+00	0.000e+00	0.000e+00	0.000e+00	0.000e+00	0.000e+00	0.000e+00	0.000e+00	0.000e+00	0.000e+00	0.000e+00	0.000e+00	0.000e+00	0.000e+00	0.000e+00	0.000e+00	0.000e+00	0.000e+00	0.000e+00	0.000e+00	0.000e+00	0.000e+00	0.000e+00	0.000e+00	0.000e+00	0.000e+00	0.000e+00	0.000e+00	0.000e+00	0.000e+00	0.000e+00	0.000e+00	0.000e+00	0.000e+00	0.000e+00	0.000e+00	0.000e+00	0.000e+00	0.000e+00	0.000e+00	0.000e+00	0.000e+00	0.000e+00	0.000e+00	0.000e+00	0.000e+00	0.000e+00	0.000e+00	0.000e+00	0.000e+00	0.000e+00	0.000e+00	0.000e+00	0.000e+00	0.000e+00	0.000e+00	0.000e+00	0.000e+00	0.000e+00	0.000e+00	0.000e+00	0.000e+00	0.000e+00	0.000e+00	0.000e+00	0.000e+00	0.000e+00	0.000e+00	0.000e+00	0.000e+00	0.000e+00	0.000e+00	0.000e+00	0.000e+00	0.000e+00	0.000e+00	0.000e+00	0.000e+00	0.000e+00	0.000e+00	0.000e+00	0.000e+00	0.000e+00	0.000e+00	0.000e+00	0.000e+00	0.000e+00	0.000e+00	0.000e+00	0.000e+00	0.000e+00	
52.200	0.000e+00	0.000e+00	0.000e+00	0.000e+00	0.000e+00	0.000e+00	0.000e+00	0.000e+00	0.000e+00	0.000e+00	0.000e+00	0.000e+00	1.675e+05	0.000e+00	0.000e+00	0.000e+00	0.000e+00	0.000e+00	0.000e+00	0.000e+00	2.681e+06	6.702e+05	0.000e+00	0.000e+00	0.000e+00	0.000e+00	0.000e+00	0.000e+00	0.000e+00	0.000e+00	0.000e+00	0.000e+00	0.000e+00	0.000e+00	0.000e+00	0.000e+00	0.000e+00	0.000e+00	0.000e+00	0.000e+00	0.000e+00	0.000e+00	0.000e+00	0.000e+00	0.000e+00	0.000e+00	0.000e+00	0.000e+00	0.000e+00	0.000e+00	0.000e+00	0.000e+00	0.000e+00	0.000e+00	0.000e+00	0.000e+00	0.000e+00	0.000e+00	0.000e+00	0.000e+00	0.000e+00	0.000e+00	0.000e+00	0.000e+00	0.000e+00	0.000e+00	0.000e+00	0.000e+00	0.000e+00	0.000e+00	0.000e+00	0.000e+00	0.000e+00	0.000e+00	0.000e+00	0.000e+00	0.000e+00	0.000e+00	0.000e+00	0.000e+00	0.000e+00	0.000e+00	0.000e+00	0.000e+00	0.000e+00	0.000e+00	0.000e+00	0.000e+00	0.000e+00	0.000e+00	0.000e+00	0.000e+00	0.000e+00	0.000e+00	0.000e+00	0.000e+00	0.000e+00	0.000e+00	0.000e+00	0.000e+00	
55.800	0.000e+00	0.000e+00	0.000e+00	0.000e+00	0.000e+00	0.000e+00	0.000e+00	0.000e+00	0.000e+00	0.000e+00	0.000e+00	0.000e+00	0.000e+00	0.000e+00	7.306e+05	2.192e+06	1.224e+07	5.662e+06	2.922e+06	8.402e+06	6.210e+06	4.201e+06	1.644e+06	1.096e+06	0.000e+00	0.000e+00	0.000e+00	0.000e+00	0.000e+00	0.000e+00	0.000e+00	0.000e+00	0.000e+00	0.000e+00	0.000e+00	0.000e+00	0.000e+00	0.000e+00	0.000e+00	0.000e+00	0.000e+00	0.000e+00	0.000e+00	0.000e+00	0.000e+00	0.000e+00	0.000e+00	0.000e+00	0.000e+00	0.000e+00	0.000e+00	0.000e+00	0.000e+00	0.000e+00	0.000e+00	0.000e+00	0.000e+00	0.000e+00	0.000e+00	0.000e+00	0.000e+00	0.000e+00	0.000e+00	0.000e+00	0.000e+00	0.000e+00	0.000e+00	0.000e+00	0.000e+00	0.000e+00	0.000e+00	0.000e+00	0.000e+00	0.000e+00	0.000e+00	0.000e+00	0.000e+00	0.000e+00	0.000e+00	0.000e+00	0.000e+00	0.000e+00	0.000e+00	0.000e+00	0.000e+00	0.000e+00	0.000e+00	0.000e+00	0.000e+00	0.000e+00	0.000e+00	0.000e+00	0.000e+00	0.000e+00	0.000e+00	0.000e+00	0.000e+00	0.000e+00	0.000e+00	0.000e+00	
59.400	0.000e+00	0.000e+00	0.000e+00	0.000e+00	0.000e+00	0.000e+00	0.000e+00	0.000e+00	0.000e+00	0.000e+00	0.000e+00	0.000e+00	0.000e+00	2.016e+06	9.879e+06	1.008e+07	1.048e+07	9.274e+06	7.863e+06	7.460e+06	6.855e+06	4.435e+06	3.427e+06	2.218e+06	2.016e+06	1.008e+06	4.032e+05	4.032e+05	4.032e+05	2.016e+05	0.000e+00	0.000e+00	0.000e+00	0.000e+00	0.000e+00	0.000e+00	0.000e+00	0.000e+00	0.000e+00	0.000e+00	0.000e+00	0.000e+00	0.000e+00	0.000e+00	0.000e+00	0.000e+00	0.000e+00	0.000e+00	0.000e+00	0.000e+00	0.000e+00	0.000e+00	0.000e+00	0.000e+00	0.000e+00	0.000e+00	0.000e+00	0.000e+00	0.000e+00	0.000e+00	0.000e+00	0.000e+00	0.000e+00	0.000e+00	0.000e+00	0.000e+00	0.000e+00	0.000e+00	0.000e+00	0.000e+00	0.000e+00	0.000e+00	0.000e+00	0.000e+00	0.000e+00	0.000e+00	0.000e+00	0.000e+00	0.000e+00	0.000e+00	0.000e+00	0.000e+00	0.000e+00	0.000e+00	0.000e+00	0.000e+00	0.000e+00	0.000e+00	0.000e+00	0.000e+00	0.000e+00	0.000e+00	0.000e+00	0.000e+00	0.000e+00	0.000e+00	0.000e+00	0.000e+00	0.000e+00	0.000e+00	
63.000	0.000e+00	0.000e+00	0.000e+00	0.000e+00	0.000e+00	0.000e+00	0.000e+00	0.000e+00	0.000e+00	0.000e+00	0.000e+00	0.000e+00	3.389e+06	4.067e+06	7.909e+06	1.130e+07	1.085e+07	1.446e+07	1.175e+07	1.175e+07	1.017e+07	1.085e+07	1.243e+07	7.457e+06	3.615e+06	2.034e+06	6.779e+05	1.130e+06	1.582e+06	1.130e+06	6.779e+05	4.519e+05	1.356e+06	1.808e+06	1.582e+06	9.039e+05	1.130e+06	1.582e+06	1.582e+06	1.582e+06	2.034e+06	1.356e+06	2.260e+06	1.582e+06	1.808e+06	1.808e+06	1.808e+06	3.615e+06	2.938e+06	2.938e+06	2.034e+06	1.130e+06	3.164e+06	3.164e+06	1.130e+06	6.779e+05	2.260e+05	4.519e+05	9.039e+05	2.260e+05	4.519e+05	0.000e+00	2.260e+05	0.000e+00	0.000e+00	0.000e+00	0.000e+00	0.000e+00	0.000e+00	0.000e+00	0.000e+00	0.000e+00	0.000e+00	0.000e+00	0.000e+00	0.000e+00	0.000e+00	0.000e+00	0.000e+00	0.000e+00	0.000e+00	0.000e+00	0.000e+00	0.000e+00	0.000e+00	0.000e+00	0.000e+00	0.000e+00	0.000e+00	0.000e+00	0.000e+00	0.000e+00	0.000e+00	0.000e+00	0.000e+00	0.000e+00	0.000e+00	0.000e+00	0.000e+00	0.000e+00	
66.600	0.000e+00	0.000e+00	0.000e+00	0.000e+00	0.000e+00	0.000e+00	0.000e+00	0.000e+00	0.000e+00	0.000e+00	0.000e+00	7.745e+05	4.647e+06	2.065e+06	6.454e+06	1.188e+07	1.523e+07	5.680e+06	1.549e+06	6.971e+06	1.265e+07	7.229e+06	9.810e+06	4.905e+06	3.356e+06	3.098e+06	4.389e+06	3.873e+06	4.131e+06	3.614e+06	2.582e+06	2.065e+06	4.389e+06	3.873e+06	6.196e+06	1.058e+07	2.040e+07	2.737e+07	3.201e+07	2.943e+07	3.150e+07	4.389e+07	5.628e+07	5.835e+07	6.557e+07	6.248e+07	6.403e+07	7.822e+07	8.029e+07	7.048e+07	6.299e+07	4.440e+07	2.324e+07	1.446e+07	8.003e+06	4.389e+06	3.873e+06	4.647e+06	2.324e+06	4.131e+06	1.807e+06	1.291e+06	7.745e+05	2.582e+05	0.000e+00	0.000e+00	0.000e+00	0.000e+00	0.000e+00	0.000e+00	0.000e+00	0.000e+00	0.000e+00	0.000e+00	0.000e+00	0.000e+00	0.000e+00	0.000e+00	0.000e+00	2.582e+05	0.000e+00	0.000e+00	0.000e+00	0.000e+00	0.000e+00	0.000e+00	0.000e+00	0.000e+00	0.000e+00	0.000e+00	0.000e+00	0.000e+00	0.000e+00	0.000e+00	0.000e+00	0.000e+00	0.000e+00	0.000e+00	0.000e+00	0.000e+00	
70.200	0.000e+00	0.000e+00	0.000e+00	0.000e+00	0.000e+00	0.000e+00	0.000e+00	0.000e+00	0.000e+00	0.000e+00	0.000e+00	6.049e+05	1.815e+06	3.630e+06	7.259e+06	1.119e+07	1.028e+07	9.679e+06	4.234e+06	9.074e+05	9.074e+05	3.932e+06	1.694e+07	3.509e+07	2.238e+07	1.694e+07	4.537e+06	4.839e+06	3.630e+06	2.722e+06	7.562e+06	1.573e+07	4.779e+07	3.055e+07	4.204e+07	4.870e+07	5.475e+07	6.503e+07	6.291e+07	6.473e+07	7.955e+07	1.125e+08	1.125e+08	1.047e+08	1.037e+08	9.074e+07	9.528e+07	1.013e+08	1.116e+08	1.304e+08	1.355e+08	1.219e+08	1.140e+08	7.471e+07	4.265e+07	2.843e+07	1.119e+07	5.142e+06	1.210e+06	1.815e+06	3.025e+05	6.049e+05	0.000e+00	3.025e+05	0.000e+00	0.000e+00	0.000e+00	3.025e+05	0.000e+00	0.000e+00	0.000e+00	0.000e+00	0.000e+00	0.000e+00	0.000e+00	0.000e+00	6.049e+05	0.000e+00	0.000e+00	0.000e+00	0.000e+00	0.000e+00	0.000e+00	0.000e+00	0.000e+00	0.000e+00	0.000e+00	0.000e+00	0.000e+00	0.000e+00	0.000e+00	0.000e+00	0.000e+00	0.000e+00	0.000e+00	0.000e+00	0.000e+00	0.000e+00	0.000e+00	0.000e+00	
73.800	0.000e+00	0.000e+00	0.000e+00	0.000e+00	0.000e+00	0.000e+00	0.000e+00	0.000e+00	0.000e+00	0.000e+00	0.000e+00	3.669e+05	3.669e+05	1.467e+06	3.302e+06	5.136e+06	6.236e+06	5.870e+06	7.337e+06	8.804e+06	7.704e+06	3.302e+06	1.027e+07	2.311e+07	1.247e+07	6.970e+06	4.402e+06	5.503e+06	2.935e+06	2.201e+06	7.337e+05	1.101e+06	2.605e+07	4.072e+07	4.916e+07	6.603e+07	8.364e+07	8.034e+07	6.603e+07	6.823e+07	5.796e+07	4.622e+07	3.852e+07	4.549e+07	6.530e+07	6.677e+07	8.511e+07	9.171e+07	9.795e+07	9.098e+07	1.057e+08	1.284e+08	1.486e+08	1.555e+08	1.255e+08	3.815e+07	1.321e+07	7.337e+06	5.503e+06	3.669e+05	3.669e+05	3.669e+05	0.000e+00	3.669e+05	0.000e+00	0.000e+00	3.669e+05	3.669e+05	3.669e+05	3.669e+05	0.000e+00	0.000e+00	0.000e+00	0.000e+00	0.000e+00	1.101e+06	0.000e+00	3.669e+05	0.000e+00	0.000e+00	0.000e+00	0.000e+00	0.000e+00	0.000e+00	0.000e+00	0.000e+00	0.000e+00	0.000e+00	0.000e+00	0.000e+00	0.000e+00	0.000e+00	0.000e+00	0.000e+00	0.000e+00	0.000e+00	0.000e+00	0.000e+00	0.000e+00	0.000e+00	
77.400	0.000e+00	0.000e+00	0.000e+00	0.000e+00	0.000e+00	0.000e+00	0.000e+00	0.000e+00	0.000e+00	4.684e+05	4.684e+05	4.684e+05	9.368e+05	9.368e+05	0.000e+00	4.216e+06	2.810e+06	2.810e+06	1.874e+06	3.747e+06	5.153e+06	9.368e+05	8.431e+06	8.900e+06	9.837e+06	9.837e+06	2.810e+06	4.216e+06	4.684e+06	2.810e+06	5.153e+06	4.684e+06	7.963e+06	9.837e+06	1.171e+07	1.077e+07	8.431e+06	1.077e+07	1.358e+07	2.717e+07	4.403e+07	5.059e+07	5.387e+07	5.199e+07	6.839e+07	9.087e+07	1.288e+08	1.536e+08	1.438e+08	1.105e+08	1.298e+08	1.180e+08	1.073e+08	6.136e+07	3.185e+07	4.216e+06	0.000e+00	4.684e+05	0.000e+00	0.000e+00	0.000e+00	0.000e+00	4.684e+05	0.000e+00	9.368e+05	1.405e+06	9.368e+05	4.684e+05	4.684e+05	0.000e+00	4.684e+05	4.684e+05	0.000e+00	4.684e+05	4.684e+05	0.000e+00	0.000e+00	9.368e+05	0.000e+00	0.000e+00	0.000e+00	0.000e+00	0.000e+00	0.000e+00	0.000e+00	0.000e+00	0.000e+00	0.000e+00	0.000e+00	0.000e+00	0.000e+00	0.000e+00	0.000e+00	0.000e+00	0.000e+00	0.000e+00	0.000e+00	0.000e+00	0.000e+00	0.000e+00	
81.000	0.000e+00	0.000e+00	6.513e+05	0.000e+00	6.513e+05	0.000e+00	0.000e+00	0.000e+00	1.303e+06	1.303e+06	1.954e+06	2.605e+06	1.303e+06	1.954e+06	1.954e+06	3.256e+06	4.559e+06	6.513e+05	1.303e+06	3.256e+06	2.605e+06	3.256e+06	0.000e+00	3.256e+06	2.605e+06	1.954e+06	7.164e+06	1.107e+07	5.210e+06	7.816e+06	5.210e+06	5.862e+06	8.467e+06	6.513e+06	7.164e+06	8.467e+06	1.042e+07	1.237e+07	7.164e+06	1.107e+07	1.042e+07	5.210e+06	1.237e+07	8.467e+06	1.172e+07	7.816e+06	1.628e+07	1.498e+07	1.563e+07	1.303e+07	1.107e+07	3.256e+06	6.513e+05	4.559e+06	2.605e+06	6.513e+05	0.000e+00	0.000e+00	0.000e+00	0.000e+00	0.000e+00	0.000e+00	6.513e+05	6.513e+05	6.513e+05	6.513e+05	0.000e+00	6.513e+05	6.513e+05	6.513e+05	0.000e+00	1.303e+06	0.000e+00	0.000e+00	0.000e+00	0.000e+00	0.000e+00	0.000e+00	0.000e+00	0.000e+00	0.000e+00	0.000e+00	0.000e+00	0.000e+00	0.000e+00	0.000e+00	0.000e+00	0.000e+00	0.000e+00	0.000e+00	0.000e+00	0.000e+00	0.000e+00	0.000e+00	0.000e+00	0.000e+00	0.000e+00	0.000e+00	0.000e+00	0.000e+00	
84.600	0.000e+00	0.000e+00	0.000e+00	0.000e+00	0.000e+00	0.000e+00	1.075e+06	4.302e+06	2.151e+06	2.151e+06	6.452e+06	1.075e+06	4.302e+06	1.075e+06	3.226e+06	3.226e+06	5.377e+06	2.151e+06	4.302e+06	1.075e+06	3.226e+06	2.151e+06	1.075e+06	1.075e+06	1.075e+06	2.151e+06	1.075e+06	3.226e+06	2.151e+06	5.377e+06	0.000e+00	7.528e+06	5.377e+06	3.226e+06	4.302e+06	1.075e+07	7.528e+06	6.452e+06	9.679e+06	7.528e+06	1.075e+07	1.290e+07	1.075e+07	1.183e+07	7.528e+06	5.377e+06	6.452e+06	7.528e+06	6.452e+06	7.528e+06	2.151e+06	3.226e+06	2.151e+06	0.000e+00	0.000e+00	0.000e+00	0.000e+00	0.000e+00	0.000e+00	0.000e+00	0.000e+00	0.000e+00	0.000e+00	0.000e+00	0.000e+00	0.000e+00	0.000e+00	0.000e+00	0.000e+00	0.000e+00	0.000e+00	0.000e+00	0.000e+00	0.000e+00	0.000e+00	0.000e+00	0.000e+00	0.000e+00	0.000e+00	0.000e+00	0.000e+00	0.000e+00	0.000e+00	0.000e+00	0.000e+00	0.000e+00	0.000e+00	0.000e+00	0.000e+00	0.000e+00	0.000e+00	0.000e+00	0.000e+00	0.000e+00	0.000e+00	0.000e+00	0.000e+00	0.000e+00	0.000e+00	0.000e+00	
88.200	0.000e+00	0.000e+00	0.000e+00	0.000e+00	0.000e+00	0.000e+00	0.000e+00	0.000e+00	0.000e+00	0.000e+00	3.118e+06	0.000e+00	0.000e+00	6.236e+06	0.000e+00	0.000e+00	0.000e+00	3.118e+06	0.000e+00	3.118e+06	3.118e+06	0.000e+00	0.000e+00	0.000e+00	3.118e+06	3.118e+06	3.118e+06	0.000e+00	0.000e+00	0.000e+00	3.118e+06	3.118e+06	6.236e+06	6.236e+06	6.236e+06	3.118e+06	0.000e+00	0.000e+00	6.236e+06	0.000e+00	3.118e+06	6.236e+06	6.236e+06	3.118e+06	9.355e+06	6.236e+06	0.000e+00	3.118e+06	0.000e+00	6.236e+06	0.000e+00	3.118e+06	3.118e+06	0.000e+00	0.000e+00	0.000e+00	0.000e+00	0.000e+00	0.000e+00	0.000e+00	0.000e+00	0.000e+00	0.000e+00	3.118e+06	0.000e+00	0.000e+00	0.000e+00	0.000e+00	0.000e+00	0.000e+00	0.000e+00	0.000e+00	0.000e+00	0.000e+00	0.000e+00	0.000e+00	0.000e+00	0.000e+00	0.000e+00	0.000e+00	0.000e+00	0.000e+00	0.000e+00	0.000e+00	0.000e+00	0.000e+00	0.000e+00	0.000e+00	0.000e+00	3.118e+06	0.000e+00	0.000e+00	0.000e+00	0.000e+00	0.000e+00	0.000e+00	0.000e+00	0.000e+00	0.000e+00	0.000e+00	
