#
# Electrons precipitation map
# Simulation setup: southward IMF, same Solar wind as Aizawa et al. (2021)
# Simulation code: iPIC3D
# Simulation path: /home/flavorenti/Bureau/data_simu_iPIC3D/Mercury_SaeInit/PR1/minusBz-newbox/texts/
# Output: Mean energy (radial kinetic) pcls per bin, units eV
# Output minimum: 1e-3
# Grid X-Axis (first row): local time [hours] from 0 to 24 with 50 equispaced bins
# Grid Y-Axis (first column): latitude [deg.] from -90 to 90 with 26 equispaced bins
# Signature: Federico Lavorenti
#
nan	0.240	0.720	1.200	1.680	2.160	2.640	3.120	3.600	4.080	4.560	5.040	5.520	6.000	6.480	6.960	7.440	7.920	8.400	8.880	9.360	9.840	10.320	10.800	11.280	11.760	12.240	12.720	13.200	13.680	14.160	14.640	15.120	15.600	16.080	16.560	17.040	17.520	18.000	18.480	18.960	19.440	19.920	20.400	20.880	21.360	21.840	22.320	22.800	23.280	23.760	
-86.538	nan	nan	nan	nan	nan	nan	nan	nan	nan	nan	nan	nan	nan	nan	nan	nan	nan	nan	nan	nan	nan	nan	nan	nan	nan	nan	nan	nan	nan	nan	nan	nan	nan	nan	nan	nan	nan	nan	nan	nan	nan	nan	nan	nan	nan	nan	nan	nan	nan	nan	
-79.615	nan	nan	nan	nan	nan	nan	nan	nan	nan	nan	nan	nan	nan	nan	nan	nan	nan	nan	nan	nan	nan	nan	nan	nan	nan	nan	nan	nan	nan	nan	nan	nan	nan	nan	nan	nan	nan	nan	nan	nan	nan	nan	nan	nan	nan	nan	nan	nan	nan	nan	
-72.692	nan	nan	nan	nan	nan	nan	nan	nan	nan	nan	nan	nan	nan	nan	nan	nan	nan	nan	nan	nan	nan	nan	nan	nan	nan	nan	nan	nan	nan	nan	nan	nan	nan	nan	nan	nan	nan	nan	nan	nan	nan	nan	nan	nan	nan	nan	nan	nan	nan	nan	
-65.769	nan	nan	nan	nan	nan	nan	nan	nan	nan	nan	nan	nan	nan	nan	nan	nan	nan	nan	nan	nan	nan	nan	nan	nan	nan	nan	nan	nan	nan	nan	nan	nan	nan	nan	nan	nan	nan	nan	nan	nan	nan	nan	nan	nan	nan	nan	nan	nan	nan	nan	
-58.846	nan	nan	nan	nan	nan	nan	nan	nan	nan	nan	nan	nan	nan	nan	nan	nan	nan	nan	nan	2888.795	4686.918	358.619	2120.334	2858.087	nan	nan	nan	nan	nan	nan	nan	nan	nan	nan	nan	nan	nan	nan	nan	nan	nan	nan	nan	nan	nan	nan	nan	nan	nan	nan	
-51.923	nan	nan	nan	nan	20.467	8.163	nan	nan	nan	nan	nan	nan	nan	nan	nan	nan	nan	29.366	1289.127	1098.154	1113.940	674.389	137.317	nan	nan	919.659	nan	687.791	nan	nan	nan	nan	nan	nan	nan	nan	nan	nan	nan	nan	nan	nan	nan	nan	nan	nan	nan	nan	nan	nan	
-45.000	nan	nan	nan	477.825	431.958	350.794	280.768	nan	nan	nan	nan	nan	nan	nan	nan	2922.530	1630.093	1707.007	693.786	1262.258	1560.507	1627.323	421.169	2127.167	728.689	1385.077	614.610	37.905	812.214	618.156	830.169	1028.817	nan	nan	nan	nan	nan	nan	nan	nan	nan	nan	nan	nan	nan	nan	nan	nan	nan	nan	
-38.077	1188.330	nan	1500.465	1432.213	1457.858	1355.059	1329.318	nan	nan	nan	nan	nan	nan	271.475	1537.449	2109.022	2028.867	1627.879	2388.364	1719.401	1178.988	809.968	2135.722	1928.848	1890.848	1590.433	1366.681	1450.517	992.582	1047.874	1089.631	1460.906	1660.194	1570.337	1223.751	1356.926	3729.596	nan	nan	nan	nan	nan	nan	nan	nan	nan	nan	1299.627	1501.474	1132.557	
-31.154	2660.855	2382.397	2772.858	2909.870	2999.662	2849.302	2894.201	3077.649	nan	nan	nan	1547.025	2081.026	2028.236	1799.164	1258.947	1330.240	3629.526	nan	nan	1227.087	45.308	2309.116	1787.968	1614.786	1087.756	1631.029	1524.673	1898.116	1788.296	1965.642	2220.643	2334.503	2689.761	3051.629	3140.998	2631.499	1752.225	1361.989	nan	nan	nan	nan	nan	nan	nan	2747.731	2434.234	2763.914	2986.162	
-24.231	3186.649	2953.598	3413.109	3878.350	3898.169	3312.052	2589.278	2297.162	nan	2615.193	2566.967	1971.570	1951.387	1587.528	1631.378	1077.717	787.045	895.767	480.394	1325.307	1815.139	2100.735	1666.818	1978.700	1566.547	1914.222	1659.015	2891.913	3029.010	2450.881	1774.845	1655.249	1747.956	2222.896	2828.700	3304.765	3572.356	3760.511	3607.184	2627.397	3783.715	2891.848	nan	nan	3569.718	nan	3890.853	4103.578	3867.726	3700.091	
-17.308	1152.891	2590.877	3502.341	3869.515	3424.789	2330.816	2836.311	2469.658	2173.921	1828.333	1738.485	1555.280	1209.757	1307.634	1547.782	1126.021	676.477	nan	nan	1818.066	746.332	nan	2250.466	2986.758	1326.288	1482.945	4416.526	3134.768	3278.836	nan	nan	nan	nan	nan	nan	nan	1812.835	3318.986	3390.332	3072.183	2510.217	3309.088	2839.065	3365.550	1681.586	1366.192	3951.307	3190.564	3751.417	3195.161	
-10.385	2198.043	2191.916	2420.160	2333.159	2057.966	1810.063	1546.018	1571.729	1265.444	1008.216	1017.378	858.539	975.435	1275.651	1499.761	1002.348	1072.627	3474.802	nan	615.817	nan	1419.506	1179.338	2474.845	423.782	1036.025	2616.318	nan	nan	nan	nan	4.011	nan	nan	nan	nan	nan	nan	1734.583	1787.717	1453.034	1714.076	1094.027	1511.369	1412.481	2666.924	2101.521	1696.418	2252.881	2337.807	
-3.462	1594.126	1859.204	1741.183	1615.584	1364.233	1197.500	959.636	1123.002	1091.440	1090.495	1025.387	979.423	1353.363	1550.681	1381.439	1342.868	1709.741	nan	nan	nan	nan	2485.905	233.041	3823.055	1745.697	1158.459	nan	nan	nan	nan	nan	nan	nan	nan	nan	nan	nan	nan	nan	nan	1730.780	1606.057	1244.464	944.399	1008.794	1418.482	1249.020	1630.593	1429.856	1637.412	
3.462	832.849	1060.730	1181.653	1372.819	1466.062	1033.459	655.937	842.276	1026.958	988.558	1160.740	1104.852	984.756	990.162	1283.233	1297.135	1041.948	nan	nan	1661.593	nan	nan	nan	nan	3.355	nan	nan	nan	nan	nan	nan	nan	nan	nan	nan	nan	nan	nan	nan	nan	nan	2651.522	1148.114	542.179	726.565	697.002	809.899	551.788	711.595	546.646	
10.385	581.714	698.897	781.620	630.819	687.504	472.403	499.580	567.944	640.838	842.703	904.938	334.700	nan	1497.770	1142.563	2056.924	1986.202	nan	nan	nan	nan	nan	nan	nan	nan	nan	nan	4576.832	nan	nan	nan	nan	nan	nan	nan	nan	nan	nan	nan	nan	nan	nan	30.586	nan	nan	nan	57.280	394.195	1406.229	359.461	
17.308	474.705	562.891	426.708	232.009	324.246	765.222	579.705	376.814	363.391	707.579	nan	nan	nan	34.542	1250.125	68.022	952.435	nan	nan	nan	nan	nan	nan	nan	nan	nan	nan	nan	nan	nan	nan	nan	nan	nan	nan	nan	nan	nan	nan	nan	nan	nan	nan	nan	nan	nan	1494.541	nan	nan	nan	
24.231	1350.988	1427.398	1063.197	808.002	1283.527	2125.026	1474.070	1878.408	2068.647	2319.135	nan	167.212	nan	nan	299.559	48.230	389.453	nan	nan	nan	nan	nan	nan	nan	nan	nan	nan	nan	nan	nan	nan	nan	nan	nan	nan	nan	nan	nan	nan	nan	nan	nan	nan	nan	1075.263	1715.897	1318.305	505.922	2723.179	1167.400	
31.154	1772.372	2048.810	2312.253	1560.584	1919.711	2521.130	2399.913	2474.838	2373.456	2244.034	2471.835	3862.512	2068.679	2256.876	2129.704	2391.925	1476.287	nan	nan	nan	nan	nan	nan	nan	nan	nan	nan	nan	29.211	nan	nan	nan	nan	nan	nan	nan	nan	nan	nan	nan	nan	nan	nan	955.943	1545.841	1488.330	1745.541	1747.993	1993.583	1628.479	
38.077	2248.809	2243.843	1928.624	1796.260	1605.892	1746.505	1620.483	1725.888	1786.974	1859.722	2009.198	1788.653	1983.973	2155.449	2390.525	2251.643	3887.706	nan	nan	nan	nan	nan	nan	nan	212.629	2389.860	nan	nan	nan	nan	nan	nan	nan	nan	nan	nan	nan	nan	nan	nan	1016.166	1343.635	1784.283	1649.401	1429.711	1642.300	1790.712	1972.212	2059.944	2149.474	
45.000	1722.898	1950.329	1609.350	1767.496	1628.178	1832.610	1804.026	1900.306	1791.792	1582.684	1777.186	1743.950	1564.014	1626.077	1935.675	2029.618	1657.103	1888.563	843.214	nan	709.573	nan	nan	1574.759	815.235	1455.817	nan	nan	11.528	nan	nan	nan	nan	nan	nan	nan	nan	1725.908	2104.030	2241.104	2235.479	2140.724	2201.660	2168.590	2154.785	2176.264	2109.673	1934.912	1894.325	1972.323	
51.923	1083.464	1086.185	1180.906	1095.448	1207.787	1369.626	1713.251	1628.007	1610.844	1673.533	2074.093	1369.131	1466.504	1486.725	1127.829	1702.498	1817.266	543.509	1343.515	899.403	1167.290	1150.963	683.701	1392.871	832.320	1449.916	1271.692	938.148	1002.424	942.085	752.419	605.792	nan	805.674	685.598	790.798	974.475	1078.771	885.537	1043.674	1161.747	1007.421	752.590	764.675	586.967	706.418	499.613	774.019	978.515	779.193	
58.846	110.131	112.316	143.235	178.180	279.624	636.732	860.339	917.897	1755.134	1592.803	1533.885	1062.520	2170.736	1902.174	1161.655	1235.505	851.036	1364.242	912.835	2036.142	1267.279	774.015	1053.718	1144.371	887.094	569.981	426.539	421.131	362.589	358.650	388.893	357.147	262.828	260.154	201.760	178.619	181.875	234.624	265.146	257.449	242.000	398.797	277.360	264.379	159.234	97.638	107.443	108.696	106.793	94.629	
65.769	466.605	486.991	430.831	500.484	759.058	1171.673	1091.369	1135.329	1485.033	nan	1048.277	2599.743	2185.047	2753.217	1902.768	1691.938	1793.794	1458.148	1831.864	1619.266	1179.019	1673.807	1487.037	1641.372	1554.473	1272.317	721.055	631.925	584.290	547.317	553.094	534.916	458.646	466.234	447.012	539.463	1016.973	2309.627	2687.072	3661.455	2919.669	1746.825	3141.730	1458.734	620.982	574.823	608.680	489.555	521.579	553.528	
72.692	1574.743	1409.779	1533.979	1358.091	1287.611	2122.788	1232.300	370.863	nan	nan	nan	nan	nan	813.993	1322.948	1415.983	1944.535	1477.545	652.814	1038.190	1478.707	1623.520	1483.135	2222.423	1531.045	1781.973	2155.371	1314.586	1782.525	1265.704	1269.180	1239.372	1893.636	1341.029	2256.194	2031.776	2271.511	2700.776	23.169	1457.875	2033.579	1778.294	712.458	2407.632	1409.852	1220.347	1427.620	1213.181	1656.821	1655.324	
79.615	1046.906	nan	nan	nan	850.140	nan	nan	nan	nan	nan	nan	22.963	1233.149	1501.609	808.237	75.480	1460.503	318.575	834.320	152.869	681.855	601.490	1345.511	952.027	29.347	nan	611.669	617.474	1484.286	nan	2672.862	nan	nan	nan	28.902	0.652	427.767	2284.616	nan	852.016	379.696	2164.787	1506.237	371.604	858.972	nan	785.547	73.482	nan	106.994	
86.538	2206.319	1217.607	308.076	123.796	219.831	nan	1.166	899.662	1863.682	2262.371	823.928	nan	10.290	nan	209.634	nan	441.975	71.294	nan	nan	895.923	nan	nan	353.005	nan	nan	867.950	3.444	nan	nan	nan	nan	nan	31.301	nan	156.340	381.751	38.808	1581.849	1590.172	0.580	1260.332	nan	nan	nan	2872.080	2498.412	87.939	nan	1382.494	
