#
# Electrons precipitation map
# Simulation setup: southward IMF, same Solar wind as Aizawa et al. (2021)
# Simulation code: iPIC3D
# Simulation path: /home/flavorenti/Bureau/data_simu_iPIC3D/Mercury_SaeInit/PR1/minusBz-newbox/texts/
# Output: Mean energy (Ram pressure) pcls per bin, units eV
# Output minimum: 1e-3
# Grid X-Axis (first row): local time [hours] from 0 to 24 with 50 equispaced bins
# Grid Y-Axis (first column): latitude [deg.] from -90 to 90 with 26 equispaced bins
# Signature: Federico Lavorenti
#
nan	0.240	0.720	1.200	1.680	2.160	2.640	3.120	3.600	4.080	4.560	5.040	5.520	6.000	6.480	6.960	7.440	7.920	8.400	8.880	9.360	9.840	10.320	10.800	11.280	11.760	12.240	12.720	13.200	13.680	14.160	14.640	15.120	15.600	16.080	16.560	17.040	17.520	18.000	18.480	18.960	19.440	19.920	20.400	20.880	21.360	21.840	22.320	22.800	23.280	23.760	
-86.538	nan	nan	nan	nan	nan	nan	nan	nan	nan	nan	nan	nan	nan	nan	nan	nan	nan	nan	nan	nan	nan	nan	nan	nan	nan	nan	nan	nan	nan	nan	nan	nan	nan	nan	nan	nan	nan	nan	nan	nan	nan	nan	nan	nan	nan	nan	nan	nan	nan	nan	
-79.615	nan	nan	nan	nan	nan	nan	nan	nan	nan	nan	nan	nan	nan	nan	nan	nan	nan	nan	nan	nan	nan	nan	nan	nan	nan	nan	nan	nan	nan	nan	nan	nan	nan	nan	nan	nan	nan	nan	nan	nan	nan	nan	nan	nan	nan	nan	nan	nan	nan	nan	
-72.692	nan	nan	nan	nan	nan	nan	nan	nan	nan	nan	nan	nan	nan	nan	nan	nan	nan	nan	nan	nan	nan	nan	nan	nan	nan	nan	nan	nan	nan	nan	nan	nan	nan	nan	nan	nan	nan	nan	nan	nan	nan	nan	nan	nan	nan	nan	nan	nan	nan	nan	
-65.769	nan	nan	nan	nan	nan	nan	nan	nan	nan	nan	nan	nan	nan	nan	nan	nan	nan	nan	nan	nan	nan	nan	nan	nan	nan	nan	nan	nan	nan	nan	nan	nan	nan	nan	nan	nan	nan	nan	nan	nan	nan	nan	nan	nan	nan	nan	nan	nan	nan	nan	
-58.846	nan	nan	nan	nan	nan	nan	nan	nan	nan	nan	nan	nan	nan	nan	nan	nan	nan	nan	nan	5883.421	6053.009	3659.204	3678.680	5462.066	nan	nan	nan	nan	nan	nan	nan	nan	nan	nan	nan	nan	nan	nan	nan	nan	nan	nan	nan	nan	nan	nan	nan	nan	nan	nan	
-51.923	nan	nan	nan	nan	4921.674	4645.368	nan	nan	nan	nan	nan	nan	nan	nan	nan	nan	nan	4206.875	1607.996	3253.763	3369.125	3330.032	5620.254	nan	nan	4488.453	nan	5197.684	nan	nan	nan	nan	nan	nan	nan	nan	nan	nan	nan	nan	nan	nan	nan	nan	nan	nan	nan	nan	nan	nan	
-45.000	nan	nan	nan	4369.953	4989.219	4871.237	4457.498	nan	nan	nan	nan	nan	nan	nan	nan	4748.854	2827.013	2259.563	2845.237	1862.599	2144.556	2458.790	4664.357	2530.886	3753.604	3198.277	2947.231	5255.085	3371.084	4098.376	307.046	3091.472	nan	nan	nan	nan	nan	nan	nan	nan	nan	nan	nan	nan	nan	nan	nan	nan	nan	nan	
-38.077	4115.987	nan	4650.995	4912.152	4923.662	4720.655	4467.230	nan	nan	nan	nan	nan	nan	4210.603	1697.730	2434.114	1893.658	2578.777	2155.656	1979.119	4281.456	4134.690	2646.210	2668.712	2265.086	1794.979	1589.359	2077.127	2021.149	2175.847	1850.571	2610.521	3169.625	3632.299	3046.313	2095.316	4274.631	nan	nan	nan	nan	nan	nan	nan	nan	nan	nan	4344.183	4787.920	4528.261	
-31.154	4770.794	4061.989	4777.256	5179.821	5392.540	5083.379	4760.191	4685.341	nan	nan	nan	2194.911	1983.283	2198.468	1691.462	1276.550	1561.326	4221.644	nan	nan	2321.775	4193.221	3000.842	2427.681	2019.973	2371.988	2349.680	2779.773	2541.043	2779.224	3127.300	3556.533	3859.306	4156.644	4426.063	4374.723	3439.529	1379.126	3932.818	nan	nan	nan	nan	nan	nan	nan	4654.156	4590.120	5080.200	5334.259	
-24.231	3986.664	3412.391	4235.700	4873.998	4665.588	3955.010	3223.590	3139.149	nan	3745.451	2497.713	2001.695	1852.248	1582.032	1718.723	1706.854	2161.661	4036.796	4361.963	3161.379	5231.502	3072.279	2894.373	2804.554	2958.027	3004.828	1882.710	3278.467	3499.514	2904.945	3259.451	3154.460	2821.459	1286.295	3539.433	3973.175	4078.763	4129.261	3695.696	4349.091	3772.637	4302.538	nan	nan	4119.580	nan	4980.128	5111.539	4633.387	4749.245	
-17.308	1989.349	2247.065	3521.458	3807.510	3254.441	2052.376	2576.391	2156.150	1822.835	1537.260	1532.392	1463.590	1553.894	1808.528	1816.798	1769.555	2327.174	nan	nan	3988.664	3839.072	nan	4161.636	3286.480	2848.891	2834.135	5887.678	2464.299	3358.721	nan	nan	nan	nan	nan	nan	nan	2409.143	3568.106	3732.927	3438.148	2721.455	4507.905	3418.028	3824.330	4441.319	4135.922	4241.129	3971.176	3731.153	3207.687	
-10.385	2236.644	2216.266	2198.948	2047.674	1757.429	1596.656	1501.424	1483.113	1467.917	1689.738	1943.171	2367.930	2170.070	1996.410	2324.784	2682.813	2977.804	3649.743	nan	5298.770	nan	4852.721	3434.740	3657.082	2384.289	3078.986	5042.891	nan	nan	nan	nan	4543.537	nan	nan	nan	nan	nan	nan	1363.913	2177.919	2969.302	2342.719	2797.799	3372.424	2841.945	3119.074	3209.429	2515.784	2438.634	2446.095	
-3.462	2585.707	2281.139	2197.458	1793.542	1737.870	2336.385	2481.527	2403.738	2378.001	2487.504	3124.927	3269.602	2442.064	2455.727	2585.182	3006.174	4057.778	nan	nan	nan	nan	3593.853	5909.040	5174.963	2704.545	3365.078	nan	nan	nan	nan	nan	nan	nan	nan	nan	nan	nan	nan	nan	nan	1782.835	838.214	2992.298	3524.854	3324.040	2757.268	3144.036	2616.801	2821.574	2543.612	
3.462	3883.382	3529.026	3376.390	3117.364	2915.782	3494.791	3789.732	3595.646	3447.063	3667.922	3699.548	3360.031	3828.822	3704.372	3466.143	3654.986	4617.995	nan	nan	5333.623	nan	nan	nan	nan	4670.019	nan	nan	nan	nan	nan	nan	nan	nan	nan	nan	nan	nan	nan	nan	nan	nan	3496.081	809.584	4119.215	3564.953	3716.877	3587.111	3936.751	3973.975	3990.226	
10.385	4338.333	4215.179	4142.719	4259.858	3986.826	4311.227	4158.356	4127.219	4265.421	4108.138	4730.078	6079.618	nan	4218.536	3869.273	2285.529	3582.849	nan	nan	nan	nan	nan	nan	nan	nan	nan	nan	4964.370	nan	nan	nan	nan	nan	nan	nan	nan	nan	nan	nan	nan	nan	nan	4816.334	nan	nan	nan	5339.506	4663.234	3031.817	4475.271	
17.308	1667.286	3975.519	3957.639	4390.868	4262.192	3308.575	4789.601	4331.078	4609.570	4522.111	nan	nan	nan	6142.933	3939.730	5259.147	5056.441	nan	nan	nan	nan	nan	nan	nan	nan	nan	nan	nan	nan	nan	nan	nan	nan	nan	nan	nan	nan	nan	nan	nan	nan	nan	nan	nan	nan	nan	5367.848	nan	nan	nan	
24.231	3644.961	3184.879	3027.238	3114.700	3208.388	2922.255	3702.229	2702.569	2936.490	3515.566	nan	5311.174	nan	nan	4615.127	5269.314	4002.781	nan	nan	nan	nan	nan	nan	nan	nan	nan	nan	nan	nan	nan	nan	nan	nan	nan	nan	nan	nan	nan	nan	nan	nan	nan	nan	nan	4052.270	4142.540	4548.580	6459.089	1373.759	3762.469	
31.154	2846.620	2645.450	2671.778	2414.012	2479.993	2715.205	2691.181	2847.110	2689.469	2411.878	2613.491	3767.882	2807.898	2699.509	2860.989	3007.832	2803.608	nan	nan	nan	nan	nan	nan	nan	nan	nan	nan	nan	4116.532	nan	nan	nan	nan	nan	nan	nan	nan	nan	nan	nan	nan	nan	nan	2838.262	3171.153	3193.700	2881.524	2780.169	2864.182	3003.764	
38.077	3015.550	2778.328	2518.827	2201.348	2118.239	1992.948	1830.070	1881.620	1910.262	1989.789	2243.679	2222.515	2275.677	2391.220	2526.871	2788.737	4261.119	nan	nan	nan	nan	nan	nan	nan	6107.304	3852.228	nan	nan	nan	nan	nan	nan	nan	nan	nan	nan	nan	nan	nan	nan	4400.674	4139.646	3079.854	3358.137	3002.581	2994.378	2872.120	2816.403	2987.553	2987.460	
45.000	2835.675	3295.264	2472.224	2320.685	2153.829	2351.567	2397.628	2380.864	2012.452	1975.726	2002.846	2058.908	1998.353	2223.567	2192.529	2295.073	2874.381	4058.945	4129.672	nan	4892.799	nan	nan	3670.096	3273.846	2167.051	nan	nan	5754.578	nan	nan	nan	nan	nan	nan	nan	nan	4373.645	4752.197	4697.044	4696.144	4805.918	4762.880	4665.173	4472.073	4263.866	3731.958	3353.187	3217.643	3481.079	
51.923	3697.761	3886.581	3917.959	3256.368	2910.039	2470.257	1956.676	1666.641	1427.157	1452.615	1473.494	2010.281	1734.576	1558.756	1870.222	2477.870	2676.464	3244.306	2070.206	2799.198	3328.440	2720.289	3844.852	3688.919	3290.229	2146.202	3261.772	4584.897	4249.025	4001.595	4000.420	3812.330	nan	4045.513	4612.220	4785.932	4800.461	5002.784	5174.821	5432.909	5388.422	5130.064	4902.081	4906.067	4991.050	4932.504	4870.241	4299.263	4538.044	4791.485	
58.846	5261.103	5249.127	5007.157	4775.999	4388.755	3462.959	3259.377	2822.417	1122.541	743.600	3027.402	1739.968	1674.379	1481.797	2156.867	2681.388	2676.913	1995.353	1797.541	1587.542	2315.759	3067.399	2534.078	2449.051	3174.918	3247.375	4222.419	4550.095	4738.996	4912.297	5052.807	5062.942	5118.518	5053.256	5030.569	4889.547	4807.446	4723.292	4812.262	4341.495	4453.672	4206.668	4203.643	4383.517	4738.557	4972.291	5010.443	5069.973	5177.276	5267.709	
65.769	4880.291	4965.209	4730.667	4735.149	4105.293	3330.305	2467.249	2512.291	2985.674	nan	3249.048	4502.150	3361.126	766.632	1542.366	1089.789	1514.079	2221.893	1866.521	1913.523	2316.396	2030.120	1980.505	2143.028	2353.601	2517.603	3417.363	4081.977	4384.678	4699.784	4790.140	4925.954	4884.074	4805.676	4427.174	3904.333	3010.933	2212.482	962.703	1057.754	1240.044	3381.711	1322.921	2328.468	3815.287	4106.115	4532.874	4647.313	4699.442	4903.978	
72.692	3334.693	3540.156	3299.389	3154.895	2519.820	3474.668	2661.610	2839.420	nan	nan	nan	nan	nan	4240.352	972.264	1222.111	2722.296	315.040	331.403	1639.973	1579.440	2244.519	2191.096	2467.027	2917.778	2022.361	2389.681	2276.820	3811.249	2916.811	3547.931	2899.504	3070.916	3977.805	1865.087	5044.904	564.939	6351.748	4318.605	3895.826	730.487	920.997	2137.191	1813.968	1792.551	2829.039	2807.439	3103.322	3194.973	3431.022	
79.615	5892.627	nan	nan	nan	6483.507	nan	nan	nan	nan	nan	nan	6497.996	683.505	4819.836	459.263	1757.001	1762.634	1223.355	544.664	1822.803	1320.304	1131.026	1866.669	5113.692	6239.224	nan	5794.270	6207.057	4772.895	nan	6188.170	nan	nan	nan	4956.692	6128.504	5367.715	3808.907	nan	1137.953	3178.327	1119.573	910.270	1574.714	4375.137	nan	640.337	5821.696	nan	5958.818	
86.538	6294.340	2058.824	1726.426	5885.617	5873.913	nan	6343.114	6643.743	4996.513	6583.287	3693.098	nan	6215.463	nan	6277.965	nan	1880.429	6538.544	nan	nan	6685.063	nan	nan	6014.676	nan	nan	5415.693	6309.393	nan	nan	nan	nan	nan	6578.322	nan	6637.566	1785.633	5624.613	5264.184	6244.855	6562.066	6169.138	nan	nan	nan	6304.946	5372.991	5853.583	nan	5904.679	
