#
# Electrons precipitation map
# Simulation setup: southward IMF, same Solar wind as Aizawa et al. (2021)
# Simulation code: iPIC3D
# Simulation path: /home/flavorenti/Bureau/data_simu_iPIC3D/Mercury_SaeInit/PR1/minusBz-newbox/texts/
# Output: Flux, units 1/cm2/s
# Output minimum: 1e-6
# Grid X-Axis (first row): local time [hours] from 0 to 24 with 100 equispaced bins
# Grid Y-Axis (first column): latitude [deg.] from -90 to 90 with 50 equispaced bins
# Signature: Federico Lavorenti
#
nan	0.120	0.360	0.600	0.840	1.080	1.320	1.560	1.800	2.040	2.280	2.520	2.760	3.000	3.240	3.480	3.720	3.960	4.200	4.440	4.680	4.920	5.160	5.400	5.640	5.880	6.120	6.360	6.600	6.840	7.080	7.320	7.560	7.800	8.040	8.280	8.520	8.760	9.000	9.240	9.480	9.720	9.960	10.200	10.440	10.680	10.920	11.160	11.400	11.640	11.880	12.120	12.360	12.600	12.840	13.080	13.320	13.560	13.800	14.040	14.280	14.520	14.760	15.000	15.240	15.480	15.720	15.960	16.200	16.440	16.680	16.920	17.160	17.400	17.640	17.880	18.120	18.360	18.600	18.840	19.080	19.320	19.560	19.800	20.040	20.280	20.520	20.760	21.000	21.240	21.480	21.720	21.960	22.200	22.440	22.680	22.920	23.160	23.400	23.640	23.880	
-88.200	3.838e+06	3.838e+06	3.838e+06	7.676e+06	3.838e+06	0.000e+00	0.000e+00	3.838e+06	0.000e+00	0.000e+00	0.000e+00	0.000e+00	0.000e+00	3.838e+06	0.000e+00	0.000e+00	0.000e+00	0.000e+00	3.838e+06	0.000e+00	3.838e+06	3.838e+06	7.676e+06	0.000e+00	3.838e+06	0.000e+00	3.838e+06	0.000e+00	0.000e+00	3.838e+06	0.000e+00	0.000e+00	0.000e+00	7.676e+06	0.000e+00	0.000e+00	0.000e+00	7.676e+06	0.000e+00	0.000e+00	0.000e+00	0.000e+00	3.838e+06	3.838e+06	3.838e+06	0.000e+00	0.000e+00	7.676e+06	3.838e+06	0.000e+00	3.838e+06	0.000e+00	0.000e+00	0.000e+00	0.000e+00	0.000e+00	0.000e+00	3.838e+06	0.000e+00	0.000e+00	0.000e+00	7.676e+06	0.000e+00	3.838e+06	7.676e+06	0.000e+00	0.000e+00	0.000e+00	0.000e+00	0.000e+00	3.838e+06	0.000e+00	0.000e+00	3.838e+06	3.838e+06	3.838e+06	1.151e+07	3.838e+06	3.838e+06	7.676e+06	3.838e+06	3.838e+06	0.000e+00	0.000e+00	0.000e+00	7.676e+06	3.838e+06	3.838e+06	0.000e+00	0.000e+00	0.000e+00	7.676e+06	0.000e+00	3.838e+06	0.000e+00	0.000e+00	7.676e+06	0.000e+00	3.838e+06	0.000e+00	
-84.600	2.562e+06	0.000e+00	2.562e+06	1.281e+06	1.281e+06	0.000e+00	0.000e+00	2.562e+06	1.281e+06	1.281e+06	1.281e+06	7.686e+06	3.843e+06	0.000e+00	0.000e+00	1.281e+06	1.281e+06	2.562e+06	1.281e+06	3.843e+06	2.562e+06	2.562e+06	2.562e+06	5.124e+06	0.000e+00	0.000e+00	0.000e+00	0.000e+00	0.000e+00	1.281e+06	2.562e+06	5.124e+06	2.562e+06	5.124e+06	1.281e+06	1.281e+06	5.124e+06	0.000e+00	1.281e+06	1.281e+06	3.843e+06	0.000e+00	3.843e+06	2.562e+06	1.281e+06	0.000e+00	1.281e+06	5.124e+06	1.281e+06	2.562e+06	1.281e+06	1.281e+06	3.843e+06	2.562e+06	1.281e+06	1.281e+06	2.562e+06	0.000e+00	3.843e+06	2.562e+06	0.000e+00	1.281e+06	5.124e+06	1.281e+06	2.562e+06	1.281e+06	1.281e+06	0.000e+00	3.843e+06	2.562e+06	1.281e+06	3.843e+06	0.000e+00	0.000e+00	3.843e+06	2.562e+06	3.843e+06	3.843e+06	0.000e+00	6.405e+06	1.281e+06	3.843e+06	0.000e+00	2.562e+06	3.843e+06	5.124e+06	5.124e+06	5.124e+06	2.562e+06	0.000e+00	1.281e+06	2.562e+06	7.686e+06	6.405e+06	2.562e+06	2.562e+06	0.000e+00	1.281e+06	1.281e+06	3.843e+06	
-81.000	4.624e+06	5.394e+06	2.312e+06	7.706e+05	1.541e+06	1.541e+06	0.000e+00	3.082e+06	2.312e+06	0.000e+00	7.706e+05	3.853e+06	1.541e+06	7.706e+05	0.000e+00	1.541e+06	7.706e+05	7.706e+05	0.000e+00	3.082e+06	2.312e+06	2.312e+06	1.541e+06	7.706e+05	7.706e+05	1.541e+06	1.541e+06	2.312e+06	3.082e+06	7.706e+05	1.541e+06	0.000e+00	2.312e+06	2.312e+06	3.082e+06	2.312e+06	7.706e+05	1.541e+06	7.706e+05	3.082e+06	2.312e+06	3.082e+06	3.853e+06	7.706e+05	2.312e+06	1.541e+06	1.541e+06	7.706e+05	2.312e+06	3.082e+06	1.541e+06	3.082e+06	3.853e+06	2.312e+06	3.853e+06	3.082e+06	3.853e+06	7.706e+05	7.706e+05	2.312e+06	0.000e+00	3.853e+06	7.706e+05	2.312e+06	3.082e+06	7.706e+05	2.312e+06	2.312e+06	7.706e+05	2.312e+06	1.541e+06	3.082e+06	3.082e+06	3.853e+06	2.312e+06	3.853e+06	2.312e+06	3.082e+06	1.541e+06	1.541e+06	1.541e+06	7.706e+05	3.082e+06	7.706e+05	0.000e+00	4.624e+06	3.082e+06	1.541e+06	7.706e+05	2.312e+06	4.624e+06	3.853e+06	3.853e+06	3.853e+06	7.706e+05	2.312e+06	0.000e+00	2.312e+06	7.706e+05	0.000e+00	
-77.400	2.763e+06	2.211e+06	2.211e+06	2.211e+06	2.763e+06	1.658e+06	2.211e+06	1.105e+06	1.658e+06	3.316e+06	1.105e+06	1.105e+06	1.658e+06	1.105e+06	2.211e+06	5.526e+05	4.974e+06	2.211e+06	2.211e+06	1.658e+06	1.105e+06	2.211e+06	1.105e+06	5.526e+05	5.526e+05	4.421e+06	1.658e+06	1.105e+06	1.105e+06	1.105e+06	3.316e+06	1.658e+06	2.763e+06	1.658e+06	1.658e+06	1.658e+06	2.211e+06	3.316e+06	3.316e+06	2.763e+06	1.105e+06	2.211e+06	2.763e+06	1.105e+06	3.316e+06	1.658e+06	1.105e+06	2.763e+06	4.974e+06	4.421e+06	4.974e+06	5.526e+06	6.632e+06	4.421e+06	2.211e+06	4.421e+06	1.658e+06	1.105e+06	2.763e+06	1.105e+06	1.658e+06	5.526e+06	2.763e+06	3.868e+06	2.763e+06	4.421e+06	2.763e+06	2.211e+06	4.421e+06	5.526e+05	2.211e+06	3.316e+06	2.763e+06	2.763e+06	3.316e+06	1.105e+06	2.763e+06	3.316e+06	1.658e+06	1.105e+06	4.421e+06	5.526e+06	2.763e+06	1.105e+06	1.658e+06	1.658e+06	1.658e+06	4.974e+06	2.211e+06	1.105e+06	2.211e+06	2.211e+06	3.316e+06	1.105e+06	1.658e+06	1.658e+06	1.105e+06	5.526e+05	1.658e+06	3.868e+06	
-73.800	6.049e+06	6.049e+06	4.753e+06	7.346e+06	6.049e+06	6.914e+06	3.025e+06	6.914e+06	5.617e+06	4.321e+06	1.728e+06	2.593e+06	3.457e+06	2.160e+06	3.025e+06	1.296e+06	0.000e+00	2.160e+06	3.025e+06	1.728e+06	3.457e+06	2.160e+06	8.642e+05	1.296e+06	4.321e+05	1.296e+06	2.593e+06	8.642e+05	0.000e+00	2.593e+06	2.593e+06	4.321e+05	1.296e+06	2.593e+06	1.296e+06	2.593e+06	3.025e+06	3.457e+06	4.321e+06	3.025e+06	2.160e+06	2.593e+06	3.025e+06	5.185e+06	4.321e+06	6.049e+06	2.593e+06	6.049e+06	7.778e+06	7.346e+06	8.210e+06	6.481e+06	6.049e+06	4.753e+06	4.753e+06	5.617e+06	4.321e+06	6.914e+06	3.889e+06	6.914e+06	5.185e+06	5.185e+06	5.185e+06	2.593e+06	3.025e+06	4.321e+06	3.025e+06	3.457e+06	3.889e+06	5.185e+06	3.457e+06	3.889e+06	4.321e+06	3.025e+06	3.889e+06	4.321e+06	2.160e+06	3.457e+06	6.049e+06	3.025e+06	3.889e+06	1.296e+06	1.296e+06	3.457e+06	3.457e+06	3.025e+06	1.728e+06	1.296e+06	6.049e+06	5.617e+06	4.321e+06	5.185e+06	2.160e+06	2.160e+06	2.593e+06	2.593e+06	7.346e+06	4.753e+06	7.346e+06	9.938e+06	
-70.200	1.032e+07	1.601e+07	1.246e+07	1.281e+07	1.174e+07	1.210e+07	1.388e+07	8.185e+06	1.174e+07	8.897e+06	6.762e+06	4.271e+06	5.694e+06	2.491e+06	7.118e+06	2.135e+06	2.135e+06	1.068e+06	3.559e+06	1.068e+06	2.491e+06	4.271e+06	1.068e+06	1.779e+06	2.135e+06	1.068e+06	3.559e+05	7.118e+05	3.915e+06	3.559e+06	7.118e+05	1.779e+06	7.118e+05	4.626e+06	2.847e+06	5.694e+06	2.847e+06	9.253e+06	8.185e+06	1.139e+07	1.032e+07	1.068e+07	1.068e+07	1.246e+07	8.541e+06	1.708e+07	1.495e+07	1.139e+07	1.103e+07	1.388e+07	1.281e+07	1.068e+07	1.174e+07	8.541e+06	8.897e+06	9.253e+06	1.032e+07	9.609e+06	8.541e+06	8.185e+06	9.965e+06	7.118e+06	7.473e+06	6.406e+06	9.609e+06	7.118e+06	5.338e+06	4.626e+06	5.694e+06	5.694e+06	3.915e+06	5.694e+06	3.203e+06	4.271e+06	2.135e+06	5.338e+06	4.982e+06	5.338e+06	2.135e+06	3.203e+06	1.424e+06	2.135e+06	3.203e+06	1.424e+06	3.559e+06	3.559e+06	1.424e+06	7.118e+06	2.847e+06	3.915e+06	3.203e+06	4.271e+06	2.135e+06	2.847e+06	4.271e+06	7.118e+06	6.050e+06	1.281e+07	1.103e+07	1.637e+07	
-66.600	1.093e+07	1.336e+07	1.214e+07	1.548e+07	1.578e+07	1.153e+07	1.184e+07	1.002e+07	1.123e+07	1.396e+07	9.713e+06	1.002e+07	8.803e+06	8.196e+06	7.892e+06	3.035e+06	5.160e+06	8.196e+06	3.035e+06	1.518e+06	7.892e+06	8.499e+06	3.339e+06	4.553e+06	3.035e+05	2.125e+06	1.214e+06	1.518e+06	1.214e+06	1.518e+06	2.732e+06	7.588e+06	5.464e+06	6.071e+06	1.153e+07	1.518e+07	2.155e+07	2.853e+07	2.884e+07	3.187e+07	2.701e+07	2.398e+07	2.823e+07	3.005e+07	2.368e+07	2.641e+07	2.884e+07	2.823e+07	2.732e+07	4.189e+07	4.341e+07	3.278e+07	3.521e+07	2.368e+07	2.701e+07	2.428e+07	2.277e+07	2.762e+07	1.639e+07	1.821e+07	2.155e+07	1.669e+07	1.153e+07	9.410e+06	1.245e+07	1.002e+07	7.892e+06	1.093e+07	7.588e+06	7.892e+06	7.892e+06	5.464e+06	6.981e+06	5.464e+06	1.821e+06	3.946e+06	5.160e+06	4.553e+06	3.035e+06	4.250e+06	1.214e+06	3.035e+05	1.518e+06	1.518e+06	2.732e+06	4.553e+06	1.002e+07	7.588e+06	1.275e+07	1.062e+07	2.732e+06	3.946e+06	4.553e+06	1.093e+07	1.093e+07	1.275e+07	1.366e+07	1.275e+07	1.639e+07	1.669e+07	
-63.000	1.221e+07	1.062e+07	1.275e+07	1.009e+07	9.294e+06	1.009e+07	1.381e+07	1.275e+07	1.540e+07	1.620e+07	1.036e+07	1.248e+07	1.089e+07	8.231e+06	5.311e+06	4.780e+06	2.921e+06	4.248e+06	4.780e+06	9.825e+06	6.107e+06	1.593e+06	3.186e+06	2.655e+05	1.062e+06	7.966e+05	3.717e+06	2.124e+06	3.452e+06	4.514e+06	3.983e+06	1.089e+07	1.221e+07	1.434e+07	1.885e+07	2.762e+07	4.248e+07	4.726e+07	4.036e+07	3.452e+07	3.771e+07	3.558e+07	4.992e+07	5.470e+07	5.550e+07	7.647e+07	9.479e+07	1.070e+08	1.216e+08	1.423e+08	1.543e+08	1.336e+08	9.692e+07	7.647e+07	6.399e+07	5.550e+07	5.098e+07	4.806e+07	3.956e+07	4.169e+07	4.116e+07	3.186e+07	3.080e+07	2.337e+07	2.337e+07	2.071e+07	2.098e+07	1.354e+07	1.301e+07	1.062e+07	7.435e+06	7.966e+06	7.435e+06	9.028e+06	6.373e+06	6.904e+06	6.638e+06	3.452e+06	2.655e+06	2.390e+06	2.655e+06	2.390e+06	1.328e+06	2.655e+06	1.593e+06	3.983e+06	4.248e+06	1.168e+07	1.036e+07	5.311e+06	7.435e+06	1.540e+07	1.434e+07	1.699e+07	1.460e+07	1.354e+07	1.460e+07	1.328e+07	1.487e+07	9.294e+06	
-59.400	1.066e+07	9.946e+06	1.089e+07	9.946e+06	9.472e+06	1.231e+07	1.231e+07	1.184e+07	1.184e+07	1.089e+07	1.184e+07	1.255e+07	1.160e+07	1.042e+07	8.525e+06	4.973e+06	3.079e+06	1.658e+06	3.079e+06	2.368e+05	9.472e+05	1.894e+06	1.184e+06	1.658e+06	1.658e+06	2.842e+06	1.894e+06	3.552e+06	5.447e+06	8.052e+06	8.052e+06	1.871e+07	2.037e+07	3.221e+07	4.807e+07	7.981e+07	1.196e+08	1.210e+08	1.023e+08	9.922e+07	8.880e+07	8.809e+07	8.573e+07	7.933e+07	7.104e+07	6.583e+07	6.986e+07	7.104e+07	6.418e+07	9.307e+07	1.196e+08	1.217e+08	7.862e+07	4.855e+07	3.647e+07	3.434e+07	4.026e+07	3.363e+07	2.913e+07	3.576e+07	4.026e+07	4.594e+07	3.528e+07	3.481e+07	3.008e+07	2.510e+07	2.084e+07	2.037e+07	1.823e+07	1.350e+07	1.042e+07	1.113e+07	8.052e+06	7.104e+06	4.026e+06	2.842e+06	2.842e+06	3.079e+06	2.605e+06	2.842e+06	2.605e+06	1.658e+06	2.131e+06	1.184e+06	4.499e+06	2.842e+06	5.920e+06	3.079e+06	3.315e+06	4.973e+06	1.610e+07	1.894e+07	2.510e+07	2.250e+07	1.823e+07	1.302e+07	1.113e+07	1.326e+07	1.445e+07	1.279e+07	
-55.800	1.029e+07	1.158e+07	1.008e+07	1.029e+07	9.007e+06	7.721e+06	8.150e+06	1.008e+07	1.566e+07	1.716e+07	1.823e+07	1.759e+07	1.801e+07	1.222e+07	1.265e+07	9.651e+06	4.075e+06	3.217e+06	1.072e+06	1.287e+06	2.145e+05	6.434e+05	1.287e+06	1.072e+06	1.287e+06	2.788e+06	2.359e+06	4.933e+06	6.863e+06	1.158e+07	2.102e+07	4.161e+07	5.983e+07	8.128e+07	1.132e+08	1.437e+08	1.023e+08	1.119e+08	7.249e+07	4.976e+07	4.139e+07	2.574e+07	1.801e+07	1.866e+07	3.281e+07	6.112e+07	9.222e+07	1.074e+08	1.310e+08	1.272e+08	1.225e+08	8.793e+07	4.246e+07	2.874e+07	1.973e+07	2.252e+07	1.973e+07	2.295e+07	2.252e+07	2.381e+07	2.359e+07	2.724e+07	2.638e+07	2.338e+07	2.338e+07	2.852e+07	2.466e+07	2.123e+07	2.016e+07	2.102e+07	1.737e+07	1.201e+07	9.222e+06	9.222e+06	7.077e+06	5.576e+06	3.860e+06	2.788e+06	1.930e+06	1.287e+06	2.788e+06	2.788e+06	3.217e+06	6.434e+06	5.147e+06	6.005e+06	4.289e+06	5.576e+06	1.137e+07	1.308e+07	2.531e+07	2.209e+07	2.080e+07	1.351e+07	1.608e+07	1.651e+07	1.201e+07	1.415e+07	1.566e+07	1.287e+07	
-52.200	1.337e+07	1.121e+07	7.670e+06	1.160e+07	1.416e+07	1.337e+07	1.278e+07	1.003e+07	1.750e+07	2.065e+07	2.045e+07	1.731e+07	1.613e+07	1.357e+07	1.062e+07	1.160e+07	6.884e+06	2.753e+06	1.770e+06	7.867e+05	1.967e+05	3.934e+05	5.900e+05	3.934e+05	7.867e+05	2.557e+06	2.950e+06	3.540e+06	9.637e+06	1.141e+07	2.065e+07	4.445e+07	6.884e+07	9.775e+07	1.133e+08	6.962e+07	9.185e+07	1.406e+08	1.367e+08	1.151e+08	8.575e+07	6.530e+07	6.687e+07	6.215e+07	8.300e+07	9.322e+07	8.005e+07	7.552e+07	7.100e+07	4.976e+07	3.245e+07	4.661e+07	5.645e+07	4.779e+07	3.835e+07	4.288e+07	4.170e+07	3.894e+07	3.363e+07	3.599e+07	4.779e+07	3.717e+07	3.855e+07	4.366e+07	4.602e+07	3.874e+07	3.697e+07	3.343e+07	2.911e+07	2.793e+07	1.691e+07	1.318e+07	1.160e+07	7.867e+06	5.507e+06	4.720e+06	3.343e+06	2.753e+06	2.753e+06	2.950e+06	1.967e+06	2.950e+06	2.163e+06	7.867e+05	4.524e+06	8.064e+06	6.687e+06	1.023e+07	1.927e+07	2.596e+07	2.911e+07	2.281e+07	2.419e+07	1.337e+07	1.809e+07	1.554e+07	1.318e+07	1.160e+07	1.357e+07	1.219e+07	
-48.600	1.130e+07	1.185e+07	7.109e+06	1.221e+07	1.458e+07	8.202e+06	1.094e+07	1.713e+07	1.859e+07	1.750e+07	1.640e+07	1.404e+07	1.367e+07	1.513e+07	1.167e+07	9.478e+06	1.039e+07	6.927e+06	2.370e+06	1.458e+06	3.646e+05	0.000e+00	5.468e+05	7.291e+05	1.640e+06	2.005e+06	4.739e+06	5.104e+06	9.661e+06	1.039e+07	1.349e+07	3.445e+07	6.124e+07	6.197e+07	7.893e+07	7.364e+07	8.494e+07	1.119e+08	1.458e+08	1.527e+08	1.526e+08	1.156e+08	9.460e+07	8.057e+07	7.473e+07	6.124e+07	4.539e+07	6.671e+07	4.703e+07	6.234e+07	8.567e+07	8.531e+07	3.937e+07	1.549e+07	1.404e+07	1.713e+07	1.786e+07	2.242e+07	1.950e+07	1.987e+07	1.896e+07	2.661e+07	2.497e+07	2.461e+07	2.570e+07	2.807e+07	3.062e+07	3.591e+07	3.591e+07	4.156e+07	5.651e+07	3.864e+07	1.859e+07	1.221e+07	8.385e+06	5.286e+06	5.651e+06	4.739e+06	1.640e+06	3.828e+06	2.187e+06	2.370e+06	3.099e+06	2.187e+06	4.192e+06	9.114e+06	1.823e+07	1.750e+07	2.424e+07	3.172e+07	3.226e+07	3.099e+07	2.698e+07	1.932e+07	1.786e+07	1.404e+07	1.385e+07	1.130e+07	1.440e+07	1.367e+07	
-45.000	1.517e+07	1.619e+07	1.279e+07	1.347e+07	1.398e+07	1.398e+07	1.807e+07	1.551e+07	1.790e+07	1.585e+07	1.466e+07	1.040e+07	1.176e+07	1.091e+07	8.523e+06	8.864e+06	7.842e+06	8.012e+06	4.944e+06	5.285e+06	2.387e+06	2.046e+06	1.364e+06	1.364e+06	1.534e+06	2.046e+06	5.285e+06	5.966e+06	8.182e+06	1.108e+07	1.875e+07	2.608e+07	4.108e+07	4.892e+07	5.625e+07	5.915e+07	6.188e+07	5.932e+07	5.267e+07	5.336e+07	5.847e+07	6.546e+07	6.938e+07	8.387e+07	8.080e+07	4.296e+07	2.523e+07	1.994e+07	2.063e+07	2.591e+07	3.409e+07	1.279e+07	2.523e+07	1.602e+07	1.739e+07	1.841e+07	1.875e+07	2.489e+07	1.943e+07	2.012e+07	2.080e+07	2.557e+07	2.710e+07	2.284e+07	2.710e+07	2.506e+07	2.421e+07	2.250e+07	1.773e+07	2.148e+07	3.818e+07	4.466e+07	6.188e+07	4.637e+07	2.370e+07	1.057e+07	7.160e+06	4.432e+06	3.580e+06	2.898e+06	2.216e+06	6.307e+06	3.239e+06	4.603e+06	1.091e+07	1.790e+07	2.046e+07	2.847e+07	2.455e+07	2.727e+07	2.506e+07	2.318e+07	1.636e+07	2.029e+07	1.585e+07	1.517e+07	1.398e+07	1.449e+07	1.585e+07	1.244e+07	
-41.400	1.173e+07	1.141e+07	1.205e+07	1.125e+07	1.173e+07	1.109e+07	1.559e+07	1.671e+07	1.607e+07	1.446e+07	1.221e+07	1.077e+07	1.012e+07	1.045e+07	8.517e+06	7.713e+06	8.035e+06	6.267e+06	4.981e+06	4.660e+06	5.624e+06	2.250e+06	1.607e+06	8.035e+05	1.607e+06	1.125e+06	3.857e+06	8.999e+06	1.511e+07	8.838e+06	1.382e+07	2.121e+07	2.973e+07	4.499e+07	5.062e+07	4.515e+07	3.664e+07	2.298e+07	2.748e+07	3.326e+07	5.255e+07	4.596e+07	6.829e+07	7.472e+07	5.174e+07	2.507e+07	1.575e+07	9.642e+06	1.430e+07	2.362e+07	2.571e+07	2.009e+07	2.780e+07	2.330e+07	2.459e+07	2.234e+07	2.507e+07	3.278e+07	2.185e+07	3.117e+07	2.635e+07	2.667e+07	2.571e+07	3.150e+07	2.185e+07	2.523e+07	2.426e+07	2.957e+07	2.796e+07	2.925e+07	2.555e+07	2.378e+07	2.459e+07	4.628e+07	7.167e+07	6.588e+07	3.278e+07	1.221e+07	9.159e+06	7.713e+06	5.785e+06	6.910e+06	9.963e+06	1.366e+07	2.844e+07	3.053e+07	2.828e+07	2.314e+07	2.378e+07	2.667e+07	2.250e+07	2.780e+07	2.426e+07	1.912e+07	1.527e+07	1.703e+07	1.366e+07	1.848e+07	1.334e+07	1.302e+07	
-37.800	1.159e+07	1.251e+07	1.190e+07	1.159e+07	1.159e+07	1.709e+07	1.495e+07	1.541e+07	1.586e+07	1.358e+07	9.000e+06	1.114e+07	7.170e+06	7.780e+06	7.780e+06	9.458e+06	4.881e+06	6.102e+06	3.814e+06	4.881e+06	5.492e+06	5.949e+06	5.644e+06	3.203e+06	4.576e+06	3.814e+06	5.949e+06	1.220e+07	1.724e+07	1.937e+07	2.578e+07	2.837e+07	3.020e+07	2.288e+07	1.449e+07	1.327e+07	1.831e+07	2.120e+07	2.410e+07	4.210e+07	3.997e+07	3.829e+07	3.249e+07	7.993e+07	4.058e+07	2.746e+07	2.364e+07	1.403e+07	1.739e+07	3.264e+07	3.051e+07	3.737e+07	3.356e+07	3.859e+07	3.890e+07	3.387e+07	2.807e+07	3.493e+07	2.654e+07	4.073e+07	3.524e+07	3.707e+07	3.417e+07	3.097e+07	2.166e+07	2.212e+07	2.883e+07	2.700e+07	3.310e+07	3.814e+07	4.180e+07	4.302e+07	3.905e+07	3.875e+07	3.722e+07	4.485e+07	5.934e+07	7.459e+07	7.353e+07	3.936e+07	1.770e+07	2.685e+07	2.990e+07	3.173e+07	3.142e+07	3.432e+07	3.036e+07	3.097e+07	2.639e+07	2.120e+07	2.441e+07	2.029e+07	1.678e+07	1.220e+07	1.678e+07	1.327e+07	1.327e+07	1.114e+07	1.373e+07	1.068e+07	
-34.200	1.166e+07	1.224e+07	1.151e+07	1.108e+07	1.239e+07	1.268e+07	1.268e+07	1.049e+07	9.473e+06	1.268e+07	1.093e+07	9.618e+06	6.266e+06	5.538e+06	4.809e+06	5.101e+06	6.412e+06	4.809e+06	7.432e+06	4.809e+06	4.226e+06	6.412e+06	5.684e+06	1.268e+07	3.264e+07	4.678e+07	6.004e+07	4.795e+07	4.080e+07	3.337e+07	1.924e+07	8.598e+06	1.020e+07	9.910e+06	1.224e+07	1.399e+07	1.326e+07	1.210e+07	9.181e+06	4.955e+07	5.800e+07	2.871e+07	2.609e+07	5.086e+07	3.468e+07	3.396e+07	2.521e+07	1.836e+07	2.609e+07	3.658e+07	3.570e+07	4.940e+07	5.858e+07	9.006e+07	5.523e+07	4.328e+07	3.847e+07	3.789e+07	5.829e+07	5.669e+07	4.328e+07	3.818e+07	2.609e+07	2.579e+07	2.434e+07	1.997e+07	2.463e+07	1.647e+07	2.317e+07	2.769e+07	3.876e+07	4.765e+07	5.684e+07	6.995e+07	7.447e+07	6.150e+07	4.693e+07	4.969e+07	6.602e+07	8.554e+07	8.074e+07	6.310e+07	4.561e+07	3.104e+07	2.915e+07	2.988e+07	2.273e+07	2.215e+07	2.259e+07	2.142e+07	1.924e+07	1.341e+07	1.603e+07	1.035e+07	1.151e+07	1.647e+07	1.443e+07	1.137e+07	1.108e+07	1.239e+07	
-30.600	1.106e+07	9.942e+06	1.148e+07	1.120e+07	9.662e+06	1.316e+07	1.358e+07	1.134e+07	1.204e+07	1.470e+07	1.442e+07	1.848e+07	1.946e+07	1.414e+07	9.242e+06	6.161e+06	5.881e+06	6.581e+06	3.781e+06	6.721e+06	6.301e+06	7.982e+06	3.249e+07	7.226e+07	1.091e+08	1.102e+08	9.060e+07	6.931e+07	6.525e+07	5.433e+07	3.529e+07	1.484e+07	8.542e+06	1.204e+07	1.120e+07	9.382e+06	1.134e+07	7.282e+06	1.862e+07	7.758e+07	5.545e+07	1.932e+07	1.596e+07	3.599e+07	3.165e+07	3.109e+07	4.019e+07	2.549e+07	4.215e+07	4.705e+07	3.781e+07	4.705e+07	3.697e+07	1.318e+08	6.945e+07	5.391e+07	5.601e+07	3.557e+07	2.857e+07	3.851e+07	2.451e+07	2.366e+07	1.680e+07	1.974e+07	1.470e+07	1.596e+07	1.624e+07	1.190e+07	7.001e+06	8.262e+06	1.652e+07	2.941e+07	4.201e+07	5.237e+07	7.141e+07	9.116e+07	7.996e+07	6.805e+07	4.285e+07	4.075e+07	4.061e+07	5.475e+07	4.397e+07	2.437e+07	2.423e+07	2.352e+07	2.549e+07	2.815e+07	2.086e+07	2.044e+07	2.058e+07	1.750e+07	1.638e+07	9.802e+06	1.176e+07	1.148e+07	1.246e+07	1.078e+07	1.078e+07	1.078e+07	
-27.000	1.299e+07	1.109e+07	1.339e+07	1.190e+07	1.028e+07	1.488e+07	1.610e+07	1.393e+07	1.366e+07	1.840e+07	3.192e+07	3.855e+07	3.490e+07	2.245e+07	1.217e+07	6.628e+06	7.846e+06	6.358e+06	4.734e+06	2.976e+06	5.817e+06	3.936e+07	9.266e+07	1.372e+08	1.811e+08	1.676e+08	1.458e+08	1.234e+08	1.082e+08	9.022e+07	5.776e+07	2.827e+07	1.921e+07	1.407e+07	5.817e+06	6.493e+06	5.411e+06	2.408e+07	5.668e+07	5.127e+07	2.029e+07	1.055e+07	1.948e+07	3.071e+07	2.651e+07	2.746e+07	3.003e+07	3.760e+07	5.221e+07	5.316e+07	8.887e+07	3.490e+07	2.164e+06	3.179e+07	7.291e+07	2.692e+07	6.101e+07	4.315e+07	2.178e+07	7.575e+06	9.739e+06	1.217e+07	1.069e+07	6.628e+06	1.759e+06	5.411e+05	1.082e+06	2.976e+06	5.411e+06	8.522e+06	1.028e+07	1.434e+07	2.002e+07	3.531e+07	5.248e+07	6.615e+07	5.708e+07	5.330e+07	5.749e+07	4.491e+07	2.800e+07	2.340e+07	3.476e+07	3.219e+07	2.381e+07	1.759e+07	1.677e+07	1.813e+07	1.799e+07	1.745e+07	1.840e+07	1.434e+07	1.042e+07	1.109e+07	1.123e+07	1.474e+07	1.272e+07	9.334e+06	8.928e+06	1.177e+07	
-23.400	1.405e+07	1.156e+07	1.392e+07	1.930e+07	1.839e+07	2.377e+07	2.574e+07	2.246e+07	1.996e+07	2.771e+07	3.598e+07	2.915e+07	2.351e+07	1.878e+07	7.617e+06	5.384e+06	5.516e+06	4.728e+06	1.313e+06	6.041e+06	5.555e+07	1.186e+08	1.756e+08	2.384e+08	2.382e+08	2.273e+08	2.064e+08	1.766e+08	1.400e+08	1.175e+08	8.313e+07	3.716e+07	1.484e+07	9.455e+06	4.728e+06	5.122e+06	6.304e+06	2.745e+07	4.885e+07	3.677e+06	2.495e+06	1.445e+07	1.418e+07	3.296e+07	3.362e+07	2.272e+07	4.465e+07	3.940e+07	3.047e+07	3.007e+07	1.786e+07	4.202e+06	5.253e+05	1.051e+06	2.758e+06	4.334e+06	2.219e+07	1.143e+07	5.384e+06	3.808e+06	3.808e+06	3.152e+06	1.707e+06	1.313e+05	1.313e+05	0.000e+00	0.000e+00	0.000e+00	1.313e+05	6.566e+05	3.414e+06	8.536e+06	1.234e+07	1.786e+07	2.036e+07	2.626e+07	3.900e+07	4.386e+07	5.634e+07	7.157e+07	7.078e+07	4.911e+07	2.443e+07	2.653e+07	1.917e+07	1.313e+07	1.051e+07	1.274e+07	1.064e+07	1.182e+07	1.379e+07	1.274e+07	1.379e+07	1.103e+07	1.445e+07	1.287e+07	1.116e+07	1.143e+07	8.799e+06	1.182e+07	
-19.800	1.716e+07	1.499e+07	1.601e+07	2.037e+07	2.549e+07	2.741e+07	1.921e+07	2.101e+07	1.422e+07	1.627e+07	1.665e+07	1.973e+07	1.883e+07	1.153e+07	1.883e+07	1.140e+07	2.536e+07	4.201e+07	7.327e+07	1.295e+08	2.038e+08	2.669e+08	3.215e+08	2.961e+08	2.704e+08	2.858e+08	2.587e+08	2.240e+08	1.879e+08	1.470e+08	1.027e+08	3.574e+07	1.127e+07	7.685e+06	3.971e+06	9.607e+06	1.114e+07	7.814e+06	1.511e+07	8.966e+05	3.715e+06	1.255e+07	4.483e+06	6.405e+06	8.966e+05	3.330e+06	2.703e+07	4.624e+07	9.094e+06	1.614e+07	1.371e+07	1.409e+06	3.843e+05	3.843e+05	3.843e+05	1.793e+06	2.178e+06	3.587e+06	2.049e+06	8.966e+05	1.281e+05	2.562e+05	0.000e+00	0.000e+00	0.000e+00	0.000e+00	1.281e+05	0.000e+00	0.000e+00	0.000e+00	0.000e+00	0.000e+00	5.124e+05	4.227e+06	1.307e+07	1.845e+07	2.293e+07	2.805e+07	3.254e+07	4.522e+07	6.866e+07	8.877e+07	1.036e+08	9.735e+07	8.095e+07	7.122e+07	4.714e+07	2.882e+07	2.011e+07	2.664e+07	1.627e+07	1.499e+07	1.319e+07	1.909e+07	1.511e+07	1.383e+07	1.178e+07	1.435e+07	1.255e+07	1.281e+07	
-16.200	3.351e+07	1.230e+07	8.659e+06	1.104e+07	1.857e+07	4.242e+07	2.522e+07	1.581e+07	3.087e+07	5.472e+07	3.313e+07	6.815e+07	8.910e+07	7.066e+07	8.584e+07	8.245e+07	1.187e+08	1.594e+08	2.410e+08	3.101e+08	3.274e+08	3.437e+08	3.301e+08	3.117e+08	3.136e+08	3.234e+08	2.843e+08	2.708e+08	2.315e+08	1.979e+08	1.219e+08	5.334e+07	1.569e+07	5.773e+06	5.271e+06	4.518e+06	7.028e+06	1.180e+07	5.898e+06	5.020e+05	4.267e+06	6.400e+06	5.020e+05	2.510e+05	3.765e+05	1.129e+06	2.773e+07	2.171e+07	1.318e+07	3.050e+07	2.272e+07	5.647e+06	5.020e+05	1.255e+05	0.000e+00	0.000e+00	3.765e+05	2.510e+05	1.255e+05	1.255e+05	0.000e+00	0.000e+00	0.000e+00	0.000e+00	0.000e+00	0.000e+00	0.000e+00	0.000e+00	0.000e+00	0.000e+00	0.000e+00	0.000e+00	0.000e+00	1.255e+05	1.255e+05	3.890e+06	1.493e+07	3.752e+07	4.480e+07	3.928e+07	4.104e+07	5.246e+07	7.015e+07	1.079e+08	1.202e+08	1.318e+08	1.300e+08	1.256e+08	1.123e+08	1.419e+08	1.325e+08	6.852e+07	3.627e+07	8.471e+07	5.384e+07	4.894e+07	2.937e+07	1.719e+07	2.008e+07	2.284e+07	
-12.600	1.366e+08	6.619e+07	8.817e+07	1.062e+08	2.235e+07	1.755e+08	1.742e+08	8.829e+07	1.230e+08	1.237e+08	1.637e+08	1.078e+08	1.173e+08	1.599e+08	1.800e+08	1.997e+08	2.187e+08	2.598e+08	3.225e+08	3.696e+08	3.801e+08	3.643e+08	3.314e+08	3.392e+08	3.555e+08	3.450e+08	3.297e+08	3.341e+08	3.127e+08	2.517e+08	1.637e+08	9.027e+07	2.050e+07	5.186e+06	2.346e+06	2.840e+06	4.939e+06	5.557e+06	8.767e+06	4.939e+05	1.482e+06	1.235e+06	1.235e+05	4.939e+05	0.000e+00	3.705e+05	1.729e+07	7.903e+06	1.791e+07	4.915e+07	4.989e+07	2.050e+07	4.939e+05	0.000e+00	0.000e+00	0.000e+00	0.000e+00	0.000e+00	0.000e+00	0.000e+00	0.000e+00	0.000e+00	0.000e+00	0.000e+00	0.000e+00	0.000e+00	0.000e+00	0.000e+00	0.000e+00	0.000e+00	0.000e+00	0.000e+00	0.000e+00	0.000e+00	0.000e+00	0.000e+00	2.470e+05	2.099e+06	1.383e+07	3.260e+07	4.112e+07	5.125e+07	4.766e+07	5.903e+07	6.569e+07	6.643e+07	6.718e+07	7.779e+07	1.093e+08	1.360e+08	1.546e+08	1.679e+08	2.039e+08	1.851e+08	1.739e+08	1.826e+08	1.609e+08	1.526e+08	1.493e+08	1.330e+08	
-9.000	1.614e+08	1.746e+08	2.253e+08	2.078e+08	2.499e+08	1.858e+08	1.290e+08	1.751e+08	1.945e+08	2.593e+08	1.768e+08	2.277e+08	2.006e+08	1.828e+08	2.073e+08	2.472e+08	2.496e+08	3.056e+08	3.327e+08	4.021e+08	3.741e+08	3.138e+08	3.001e+08	3.028e+08	2.876e+08	3.126e+08	3.626e+08	3.873e+08	4.008e+08	3.360e+08	1.697e+08	9.895e+07	1.159e+07	3.294e+06	7.320e+05	1.342e+06	1.830e+06	3.660e+05	1.220e+05	0.000e+00	0.000e+00	1.220e+05	1.220e+05	1.220e+05	0.000e+00	1.220e+05	1.342e+06	2.562e+06	1.159e+07	2.221e+07	2.269e+07	2.562e+06	0.000e+00	0.000e+00	0.000e+00	0.000e+00	0.000e+00	0.000e+00	0.000e+00	0.000e+00	0.000e+00	0.000e+00	0.000e+00	0.000e+00	0.000e+00	0.000e+00	0.000e+00	0.000e+00	0.000e+00	0.000e+00	0.000e+00	0.000e+00	0.000e+00	0.000e+00	0.000e+00	0.000e+00	0.000e+00	0.000e+00	0.000e+00	3.660e+05	5.734e+06	2.196e+07	3.587e+07	4.966e+07	5.576e+07	6.430e+07	6.405e+07	7.247e+07	6.100e+07	7.711e+07	8.187e+07	8.150e+07	1.096e+08	1.063e+08	1.129e+08	1.320e+08	1.407e+08	1.454e+08	1.497e+08	1.575e+08	
-5.400	1.916e+08	1.941e+08	1.719e+08	1.511e+08	1.327e+08	1.634e+08	2.009e+08	2.092e+08	1.633e+08	1.908e+08	2.314e+08	2.363e+08	1.933e+08	1.932e+08	2.401e+08	3.096e+08	3.280e+08	3.339e+08	3.457e+08	3.654e+08	2.786e+08	2.036e+08	1.807e+08	1.278e+08	1.525e+08	1.651e+08	2.436e+08	3.790e+08	4.171e+08	3.511e+08	1.617e+08	8.001e+07	4.720e+06	2.179e+06	9.683e+05	7.262e+05	6.052e+05	0.000e+00	0.000e+00	0.000e+00	1.210e+05	0.000e+00	6.052e+05	0.000e+00	1.210e+05	1.210e+05	0.000e+00	1.452e+06	5.326e+06	1.864e+07	2.142e+07	7.504e+06	0.000e+00	0.000e+00	0.000e+00	0.000e+00	0.000e+00	0.000e+00	0.000e+00	0.000e+00	0.000e+00	0.000e+00	0.000e+00	0.000e+00	0.000e+00	0.000e+00	0.000e+00	0.000e+00	0.000e+00	0.000e+00	0.000e+00	0.000e+00	0.000e+00	0.000e+00	0.000e+00	0.000e+00	0.000e+00	0.000e+00	0.000e+00	0.000e+00	0.000e+00	4.841e+05	4.115e+06	1.041e+07	2.627e+07	3.752e+07	4.781e+07	5.568e+07	6.609e+07	7.710e+07	9.683e+07	9.078e+07	9.066e+07	1.060e+08	1.126e+08	1.243e+08	1.346e+08	1.496e+08	1.538e+08	1.905e+08	
-1.800	1.900e+08	1.902e+08	1.799e+08	2.176e+08	2.122e+08	2.196e+08	2.160e+08	2.237e+08	2.177e+08	2.628e+08	2.498e+08	2.158e+08	2.099e+08	2.360e+08	2.945e+08	3.333e+08	3.664e+08	3.541e+08	3.578e+08	2.798e+08	2.107e+08	1.185e+08	7.535e+07	6.474e+07	8.354e+07	9.994e+07	1.519e+08	2.277e+08	2.756e+08	2.822e+08	1.309e+08	3.966e+07	1.567e+06	1.206e+06	4.822e+05	0.000e+00	3.617e+05	1.206e+05	1.206e+05	0.000e+00	2.411e+05	0.000e+00	1.206e+05	0.000e+00	0.000e+00	1.206e+05	0.000e+00	3.617e+05	7.233e+05	1.073e+07	1.917e+07	4.581e+06	0.000e+00	0.000e+00	0.000e+00	0.000e+00	0.000e+00	0.000e+00	0.000e+00	0.000e+00	0.000e+00	0.000e+00	0.000e+00	0.000e+00	0.000e+00	0.000e+00	0.000e+00	0.000e+00	0.000e+00	0.000e+00	0.000e+00	0.000e+00	0.000e+00	0.000e+00	0.000e+00	0.000e+00	0.000e+00	0.000e+00	0.000e+00	0.000e+00	0.000e+00	0.000e+00	3.617e+05	4.822e+05	3.376e+06	6.269e+06	1.640e+07	3.556e+07	5.521e+07	6.329e+07	6.534e+07	7.318e+07	7.426e+07	8.668e+07	1.122e+08	1.201e+08	1.115e+08	1.068e+08	1.307e+08	1.588e+08	
1.800	1.562e+08	1.924e+08	1.887e+08	1.828e+08	1.911e+08	2.270e+08	2.249e+08	2.774e+08	3.151e+08	2.533e+08	2.183e+08	1.894e+08	1.715e+08	2.278e+08	2.677e+08	2.916e+08	3.061e+08	3.506e+08	3.307e+08	2.410e+08	1.110e+08	3.665e+07	2.278e+07	1.736e+07	1.784e+07	2.061e+07	3.942e+07	6.992e+07	1.451e+08	1.531e+08	6.787e+07	9.644e+06	1.205e+05	0.000e+00	0.000e+00	2.411e+05	0.000e+00	0.000e+00	1.205e+05	0.000e+00	1.205e+05	0.000e+00	0.000e+00	1.205e+05	0.000e+00	0.000e+00	0.000e+00	0.000e+00	2.411e+05	2.411e+05	1.205e+05	0.000e+00	0.000e+00	0.000e+00	0.000e+00	0.000e+00	0.000e+00	0.000e+00	0.000e+00	0.000e+00	0.000e+00	0.000e+00	0.000e+00	0.000e+00	0.000e+00	0.000e+00	0.000e+00	0.000e+00	0.000e+00	0.000e+00	0.000e+00	0.000e+00	0.000e+00	0.000e+00	0.000e+00	0.000e+00	0.000e+00	0.000e+00	0.000e+00	0.000e+00	0.000e+00	0.000e+00	0.000e+00	0.000e+00	0.000e+00	3.616e+05	1.205e+06	8.438e+06	1.772e+07	2.495e+07	4.062e+07	4.316e+07	5.726e+07	4.882e+07	5.798e+07	7.703e+07	6.835e+07	7.836e+07	9.499e+07	1.373e+08	
5.400	1.262e+08	1.518e+08	1.549e+08	1.634e+08	1.929e+08	2.281e+08	3.148e+08	2.676e+08	2.994e+08	3.015e+08	1.917e+08	1.715e+08	1.599e+08	2.198e+08	2.763e+08	2.766e+08	3.293e+08	3.056e+08	2.117e+08	8.459e+07	2.118e+07	6.777e+06	2.178e+06	1.694e+06	2.299e+06	1.210e+06	3.631e+06	1.029e+07	1.058e+08	5.518e+07	1.755e+07	2.783e+06	9.682e+05	2.420e+05	1.210e+05	1.210e+05	1.210e+05	1.210e+05	0.000e+00	1.210e+05	0.000e+00	0.000e+00	0.000e+00	0.000e+00	1.210e+05	1.210e+05	0.000e+00	2.420e+05	0.000e+00	0.000e+00	0.000e+00	0.000e+00	0.000e+00	0.000e+00	0.000e+00	0.000e+00	0.000e+00	0.000e+00	0.000e+00	0.000e+00	1.210e+05	0.000e+00	0.000e+00	0.000e+00	0.000e+00	0.000e+00	0.000e+00	0.000e+00	0.000e+00	0.000e+00	0.000e+00	0.000e+00	0.000e+00	0.000e+00	0.000e+00	0.000e+00	0.000e+00	0.000e+00	0.000e+00	0.000e+00	0.000e+00	0.000e+00	0.000e+00	0.000e+00	0.000e+00	1.210e+05	1.210e+05	6.051e+05	1.694e+06	3.146e+06	2.299e+06	5.204e+06	1.694e+07	6.172e+06	2.783e+06	1.101e+07	1.755e+07	4.405e+07	5.264e+07	1.040e+08	
9.000	6.257e+07	9.856e+07	1.419e+08	1.999e+08	2.441e+08	2.053e+08	1.946e+08	2.455e+08	3.027e+08	3.197e+08	1.961e+08	1.410e+08	1.405e+08	1.865e+08	2.133e+08	2.137e+08	2.072e+08	1.491e+08	9.526e+07	1.793e+07	1.098e+06	6.099e+05	2.440e+05	0.000e+00	2.440e+05	4.879e+05	6.099e+05	1.830e+06	2.293e+07	1.183e+07	1.025e+07	2.196e+06	1.586e+06	1.220e+05	0.000e+00	1.220e+05	0.000e+00	0.000e+00	1.220e+05	0.000e+00	2.440e+05	0.000e+00	0.000e+00	1.220e+05	2.440e+05	1.220e+05	0.000e+00	2.440e+05	0.000e+00	0.000e+00	0.000e+00	0.000e+00	0.000e+00	0.000e+00	0.000e+00	0.000e+00	0.000e+00	0.000e+00	0.000e+00	0.000e+00	0.000e+00	0.000e+00	0.000e+00	0.000e+00	0.000e+00	0.000e+00	0.000e+00	0.000e+00	0.000e+00	0.000e+00	0.000e+00	0.000e+00	0.000e+00	0.000e+00	0.000e+00	0.000e+00	0.000e+00	0.000e+00	0.000e+00	0.000e+00	0.000e+00	0.000e+00	0.000e+00	0.000e+00	0.000e+00	0.000e+00	0.000e+00	0.000e+00	0.000e+00	4.879e+05	4.879e+05	4.879e+05	7.319e+05	3.659e+05	2.440e+05	2.440e+05	1.220e+05	9.758e+05	6.099e+05	1.415e+07	
12.600	6.295e+06	1.629e+07	4.074e+07	8.345e+07	1.266e+08	1.108e+08	1.074e+08	1.501e+08	1.782e+08	1.171e+08	7.900e+07	5.234e+07	4.728e+07	5.987e+07	7.234e+07	8.863e+07	8.801e+07	8.604e+07	3.765e+07	5.308e+06	4.938e+05	4.938e+05	0.000e+00	0.000e+00	3.703e+05	1.234e+05	1.234e+05	7.406e+05	4.320e+06	8.394e+06	4.567e+06	1.605e+06	9.875e+05	1.234e+05	1.234e+05	1.234e+05	0.000e+00	0.000e+00	1.234e+05	0.000e+00	0.000e+00	0.000e+00	0.000e+00	0.000e+00	0.000e+00	0.000e+00	0.000e+00	0.000e+00	0.000e+00	0.000e+00	0.000e+00	0.000e+00	0.000e+00	0.000e+00	0.000e+00	0.000e+00	0.000e+00	0.000e+00	0.000e+00	0.000e+00	0.000e+00	0.000e+00	0.000e+00	0.000e+00	0.000e+00	0.000e+00	0.000e+00	0.000e+00	0.000e+00	0.000e+00	0.000e+00	0.000e+00	0.000e+00	0.000e+00	0.000e+00	0.000e+00	0.000e+00	0.000e+00	0.000e+00	0.000e+00	0.000e+00	0.000e+00	0.000e+00	0.000e+00	0.000e+00	0.000e+00	0.000e+00	0.000e+00	0.000e+00	2.469e+05	1.234e+05	1.234e+05	0.000e+00	0.000e+00	2.469e+05	0.000e+00	0.000e+00	1.234e+05	1.234e+05	1.234e+05	
16.200	1.254e+05	3.763e+05	4.390e+06	1.819e+07	3.838e+07	5.118e+07	4.679e+07	9.145e+07	9.157e+07	3.776e+07	2.020e+07	1.154e+07	3.011e+06	3.889e+06	7.401e+06	1.618e+07	2.484e+07	3.086e+07	1.355e+07	2.383e+06	1.254e+05	0.000e+00	0.000e+00	0.000e+00	1.254e+05	0.000e+00	2.509e+05	2.509e+05	2.132e+06	2.132e+06	1.004e+06	1.129e+06	3.763e+05	2.509e+05	2.509e+05	0.000e+00	0.000e+00	0.000e+00	0.000e+00	1.254e+05	0.000e+00	0.000e+00	0.000e+00	0.000e+00	0.000e+00	0.000e+00	0.000e+00	0.000e+00	0.000e+00	0.000e+00	0.000e+00	0.000e+00	0.000e+00	0.000e+00	0.000e+00	0.000e+00	0.000e+00	0.000e+00	0.000e+00	0.000e+00	0.000e+00	0.000e+00	0.000e+00	0.000e+00	0.000e+00	0.000e+00	0.000e+00	0.000e+00	0.000e+00	0.000e+00	0.000e+00	0.000e+00	0.000e+00	0.000e+00	0.000e+00	0.000e+00	0.000e+00	0.000e+00	0.000e+00	0.000e+00	0.000e+00	0.000e+00	0.000e+00	0.000e+00	0.000e+00	0.000e+00	0.000e+00	0.000e+00	0.000e+00	0.000e+00	0.000e+00	0.000e+00	1.254e+05	2.509e+05	0.000e+00	0.000e+00	0.000e+00	0.000e+00	2.509e+05	0.000e+00	
19.800	1.920e+06	1.792e+06	8.065e+06	2.023e+07	3.623e+07	6.900e+07	1.038e+08	1.534e+08	1.376e+08	5.530e+07	2.727e+07	1.203e+07	6.017e+06	4.097e+06	1.267e+07	2.509e+07	3.124e+07	1.715e+07	4.993e+06	2.816e+06	3.841e+05	1.280e+05	0.000e+00	0.000e+00	1.280e+05	0.000e+00	0.000e+00	0.000e+00	6.401e+05	1.280e+06	3.841e+05	8.961e+05	3.841e+05	0.000e+00	0.000e+00	0.000e+00	0.000e+00	0.000e+00	1.280e+05	1.280e+05	1.280e+05	1.280e+05	0.000e+00	0.000e+00	0.000e+00	0.000e+00	0.000e+00	0.000e+00	0.000e+00	0.000e+00	0.000e+00	0.000e+00	0.000e+00	0.000e+00	0.000e+00	0.000e+00	0.000e+00	0.000e+00	0.000e+00	0.000e+00	0.000e+00	0.000e+00	0.000e+00	0.000e+00	0.000e+00	0.000e+00	0.000e+00	0.000e+00	0.000e+00	0.000e+00	0.000e+00	0.000e+00	0.000e+00	0.000e+00	0.000e+00	0.000e+00	0.000e+00	0.000e+00	0.000e+00	0.000e+00	0.000e+00	0.000e+00	0.000e+00	0.000e+00	0.000e+00	0.000e+00	0.000e+00	0.000e+00	0.000e+00	0.000e+00	2.560e+05	0.000e+00	2.560e+05	1.280e+05	0.000e+00	1.280e+05	1.280e+05	1.280e+05	1.280e+05	2.560e+05	
23.400	2.428e+07	2.178e+07	3.045e+07	5.039e+07	9.003e+07	1.025e+08	1.223e+08	1.879e+08	2.223e+08	1.197e+08	7.743e+07	5.367e+07	4.436e+07	5.472e+07	6.811e+07	1.014e+08	1.041e+08	8.569e+07	3.136e+07	4.593e+06	1.050e+06	5.249e+05	1.312e+05	2.625e+05	1.312e+05	0.000e+00	0.000e+00	0.000e+00	7.874e+05	1.312e+06	5.249e+05	1.444e+06	1.444e+06	2.625e+05	0.000e+00	1.312e+05	0.000e+00	0.000e+00	0.000e+00	1.312e+05	0.000e+00	0.000e+00	1.312e+05	0.000e+00	0.000e+00	0.000e+00	0.000e+00	0.000e+00	0.000e+00	0.000e+00	0.000e+00	0.000e+00	0.000e+00	0.000e+00	0.000e+00	0.000e+00	0.000e+00	0.000e+00	0.000e+00	0.000e+00	0.000e+00	0.000e+00	0.000e+00	0.000e+00	0.000e+00	0.000e+00	0.000e+00	0.000e+00	0.000e+00	0.000e+00	0.000e+00	0.000e+00	0.000e+00	0.000e+00	0.000e+00	0.000e+00	0.000e+00	0.000e+00	0.000e+00	0.000e+00	0.000e+00	0.000e+00	0.000e+00	0.000e+00	0.000e+00	0.000e+00	0.000e+00	0.000e+00	1.312e+05	1.312e+05	5.249e+05	1.312e+05	1.312e+05	1.312e+05	0.000e+00	1.312e+05	5.249e+05	1.837e+06	1.706e+06	8.661e+06	
27.000	6.285e+07	8.718e+07	1.010e+08	1.187e+08	1.511e+08	1.875e+08	1.929e+08	2.383e+08	2.765e+08	2.252e+08	1.542e+08	1.430e+08	1.416e+08	1.798e+08	2.003e+08	2.281e+08	2.344e+08	2.333e+08	1.852e+08	6.758e+07	1.054e+07	3.379e+06	1.081e+06	8.110e+05	2.703e+05	0.000e+00	0.000e+00	2.703e+05	7.434e+06	4.595e+06	5.406e+05	2.027e+06	3.514e+06	5.406e+05	1.352e+05	1.352e+05	1.352e+05	0.000e+00	0.000e+00	0.000e+00	0.000e+00	0.000e+00	0.000e+00	0.000e+00	0.000e+00	0.000e+00	0.000e+00	0.000e+00	0.000e+00	0.000e+00	0.000e+00	0.000e+00	0.000e+00	0.000e+00	0.000e+00	0.000e+00	0.000e+00	0.000e+00	0.000e+00	0.000e+00	0.000e+00	0.000e+00	0.000e+00	0.000e+00	0.000e+00	0.000e+00	0.000e+00	0.000e+00	0.000e+00	0.000e+00	0.000e+00	0.000e+00	0.000e+00	0.000e+00	0.000e+00	0.000e+00	0.000e+00	0.000e+00	0.000e+00	0.000e+00	0.000e+00	0.000e+00	0.000e+00	0.000e+00	0.000e+00	0.000e+00	0.000e+00	1.352e+05	3.244e+06	4.190e+06	4.460e+06	2.974e+06	3.920e+06	2.027e+06	4.731e+06	1.622e+07	2.703e+07	3.163e+07	2.933e+07	3.744e+07	
30.600	1.309e+08	1.866e+08	2.008e+08	2.408e+08	2.504e+08	2.687e+08	3.125e+08	2.794e+08	2.994e+08	2.949e+08	2.506e+08	2.269e+08	2.285e+08	2.650e+08	3.036e+08	2.949e+08	3.114e+08	3.236e+08	2.917e+08	2.311e+08	1.398e+08	8.072e+07	3.344e+07	1.693e+07	4.896e+06	4.477e+06	8.814e+06	5.036e+06	3.525e+07	2.196e+07	6.575e+06	3.218e+06	4.617e+06	2.518e+06	9.793e+05	0.000e+00	1.399e+05	0.000e+00	0.000e+00	0.000e+00	0.000e+00	0.000e+00	0.000e+00	0.000e+00	0.000e+00	0.000e+00	0.000e+00	0.000e+00	0.000e+00	0.000e+00	0.000e+00	0.000e+00	0.000e+00	0.000e+00	0.000e+00	0.000e+00	0.000e+00	0.000e+00	0.000e+00	0.000e+00	0.000e+00	0.000e+00	0.000e+00	0.000e+00	0.000e+00	0.000e+00	0.000e+00	0.000e+00	0.000e+00	0.000e+00	0.000e+00	0.000e+00	0.000e+00	0.000e+00	0.000e+00	0.000e+00	0.000e+00	0.000e+00	0.000e+00	0.000e+00	0.000e+00	0.000e+00	0.000e+00	0.000e+00	0.000e+00	4.197e+05	5.876e+06	1.707e+07	3.441e+07	3.861e+07	3.679e+07	3.400e+07	4.267e+07	4.896e+07	6.351e+07	6.995e+07	7.345e+07	7.359e+07	7.079e+07	9.093e+07	
34.200	2.389e+08	2.920e+08	3.227e+08	2.548e+08	2.840e+08	3.508e+08	3.270e+08	3.600e+08	2.971e+08	3.114e+08	3.358e+08	3.409e+08	3.731e+08	4.179e+08	4.396e+08	4.472e+08	4.743e+08	4.444e+08	4.191e+08	3.487e+08	2.836e+08	2.181e+08	1.745e+08	1.379e+08	1.278e+08	1.159e+08	1.133e+08	1.543e+08	1.497e+08	9.855e+07	3.246e+07	5.823e+06	5.241e+06	2.911e+06	1.456e+06	7.279e+05	1.747e+06	1.310e+06	0.000e+00	0.000e+00	0.000e+00	0.000e+00	0.000e+00	0.000e+00	0.000e+00	0.000e+00	0.000e+00	0.000e+00	0.000e+00	0.000e+00	0.000e+00	0.000e+00	0.000e+00	0.000e+00	0.000e+00	0.000e+00	0.000e+00	0.000e+00	0.000e+00	0.000e+00	0.000e+00	0.000e+00	0.000e+00	0.000e+00	0.000e+00	0.000e+00	0.000e+00	0.000e+00	0.000e+00	0.000e+00	0.000e+00	0.000e+00	0.000e+00	0.000e+00	0.000e+00	0.000e+00	0.000e+00	0.000e+00	0.000e+00	0.000e+00	0.000e+00	0.000e+00	2.911e+05	1.747e+06	7.424e+06	2.111e+07	3.829e+07	5.095e+07	6.129e+07	5.808e+07	6.449e+07	8.036e+07	8.734e+07	1.018e+08	1.281e+08	1.358e+08	1.323e+08	1.507e+08	1.613e+08	1.887e+08	
37.800	2.448e+08	2.162e+08	3.171e+08	2.880e+08	2.508e+08	2.436e+08	2.445e+08	2.284e+08	2.881e+08	2.407e+08	3.413e+08	3.349e+08	3.323e+08	3.413e+08	3.556e+08	3.839e+08	4.268e+08	4.946e+08	5.074e+08	4.645e+08	3.757e+08	3.213e+08	2.974e+08	3.011e+08	2.695e+08	2.610e+08	2.618e+08	2.992e+08	3.137e+08	2.285e+08	1.033e+08	2.270e+07	1.036e+07	3.047e+06	7.618e+05	9.141e+05	1.676e+06	6.094e+05	0.000e+00	0.000e+00	0.000e+00	0.000e+00	0.000e+00	0.000e+00	0.000e+00	0.000e+00	0.000e+00	0.000e+00	0.000e+00	1.524e+05	1.524e+05	0.000e+00	0.000e+00	0.000e+00	0.000e+00	0.000e+00	0.000e+00	0.000e+00	0.000e+00	0.000e+00	0.000e+00	0.000e+00	0.000e+00	0.000e+00	0.000e+00	0.000e+00	0.000e+00	0.000e+00	0.000e+00	0.000e+00	0.000e+00	0.000e+00	0.000e+00	0.000e+00	0.000e+00	0.000e+00	0.000e+00	0.000e+00	0.000e+00	0.000e+00	6.094e+05	4.114e+06	1.524e+07	3.885e+07	5.180e+07	6.734e+07	6.688e+07	8.319e+07	9.157e+07	9.218e+07	9.720e+07	1.214e+08	1.347e+08	1.458e+08	1.571e+08	1.748e+08	1.959e+08	2.398e+08	2.578e+08	2.573e+08	
41.400	7.574e+07	5.841e+07	7.478e+07	3.503e+08	1.151e+08	1.232e+08	1.178e+08	7.735e+07	1.772e+08	1.463e+08	2.157e+08	2.170e+08	1.749e+08	1.547e+08	1.285e+08	1.415e+08	1.841e+08	2.632e+08	3.476e+08	4.206e+08	4.020e+08	3.540e+08	3.206e+08	3.458e+08	3.525e+08	3.304e+08	3.362e+08	3.367e+08	3.479e+08	2.612e+08	1.512e+08	7.751e+07	1.460e+07	8.986e+06	1.605e+06	1.123e+06	6.258e+06	6.419e+06	0.000e+00	0.000e+00	0.000e+00	0.000e+00	0.000e+00	0.000e+00	0.000e+00	0.000e+00	0.000e+00	3.209e+05	4.172e+06	7.221e+06	3.691e+06	0.000e+00	0.000e+00	0.000e+00	0.000e+00	0.000e+00	0.000e+00	0.000e+00	0.000e+00	0.000e+00	0.000e+00	0.000e+00	0.000e+00	0.000e+00	0.000e+00	0.000e+00	0.000e+00	0.000e+00	0.000e+00	0.000e+00	0.000e+00	0.000e+00	0.000e+00	0.000e+00	0.000e+00	0.000e+00	0.000e+00	1.605e+05	2.888e+06	1.524e+07	3.145e+07	4.766e+07	6.531e+07	7.301e+07	7.173e+07	7.365e+07	8.457e+07	9.307e+07	1.187e+08	1.273e+08	1.412e+08	1.725e+08	1.688e+08	1.699e+08	1.600e+08	1.585e+08	1.420e+08	1.632e+08	1.709e+08	1.382e+08	
45.000	9.361e+06	7.318e+06	1.021e+07	1.077e+08	2.672e+07	1.055e+07	8.850e+06	2.042e+07	5.140e+07	2.791e+07	6.587e+07	5.123e+07	3.881e+07	4.238e+07	4.510e+07	5.038e+07	6.757e+07	1.246e+08	2.020e+08	2.630e+08	3.196e+08	2.801e+08	2.315e+08	2.197e+08	2.522e+08	2.531e+08	2.543e+08	2.614e+08	2.461e+08	2.080e+08	1.513e+08	8.033e+07	2.127e+07	1.668e+07	9.020e+06	4.766e+06	6.638e+06	1.515e+07	6.808e+05	0.000e+00	1.702e+05	4.255e+06	0.000e+00	0.000e+00	0.000e+00	0.000e+00	5.106e+05	3.744e+06	1.430e+07	2.536e+07	3.557e+07	5.446e+06	1.702e+05	0.000e+00	0.000e+00	0.000e+00	0.000e+00	0.000e+00	0.000e+00	0.000e+00	0.000e+00	0.000e+00	0.000e+00	0.000e+00	0.000e+00	0.000e+00	0.000e+00	0.000e+00	0.000e+00	0.000e+00	0.000e+00	0.000e+00	0.000e+00	0.000e+00	1.702e+05	1.702e+06	7.829e+06	1.294e+07	1.464e+07	1.617e+07	1.413e+07	7.999e+06	1.787e+07	2.162e+07	3.217e+07	4.034e+07	5.344e+07	7.216e+07	8.238e+07	5.957e+07	5.497e+07	4.408e+07	3.608e+07	2.689e+07	2.604e+07	9.531e+06	2.604e+07	2.042e+07	9.361e+06	9.020e+06	
48.600	2.001e+06	1.819e+06	9.097e+05	3.093e+06	4.731e+06	2.365e+06	2.183e+06	6.732e+06	7.278e+06	4.367e+06	6.368e+06	4.185e+06	2.911e+06	5.822e+06	6.732e+06	1.237e+07	2.092e+07	3.875e+07	6.823e+07	1.192e+08	2.021e+08	2.316e+08	2.012e+08	1.867e+08	1.707e+08	1.619e+08	1.536e+08	1.663e+08	1.581e+08	1.268e+08	1.254e+08	3.948e+07	1.401e+07	1.892e+07	2.165e+07	1.419e+07	1.274e+07	4.731e+06	7.096e+06	1.819e+05	6.368e+06	5.131e+07	5.640e+06	0.000e+00	0.000e+00	0.000e+00	3.857e+07	3.912e+07	5.295e+07	5.149e+07	2.365e+07	1.092e+06	3.639e+05	0.000e+00	0.000e+00	0.000e+00	7.278e+05	1.274e+06	9.097e+05	3.639e+05	1.819e+05	0.000e+00	0.000e+00	0.000e+00	0.000e+00	0.000e+00	0.000e+00	0.000e+00	0.000e+00	0.000e+00	0.000e+00	1.819e+05	1.638e+06	7.096e+06	8.552e+06	6.914e+06	1.819e+05	1.819e+05	0.000e+00	0.000e+00	0.000e+00	0.000e+00	1.819e+05	5.458e+05	1.456e+06	2.001e+06	2.365e+06	1.274e+06	1.274e+06	9.097e+05	3.639e+06	2.547e+06	3.093e+06	2.183e+06	2.001e+06	3.639e+05	1.092e+06	1.456e+06	2.729e+06	4.731e+06	
52.200	1.766e+06	2.159e+06	2.355e+06	2.552e+06	3.140e+06	2.355e+06	4.711e+06	5.888e+06	4.514e+06	5.299e+06	5.103e+06	2.944e+06	5.496e+06	1.099e+07	1.040e+07	1.531e+07	1.766e+07	1.590e+07	1.609e+07	2.552e+07	4.141e+07	7.007e+07	9.166e+07	1.119e+08	1.111e+08	9.794e+07	7.674e+07	7.635e+07	5.947e+07	6.418e+07	7.007e+07	3.886e+07	1.531e+07	2.022e+07	1.982e+07	1.904e+07	1.865e+07	2.610e+07	8.636e+07	2.336e+07	1.590e+07	5.672e+07	4.573e+07	6.830e+07	2.552e+06	2.552e+06	8.106e+07	9.029e+07	4.181e+07	7.262e+07	3.140e+07	3.140e+06	7.851e+05	1.374e+06	1.766e+06	1.374e+06	2.748e+06	4.907e+06	1.295e+07	9.814e+06	9.225e+06	3.337e+06	5.888e+05	0.000e+00	0.000e+00	0.000e+00	0.000e+00	0.000e+00	3.140e+06	5.496e+06	6.673e+06	8.440e+06	6.477e+06	3.729e+06	6.477e+06	5.103e+06	2.159e+06	7.851e+05	1.178e+06	5.888e+05	9.814e+05	4.907e+06	1.256e+07	1.551e+07	1.865e+07	1.766e+07	7.262e+06	5.888e+06	3.925e+06	2.552e+06	3.729e+06	1.963e+06	1.963e+06	2.355e+06	2.159e+06	1.178e+06	4.907e+06	3.337e+06	4.514e+06	2.552e+06	
55.800	4.493e+06	3.637e+06	3.423e+06	4.065e+06	4.493e+06	7.489e+06	6.633e+06	1.284e+07	1.391e+07	1.391e+07	1.177e+07	1.177e+07	1.262e+07	1.391e+07	1.733e+07	2.525e+07	2.824e+07	2.803e+07	3.081e+07	1.990e+07	3.145e+07	4.022e+07	3.702e+07	4.343e+07	5.071e+07	5.328e+07	4.515e+07	3.423e+07	3.124e+07	3.081e+07	3.167e+07	2.268e+07	1.840e+07	1.434e+07	1.840e+07	1.348e+07	1.562e+07	1.926e+07	3.316e+07	5.670e+07	2.268e+07	4.750e+07	5.499e+07	7.745e+07	5.820e+07	7.531e+07	7.981e+07	8.152e+07	1.564e+08	1.051e+08	1.951e+08	5.156e+07	9.842e+06	1.498e+07	5.135e+06	3.209e+06	1.498e+06	4.279e+05	1.284e+06	2.354e+06	6.419e+05	2.140e+06	1.070e+06	1.712e+06	1.712e+06	2.568e+06	4.279e+06	6.419e+06	6.205e+06	4.279e+06	3.851e+06	9.200e+06	3.316e+07	5.606e+07	7.253e+07	6.890e+07	4.215e+07	2.247e+07	1.305e+07	1.562e+07	2.824e+07	3.209e+07	2.610e+07	2.760e+07	4.750e+07	4.450e+07	2.011e+07	1.819e+07	1.605e+07	1.155e+07	6.419e+06	5.135e+06	4.065e+06	4.065e+06	4.707e+06	4.279e+06	3.637e+06	2.781e+06	3.637e+06	4.279e+06	
59.400	6.377e+06	3.779e+06	7.085e+06	6.849e+06	6.377e+06	8.266e+06	9.919e+06	1.157e+07	1.417e+07	1.866e+07	2.338e+07	2.669e+07	2.149e+07	1.677e+07	1.582e+07	1.984e+07	2.220e+07	3.023e+07	2.480e+07	1.937e+07	2.622e+07	5.101e+07	6.518e+07	6.660e+07	5.668e+07	5.007e+07	5.219e+07	4.464e+07	5.007e+07	4.983e+07	6.282e+07	6.755e+07	3.897e+07	2.196e+07	4.558e+07	3.377e+07	1.252e+07	1.063e+07	1.512e+07	2.645e+07	3.141e+07	2.834e+07	2.763e+07	3.826e+07	3.023e+07	3.165e+07	4.960e+07	3.732e+07	1.053e+08	7.676e+07	1.101e+08	6.424e+07	1.176e+08	6.944e+07	2.338e+07	1.252e+07	1.535e+07	6.849e+06	2.362e+06	7.085e+05	0.000e+00	0.000e+00	0.000e+00	0.000e+00	2.362e+05	2.362e+05	1.889e+06	5.904e+06	2.385e+07	3.897e+07	5.290e+07	5.574e+07	5.408e+07	5.763e+07	5.526e+07	2.362e+07	2.220e+07	6.802e+07	8.738e+07	6.849e+07	7.747e+07	8.313e+07	7.085e+07	6.022e+07	6.259e+07	6.495e+07	3.613e+07	1.937e+07	2.456e+07	1.748e+07	2.055e+07	1.346e+07	1.181e+07	5.196e+06	5.432e+06	4.251e+06	5.432e+06	8.266e+06	5.668e+06	4.251e+06	
63.000	9.529e+06	1.138e+07	1.191e+07	1.218e+07	1.456e+07	1.985e+07	1.191e+07	1.879e+07	2.065e+07	3.071e+07	2.885e+07	3.812e+07	3.176e+07	3.203e+07	2.303e+07	2.276e+07	2.435e+07	2.594e+07	1.800e+07	1.800e+07	1.297e+07	2.303e+07	2.647e+07	3.415e+07	4.923e+07	6.221e+07	6.723e+07	7.597e+07	8.788e+07	9.635e+07	1.162e+08	1.477e+08	1.289e+08	7.147e+07	8.497e+07	8.947e+07	6.565e+07	5.373e+07	5.929e+07	7.173e+07	6.432e+07	3.732e+07	2.382e+07	1.244e+07	2.991e+07	3.150e+07	3.097e+07	2.329e+07	5.665e+07	3.044e+07	5.029e+07	6.723e+07	7.491e+07	8.523e+07	4.023e+07	2.647e+07	1.932e+07	1.826e+07	9.265e+06	7.676e+06	4.235e+06	2.912e+06	3.971e+06	3.971e+06	5.294e+06	7.676e+06	1.006e+07	2.806e+07	3.415e+07	3.918e+07	3.865e+07	3.838e+07	2.065e+07	1.932e+07	2.673e+07	5.294e+07	8.973e+07	7.412e+07	9.344e+07	1.080e+08	8.550e+07	8.020e+07	6.406e+07	8.047e+07	7.306e+07	6.247e+07	4.791e+07	4.844e+07	3.441e+07	3.018e+07	3.388e+07	2.726e+07	1.906e+07	9.265e+06	1.324e+07	1.218e+07	1.006e+07	1.244e+07	1.456e+07	1.456e+07	
66.600	1.815e+07	1.512e+07	1.905e+07	2.026e+07	1.784e+07	2.571e+07	2.419e+07	1.966e+07	2.298e+07	2.450e+07	3.206e+07	3.750e+07	3.296e+07	2.873e+07	2.903e+07	3.236e+07	2.389e+07	2.813e+07	3.659e+07	2.722e+07	2.419e+07	1.482e+07	1.573e+07	1.815e+07	2.601e+07	2.601e+07	3.871e+07	4.597e+07	6.442e+07	9.829e+07	1.192e+08	1.564e+08	1.473e+08	1.052e+08	8.528e+07	1.043e+08	1.273e+08	1.337e+08	1.210e+08	1.031e+08	9.557e+07	8.226e+07	6.714e+07	3.115e+07	3.478e+07	3.024e+07	1.996e+07	1.089e+07	2.903e+07	1.663e+07	2.419e+07	2.601e+07	2.571e+07	2.571e+07	2.510e+07	1.754e+07	2.208e+07	1.391e+07	1.300e+07	1.361e+07	1.300e+07	1.573e+07	1.300e+07	1.603e+07	1.663e+07	1.784e+07	1.784e+07	1.452e+07	1.663e+07	1.905e+07	2.510e+07	4.990e+07	6.321e+07	6.684e+07	6.986e+07	1.328e+08	1.742e+08	1.636e+08	1.173e+08	9.375e+07	7.893e+07	8.014e+07	9.012e+07	1.143e+08	9.436e+07	7.349e+07	5.988e+07	4.143e+07	4.052e+07	2.782e+07	2.540e+07	3.206e+07	3.054e+07	2.329e+07	2.419e+07	2.843e+07	1.875e+07	1.784e+07	1.724e+07	1.996e+07	
70.200	2.338e+07	2.586e+07	2.303e+07	1.630e+07	2.197e+07	2.835e+07	3.472e+07	2.480e+07	1.807e+07	3.366e+07	3.331e+07	2.445e+07	2.586e+07	2.090e+07	3.118e+07	2.693e+07	2.338e+07	3.153e+07	1.559e+07	1.772e+07	1.665e+07	2.338e+07	2.055e+07	2.374e+07	2.338e+07	2.480e+07	3.224e+07	3.720e+07	5.031e+07	6.130e+07	5.563e+07	6.909e+07	7.618e+07	9.637e+07	9.814e+07	9.779e+07	1.035e+08	1.063e+08	1.244e+08	1.382e+08	1.417e+08	1.410e+08	1.545e+08	1.424e+08	1.364e+08	1.527e+08	1.541e+08	1.109e+08	6.697e+07	3.543e+07	1.913e+07	1.346e+07	1.807e+07	1.453e+07	1.630e+07	1.701e+07	1.453e+07	1.701e+07	9.566e+06	1.276e+07	1.382e+07	1.524e+07	1.807e+07	1.913e+07	2.764e+07	2.976e+07	4.004e+07	4.216e+07	5.067e+07	9.389e+07	1.410e+08	1.927e+08	2.455e+08	2.037e+08	1.506e+08	1.300e+08	1.346e+08	1.052e+08	7.759e+07	5.492e+07	1.006e+08	9.283e+07	9.318e+07	9.779e+07	6.697e+07	8.149e+07	6.484e+07	4.429e+07	4.004e+07	4.039e+07	3.366e+07	2.941e+07	4.004e+07	2.941e+07	2.905e+07	3.649e+07	2.622e+07	3.118e+07	2.409e+07	3.012e+07	
73.800	4.770e+07	3.653e+07	3.911e+07	3.223e+07	4.040e+07	3.567e+07	4.297e+07	3.825e+07	5.844e+07	4.168e+07	3.825e+07	2.664e+07	3.782e+07	3.352e+07	2.922e+07	3.137e+07	2.578e+07	3.180e+07	2.965e+07	2.965e+07	2.321e+07	1.375e+07	1.633e+07	1.332e+07	2.364e+07	2.664e+07	3.481e+07	3.954e+07	2.965e+07	3.180e+07	3.223e+07	4.899e+07	7.306e+07	8.982e+07	7.821e+07	7.477e+07	6.446e+07	6.016e+07	7.005e+07	8.337e+07	1.087e+08	1.092e+08	1.225e+08	1.246e+08	1.238e+08	1.981e+08	1.809e+08	1.788e+08	1.796e+08	1.904e+08	1.938e+08	1.818e+08	1.612e+08	1.354e+08	1.306e+08	1.152e+08	1.272e+08	1.397e+08	1.165e+08	9.239e+07	7.392e+07	8.939e+07	1.079e+08	1.629e+08	1.942e+08	1.994e+08	2.127e+08	2.076e+08	1.977e+08	2.235e+08	1.990e+08	1.925e+08	1.801e+08	1.560e+08	1.581e+08	1.332e+08	1.135e+08	7.907e+07	6.489e+07	6.403e+07	6.102e+07	4.856e+07	8.122e+07	6.790e+07	7.306e+07	6.102e+07	6.102e+07	4.126e+07	3.739e+07	4.942e+07	3.653e+07	4.126e+07	4.083e+07	6.016e+07	5.415e+07	4.211e+07	3.739e+07	4.555e+07	4.383e+07	5.028e+07	
77.400	4.390e+07	4.774e+07	3.731e+07	4.280e+07	5.652e+07	4.719e+07	6.969e+07	5.926e+07	4.719e+07	3.676e+07	6.749e+07	4.938e+07	5.048e+07	3.841e+07	3.183e+07	2.250e+07	2.634e+07	3.018e+07	2.140e+07	2.853e+07	2.195e+07	1.866e+07	1.482e+07	2.250e+07	2.579e+07	1.866e+07	1.975e+07	2.524e+07	2.305e+07	1.975e+07	2.359e+07	2.250e+07	3.183e+07	4.664e+07	6.091e+07	6.804e+07	6.694e+07	7.298e+07	8.560e+07	8.231e+07	8.944e+07	8.505e+07	8.176e+07	8.615e+07	1.032e+08	1.405e+08	1.575e+08	1.443e+08	1.010e+08	1.108e+08	1.026e+08	1.235e+08	1.295e+08	1.328e+08	1.558e+08	1.860e+08	1.734e+08	2.041e+08	1.712e+08	1.921e+08	1.921e+08	1.536e+08	1.372e+08	9.493e+07	8.450e+07	6.859e+07	8.066e+07	1.108e+08	1.235e+08	1.086e+08	1.026e+08	9.932e+07	9.164e+07	8.121e+07	7.792e+07	7.188e+07	5.323e+07	7.517e+07	4.225e+07	6.036e+07	6.036e+07	5.597e+07	4.390e+07	4.390e+07	3.622e+07	5.871e+07	4.335e+07	5.432e+07	6.091e+07	3.073e+07	3.622e+07	5.487e+07	4.335e+07	6.036e+07	6.969e+07	8.395e+07	7.298e+07	5.432e+07	5.871e+07	4.829e+07	
81.000	3.738e+07	3.510e+07	4.044e+07	3.281e+07	3.510e+07	2.365e+07	2.136e+07	8.545e+07	2.289e+07	6.867e+07	7.324e+07	4.730e+07	3.433e+07	4.730e+07	4.730e+07	1.602e+07	2.899e+07	2.289e+07	2.899e+07	2.976e+07	1.678e+07	3.052e+07	1.678e+07	2.136e+07	2.060e+07	2.518e+07	2.136e+07	2.289e+07	1.984e+07	1.755e+07	1.831e+07	1.450e+07	1.907e+07	1.831e+07	2.365e+07	1.907e+07	2.976e+07	2.670e+07	2.899e+07	4.425e+07	3.738e+07	4.425e+07	4.425e+07	5.570e+07	3.815e+07	4.196e+07	3.357e+07	2.747e+07	2.060e+07	2.365e+07	1.602e+07	2.670e+07	2.594e+07	3.967e+07	2.976e+07	4.425e+07	6.332e+07	6.714e+07	6.256e+07	8.316e+07	6.409e+07	6.714e+07	4.654e+07	4.959e+07	5.264e+07	4.425e+07	5.341e+07	4.959e+07	4.273e+07	5.264e+07	6.332e+07	5.188e+07	5.417e+07	4.730e+07	4.807e+07	5.035e+07	3.662e+07	3.510e+07	3.433e+07	2.441e+07	3.357e+07	3.128e+07	2.441e+07	5.417e+07	2.823e+07	5.188e+07	2.747e+07	4.501e+07	6.332e+07	6.256e+07	5.646e+07	4.578e+07	7.553e+07	4.501e+07	5.951e+07	3.662e+07	4.196e+07	5.951e+07	3.510e+07	5.341e+07	
84.600	2.394e+07	2.646e+07	3.527e+07	3.401e+07	2.142e+07	2.771e+07	2.646e+07	2.520e+07	3.023e+07	3.401e+07	2.016e+07	3.275e+07	5.543e+07	2.897e+07	8.818e+06	2.897e+07	2.897e+07	2.142e+07	1.386e+07	1.764e+07	1.008e+07	3.149e+07	2.771e+07	1.134e+07	2.142e+07	2.394e+07	2.394e+07	1.512e+07	8.818e+06	2.520e+07	2.268e+07	1.512e+07	1.134e+07	1.764e+07	1.386e+07	1.764e+07	1.386e+07	3.275e+07	1.890e+07	2.016e+07	2.897e+07	1.764e+07	2.142e+07	2.142e+07	2.268e+07	1.890e+07	2.142e+07	1.512e+07	2.394e+07	1.638e+07	2.142e+07	1.764e+07	1.260e+07	2.268e+07	2.142e+07	2.771e+07	3.653e+07	3.401e+07	3.149e+07	2.771e+07	2.394e+07	3.023e+07	1.890e+07	2.897e+07	2.394e+07	3.149e+07	4.409e+07	2.016e+07	3.401e+07	2.646e+07	3.527e+07	2.646e+07	4.031e+07	2.646e+07	2.268e+07	2.142e+07	2.394e+07	4.157e+07	2.771e+07	2.016e+07	1.638e+07	2.646e+07	3.905e+07	2.646e+07	1.890e+07	2.268e+07	3.401e+07	4.661e+07	1.638e+07	1.764e+07	2.897e+07	3.149e+07	2.897e+07	2.897e+07	4.535e+07	2.646e+07	3.527e+07	4.283e+07	3.023e+07	4.031e+07	
88.200	3.287e+07	1.826e+07	1.461e+07	1.461e+07	1.826e+07	4.018e+07	2.557e+07	2.557e+07	2.557e+07	2.192e+07	1.826e+07	2.557e+07	7.305e+06	1.826e+07	2.192e+07	2.557e+07	4.018e+07	3.287e+07	2.192e+07	1.826e+07	1.461e+07	2.192e+07	3.287e+07	7.305e+06	1.096e+07	2.192e+07	2.192e+07	2.192e+07	2.557e+07	1.461e+07	1.096e+07	2.557e+07	2.557e+07	1.826e+07	1.826e+07	4.018e+07	2.192e+07	1.096e+07	1.096e+07	2.192e+07	7.305e+06	2.192e+07	1.826e+07	2.557e+07	1.826e+07	7.305e+06	2.557e+07	3.287e+07	7.305e+06	2.557e+07	1.096e+07	1.461e+07	2.922e+07	1.461e+07	1.826e+07	2.557e+07	2.922e+07	1.461e+07	1.096e+07	2.557e+07	2.557e+07	2.192e+07	1.096e+07	3.287e+07	2.192e+07	2.557e+07	2.922e+07	1.826e+07	2.192e+07	1.461e+07	2.557e+07	1.826e+07	1.461e+07	1.096e+07	1.096e+07	4.383e+07	3.653e+07	2.557e+07	4.018e+07	4.018e+07	2.922e+07	1.826e+07	1.096e+07	1.096e+07	2.922e+07	1.826e+07	3.653e+07	2.557e+07	4.018e+07	2.192e+07	3.287e+07	2.192e+07	2.557e+07	2.922e+07	1.461e+07	2.922e+07	2.922e+07	2.192e+07	2.922e+07	1.096e+07	
