#
# Electrons precipitation map
# Simulation setup: southward IMF, same Solar wind as Aizawa et al. (2021)
# Simulation code: iPIC3D
# Simulation path: /home/flavorenti/Bureau/data_simu_iPIC3D/Mercury_SaeInit/PR1/minusBz-newbox/texts/
# Output: Flux, units 1/cm2/s
# Output minimum: 1e-6
# Grid X-Axis (first row): local time [hours] from 0 to 24 with 100 equispaced bins
# Grid Y-Axis (first column): latitude [deg.] from -90 to 90 with 50 equispaced bins
# Signature: Federico Lavorenti
#
nan	0.120	0.360	0.600	0.840	1.080	1.320	1.560	1.800	2.040	2.280	2.520	2.760	3.000	3.240	3.480	3.720	3.960	4.200	4.440	4.680	4.920	5.160	5.400	5.640	5.880	6.120	6.360	6.600	6.840	7.080	7.320	7.560	7.800	8.040	8.280	8.520	8.760	9.000	9.240	9.480	9.720	9.960	10.200	10.440	10.680	10.920	11.160	11.400	11.640	11.880	12.120	12.360	12.600	12.840	13.080	13.320	13.560	13.800	14.040	14.280	14.520	14.760	15.000	15.240	15.480	15.720	15.960	16.200	16.440	16.680	16.920	17.160	17.400	17.640	17.880	18.120	18.360	18.600	18.840	19.080	19.320	19.560	19.800	20.040	20.280	20.520	20.760	21.000	21.240	21.480	21.720	21.960	22.200	22.440	22.680	22.920	23.160	23.400	23.640	23.880	
-88.200	4.222e+07	5.757e+07	5.373e+07	3.454e+07	3.838e+07	5.373e+07	5.757e+07	3.454e+07	2.303e+07	2.687e+07	4.222e+07	3.070e+07	3.070e+07	1.535e+07	7.676e+06	2.687e+07	3.070e+07	2.687e+07	1.151e+07	1.919e+07	5.757e+07	7.292e+07	3.070e+07	3.838e+07	2.303e+07	2.687e+07	1.535e+07	1.535e+07	0.000e+00	7.676e+06	1.919e+07	3.454e+07	2.303e+07	7.676e+06	3.454e+07	1.919e+07	3.454e+07	3.838e+07	2.687e+07	2.687e+07	3.070e+07	1.535e+07	2.687e+07	3.838e+07	2.303e+07	2.687e+07	1.151e+07	2.687e+07	2.303e+07	3.838e+07	4.606e+07	1.919e+07	2.303e+07	3.838e+07	4.606e+07	4.222e+07	2.687e+07	2.687e+07	2.303e+07	2.687e+07	3.454e+07	3.838e+07	3.070e+07	3.454e+07	1.919e+07	5.757e+07	1.535e+07	1.919e+07	2.687e+07	3.454e+07	3.454e+07	3.454e+07	3.070e+07	3.070e+07	3.838e+07	2.687e+07	5.757e+07	2.303e+07	3.070e+07	4.222e+07	1.535e+07	1.151e+07	4.222e+07	3.070e+07	3.454e+07	4.222e+07	1.151e+07	3.070e+07	4.222e+07	2.687e+07	3.838e+07	6.141e+07	3.838e+07	2.687e+07	2.687e+07	1.919e+07	4.989e+07	4.222e+07	4.989e+07	6.141e+07	
-84.600	2.178e+07	3.331e+07	2.178e+07	3.331e+07	4.099e+07	2.306e+07	1.921e+07	2.306e+07	3.715e+07	2.562e+07	3.202e+07	2.690e+07	2.306e+07	2.306e+07	1.409e+07	1.025e+07	2.178e+07	3.715e+07	2.306e+07	8.967e+06	1.537e+07	1.025e+07	2.434e+07	3.843e+07	2.562e+07	2.818e+07	2.818e+07	1.537e+07	1.409e+07	2.050e+07	2.434e+07	2.050e+07	2.818e+07	2.434e+07	1.921e+07	2.946e+07	2.562e+07	3.715e+07	1.921e+07	2.306e+07	2.946e+07	2.434e+07	2.178e+07	2.690e+07	2.306e+07	1.921e+07	2.690e+07	1.409e+07	2.562e+07	1.793e+07	2.306e+07	2.690e+07	3.331e+07	2.562e+07	3.202e+07	2.690e+07	2.818e+07	2.690e+07	2.818e+07	2.946e+07	2.434e+07	1.921e+07	2.818e+07	2.434e+07	2.562e+07	2.434e+07	2.562e+07	2.434e+07	1.793e+07	2.818e+07	3.331e+07	3.587e+07	2.306e+07	1.793e+07	2.690e+07	2.434e+07	4.996e+07	4.483e+07	3.971e+07	2.562e+07	3.331e+07	2.946e+07	3.202e+07	3.331e+07	5.252e+07	4.740e+07	3.843e+07	4.355e+07	4.099e+07	4.612e+07	5.508e+07	3.331e+07	4.612e+07	3.202e+07	4.355e+07	3.843e+07	2.690e+07	3.331e+07	2.690e+07	2.690e+07	
-81.000	3.391e+07	2.158e+07	2.312e+07	3.160e+07	2.158e+07	2.851e+07	2.389e+07	2.466e+07	2.312e+07	2.466e+07	2.312e+07	2.081e+07	2.389e+07	1.772e+07	2.235e+07	1.927e+07	1.927e+07	1.772e+07	1.387e+07	1.310e+07	3.776e+07	2.697e+07	1.849e+07	2.697e+07	1.927e+07	1.618e+07	2.004e+07	2.543e+07	2.466e+07	2.235e+07	1.695e+07	2.004e+07	2.004e+07	1.695e+07	2.389e+07	1.772e+07	1.310e+07	1.772e+07	1.927e+07	2.389e+07	2.081e+07	2.928e+07	2.620e+07	2.543e+07	2.235e+07	2.081e+07	1.849e+07	2.851e+07	2.928e+07	3.237e+07	3.160e+07	2.697e+07	3.005e+07	1.695e+07	2.158e+07	1.927e+07	2.928e+07	1.772e+07	2.158e+07	2.389e+07	2.312e+07	2.081e+07	2.466e+07	2.081e+07	2.466e+07	2.081e+07	3.237e+07	2.466e+07	1.927e+07	2.543e+07	2.466e+07	2.389e+07	2.466e+07	4.238e+07	2.928e+07	4.315e+07	3.930e+07	3.622e+07	3.776e+07	2.158e+07	2.312e+07	3.776e+07	3.545e+07	2.158e+07	3.776e+07	5.471e+07	3.853e+07	4.547e+07	5.163e+07	5.471e+07	4.084e+07	4.315e+07	3.237e+07	4.238e+07	3.545e+07	4.701e+07	4.315e+07	4.315e+07	3.468e+07	3.005e+07	
-77.400	1.934e+07	2.266e+07	1.492e+07	1.658e+07	1.603e+07	1.382e+07	1.547e+07	1.768e+07	1.989e+07	1.879e+07	2.155e+07	1.326e+07	2.266e+07	2.045e+07	2.211e+07	1.547e+07	2.597e+07	2.100e+07	2.597e+07	1.989e+07	1.658e+07	1.824e+07	2.266e+07	1.658e+07	2.376e+07	2.929e+07	1.658e+07	2.211e+07	2.597e+07	1.879e+07	1.989e+07	1.768e+07	1.603e+07	1.603e+07	9.395e+06	1.934e+07	1.989e+07	1.934e+07	2.266e+07	1.934e+07	1.989e+07	2.100e+07	1.934e+07	2.432e+07	2.266e+07	2.818e+07	2.597e+07	3.260e+07	2.487e+07	3.150e+07	3.260e+07	2.763e+07	2.211e+07	2.984e+07	3.316e+07	3.205e+07	2.984e+07	2.432e+07	2.708e+07	2.984e+07	2.653e+07	2.818e+07	3.150e+07	2.984e+07	2.818e+07	3.482e+07	3.592e+07	2.984e+07	2.708e+07	2.045e+07	3.592e+07	4.918e+07	3.426e+07	2.597e+07	3.592e+07	2.874e+07	3.095e+07	3.592e+07	4.310e+07	3.868e+07	3.758e+07	3.703e+07	3.592e+07	4.974e+07	4.421e+07	4.200e+07	4.753e+07	3.979e+07	3.647e+07	3.537e+07	3.813e+07	3.924e+07	4.200e+07	2.984e+07	4.642e+07	4.476e+07	4.366e+07	3.039e+07	3.095e+07	2.266e+07	
-73.800	1.858e+07	1.772e+07	1.167e+07	9.938e+06	8.210e+06	8.642e+06	8.642e+06	1.556e+07	1.469e+07	1.469e+07	1.772e+07	2.074e+07	1.728e+07	1.296e+07	1.383e+07	2.074e+07	1.858e+07	2.722e+07	2.463e+07	2.247e+07	2.809e+07	2.377e+07	1.469e+07	3.241e+07	1.901e+07	1.685e+07	2.333e+07	1.253e+07	2.074e+07	2.117e+07	1.988e+07	1.988e+07	1.599e+07	2.117e+07	2.593e+07	2.420e+07	2.593e+07	2.722e+07	2.377e+07	3.198e+07	2.722e+07	3.068e+07	3.068e+07	4.018e+07	3.543e+07	3.932e+07	4.321e+07	3.932e+07	5.272e+07	5.660e+07	4.364e+07	4.796e+07	4.494e+07	4.105e+07	4.710e+07	3.975e+07	3.198e+07	3.586e+07	3.673e+07	4.580e+07	3.802e+07	2.895e+07	3.241e+07	5.012e+07	4.580e+07	4.796e+07	3.932e+07	3.500e+07	3.759e+07	3.586e+07	4.537e+07	3.414e+07	4.278e+07	3.673e+07	4.451e+07	4.191e+07	4.191e+07	4.148e+07	3.975e+07	5.012e+07	3.759e+07	4.580e+07	3.716e+07	4.364e+07	5.056e+07	3.457e+07	5.790e+07	4.796e+07	6.309e+07	6.006e+07	4.839e+07	4.278e+07	4.235e+07	3.241e+07	2.809e+07	2.117e+07	2.117e+07	1.296e+07	1.685e+07	1.642e+07	
-70.200	3.559e+06	3.203e+06	3.203e+06	4.626e+06	2.491e+06	7.118e+06	5.694e+06	2.491e+06	7.118e+06	6.050e+06	7.473e+06	5.338e+06	1.139e+07	1.388e+07	1.530e+07	1.673e+07	1.459e+07	2.954e+07	1.851e+07	3.167e+07	2.705e+07	2.634e+07	1.708e+07	2.029e+07	2.918e+07	8.541e+06	1.601e+07	1.673e+07	2.171e+07	2.206e+07	3.061e+07	2.847e+07	2.740e+07	3.488e+07	3.203e+07	3.737e+07	4.626e+07	5.872e+07	6.050e+07	6.263e+07	6.014e+07	7.153e+07	7.224e+07	7.473e+07	8.256e+07	8.434e+07	9.858e+07	9.573e+07	1.007e+08	8.506e+07	7.829e+07	8.541e+07	7.687e+07	8.221e+07	7.438e+07	6.513e+07	6.299e+07	6.513e+07	5.231e+07	6.121e+07	6.228e+07	6.406e+07	5.872e+07	5.516e+07	6.655e+07	5.908e+07	5.765e+07	5.801e+07	5.481e+07	4.911e+07	5.125e+07	5.552e+07	5.160e+07	4.591e+07	4.484e+07	3.986e+07	4.235e+07	4.021e+07	3.844e+07	3.239e+07	3.950e+07	3.737e+07	4.520e+07	4.698e+07	5.267e+07	4.769e+07	3.416e+07	5.623e+07	4.698e+07	5.054e+07	3.915e+07	2.918e+07	2.527e+07	3.239e+07	1.957e+07	1.957e+07	1.210e+07	1.530e+07	7.473e+06	5.694e+06	
-66.600	6.071e+05	1.214e+06	9.106e+05	6.071e+05	1.214e+06	3.035e+05	6.071e+05	6.071e+05	3.035e+05	3.642e+06	3.339e+06	3.946e+06	9.106e+06	1.487e+07	1.791e+07	8.196e+06	1.730e+07	4.037e+07	4.250e+07	2.337e+07	2.671e+07	5.464e+07	3.339e+07	4.826e+07	2.489e+07	2.277e+07	2.428e+07	2.277e+07	2.671e+07	2.823e+07	4.735e+07	6.010e+07	4.280e+07	6.131e+07	8.803e+07	9.592e+07	1.035e+08	1.384e+08	1.499e+08	1.484e+08	1.421e+08	1.339e+08	1.314e+08	1.524e+08	1.606e+08	1.360e+08	1.263e+08	1.260e+08	1.439e+08	9.501e+07	1.065e+08	1.454e+08	1.666e+08	1.518e+08	1.490e+08	1.430e+08	1.317e+08	1.527e+08	1.284e+08	1.199e+08	1.193e+08	1.153e+08	1.178e+08	1.090e+08	9.926e+07	8.651e+07	8.863e+07	9.106e+07	7.679e+07	7.437e+07	6.283e+07	7.072e+07	6.131e+07	5.889e+07	5.342e+07	5.008e+07	5.342e+07	4.766e+07	4.067e+07	5.221e+07	3.491e+07	3.673e+07	4.674e+07	4.644e+07	4.432e+07	3.885e+07	5.433e+07	4.614e+07	4.280e+07	3.521e+07	2.701e+07	2.944e+07	1.882e+07	1.336e+07	1.032e+07	5.160e+06	3.642e+06	1.821e+06	9.106e+05	3.035e+05	
-63.000	5.311e+05	7.966e+05	0.000e+00	5.311e+05	1.328e+06	5.311e+05	2.655e+05	5.311e+05	1.328e+06	2.390e+06	2.124e+06	3.983e+06	7.435e+06	8.231e+06	1.168e+07	1.938e+07	3.080e+07	3.160e+07	3.771e+07	3.293e+07	4.408e+07	4.142e+07	3.638e+07	2.762e+07	1.832e+07	3.266e+07	3.478e+07	2.257e+07	3.691e+07	5.443e+07	6.240e+07	7.833e+07	1.144e+08	1.086e+08	1.346e+08	1.606e+08	1.907e+08	2.254e+08	1.861e+08	1.389e+08	1.219e+08	1.160e+08	1.182e+08	1.237e+08	1.152e+08	1.123e+08	9.400e+07	9.851e+07	8.417e+07	5.019e+07	6.612e+07	1.434e+08	2.172e+08	2.212e+08	2.276e+08	2.159e+08	2.076e+08	1.869e+08	1.973e+08	1.752e+08	1.784e+08	1.660e+08	1.503e+08	1.450e+08	1.572e+08	1.248e+08	1.317e+08	1.182e+08	9.878e+07	8.470e+07	8.444e+07	8.019e+07	7.514e+07	7.063e+07	7.010e+07	6.160e+07	5.204e+07	4.647e+07	4.992e+07	3.399e+07	3.558e+07	4.886e+07	5.603e+07	4.620e+07	3.956e+07	5.603e+07	4.806e+07	4.912e+07	3.744e+07	2.496e+07	3.054e+07	2.655e+07	1.407e+07	6.904e+06	1.062e+06	1.062e+06	5.311e+05	5.311e+05	5.311e+05	1.062e+06	
-59.400	7.104e+05	2.368e+05	2.368e+05	2.368e+05	0.000e+00	2.368e+05	9.472e+05	2.368e+05	4.736e+05	2.368e+05	1.658e+06	3.315e+06	3.789e+06	1.113e+07	1.184e+07	2.202e+07	2.037e+07	1.894e+07	2.179e+07	2.605e+07	2.676e+07	2.273e+07	1.942e+07	2.534e+07	2.581e+07	3.102e+07	3.884e+07	4.547e+07	6.844e+07	7.507e+07	8.217e+07	1.421e+08	1.433e+08	1.362e+08	1.677e+08	1.589e+08	1.601e+08	1.139e+08	7.791e+07	5.944e+07	6.275e+07	3.907e+07	2.321e+07	2.060e+07	2.037e+07	1.468e+07	8.525e+06	4.973e+06	7.815e+06	8.999e+06	2.936e+07	8.620e+07	1.454e+08	1.703e+08	1.594e+08	1.561e+08	1.336e+08	1.288e+08	1.231e+08	1.243e+08	1.430e+08	1.485e+08	1.497e+08	1.556e+08	1.625e+08	1.506e+08	1.445e+08	1.532e+08	1.435e+08	1.239e+08	1.139e+08	1.047e+08	1.006e+08	8.904e+07	8.359e+07	5.991e+07	5.802e+07	5.660e+07	5.257e+07	3.860e+07	3.623e+07	4.689e+07	5.139e+07	5.020e+07	5.210e+07	4.097e+07	3.671e+07	3.292e+07	3.552e+07	3.410e+07	2.179e+07	7.104e+06	9.472e+05	1.421e+06	0.000e+00	2.368e+05	2.368e+05	4.736e+05	4.736e+05	9.472e+05	
-55.800	2.145e+05	4.289e+05	2.145e+05	6.434e+05	2.145e+05	4.289e+05	0.000e+00	1.072e+06	2.145e+05	8.578e+05	3.002e+06	3.431e+06	7.077e+06	1.351e+07	1.673e+07	2.145e+07	2.359e+07	2.145e+07	1.994e+07	1.759e+07	1.566e+07	1.437e+07	1.608e+07	2.316e+07	2.445e+07	2.767e+07	3.539e+07	5.512e+07	6.841e+07	9.136e+07	1.411e+08	1.681e+08	1.220e+08	1.240e+08	1.072e+08	1.162e+08	8.664e+07	5.726e+07	1.351e+07	2.145e+06	6.434e+05	0.000e+00	2.145e+05	2.145e+05	2.145e+05	8.578e+05	8.578e+05	3.431e+06	1.394e+07	4.053e+07	8.257e+07	1.222e+08	1.557e+08	1.388e+08	1.126e+08	1.025e+08	9.501e+07	8.042e+07	7.184e+07	6.262e+07	6.734e+07	6.927e+07	6.434e+07	9.115e+07	1.141e+08	1.334e+08	1.392e+08	1.448e+08	1.499e+08	1.514e+08	1.617e+08	1.443e+08	1.162e+08	1.027e+08	9.930e+07	7.013e+07	5.426e+07	5.962e+07	4.740e+07	5.040e+07	5.040e+07	5.447e+07	4.675e+07	5.362e+07	4.718e+07	3.882e+07	3.839e+07	3.195e+07	3.539e+07	2.616e+07	1.072e+07	6.434e+05	4.289e+05	8.578e+05	8.578e+05	6.434e+05	0.000e+00	4.289e+05	4.289e+05	0.000e+00	
-52.200	1.967e+05	3.934e+05	0.000e+00	0.000e+00	5.900e+05	0.000e+00	1.967e+05	1.967e+05	3.934e+05	0.000e+00	3.343e+06	2.557e+06	6.097e+06	8.850e+06	1.337e+07	1.672e+07	1.770e+07	2.144e+07	2.104e+07	2.340e+07	1.868e+07	1.711e+07	2.104e+07	1.632e+07	2.006e+07	3.068e+07	3.697e+07	6.549e+07	8.221e+07	1.115e+08	1.314e+08	1.170e+08	1.225e+08	1.416e+08	1.526e+08	8.870e+07	1.172e+08	9.244e+07	3.402e+07	1.042e+07	2.557e+06	1.377e+06	1.770e+06	9.834e+05	9.047e+06	3.127e+07	6.097e+07	7.946e+07	9.971e+07	1.095e+08	1.210e+08	1.296e+08	8.673e+07	4.602e+07	3.324e+07	2.321e+07	1.868e+07	1.318e+07	9.047e+06	3.343e+06	1.770e+06	5.114e+06	1.259e+07	1.849e+07	2.360e+07	3.815e+07	6.274e+07	9.519e+07	1.324e+08	1.373e+08	1.442e+08	1.562e+08	1.455e+08	1.237e+08	1.107e+08	9.558e+07	7.572e+07	5.468e+07	5.448e+07	6.392e+07	5.743e+07	5.369e+07	4.563e+07	3.776e+07	4.052e+07	3.422e+07	3.638e+07	2.517e+07	1.986e+07	6.294e+06	1.573e+06	5.900e+05	7.867e+05	5.900e+05	1.967e+05	3.934e+05	1.967e+05	5.900e+05	7.867e+05	1.967e+05	
-48.600	0.000e+00	0.000e+00	3.646e+05	3.646e+05	1.823e+05	1.823e+05	0.000e+00	1.823e+05	1.823e+05	0.000e+00	1.276e+06	1.823e+06	4.921e+06	4.375e+06	5.286e+06	4.375e+06	7.656e+06	1.203e+07	1.422e+07	1.640e+07	1.604e+07	2.041e+07	2.023e+07	2.479e+07	1.896e+07	3.026e+07	4.976e+07	6.270e+07	8.458e+07	1.004e+08	1.092e+08	1.178e+08	1.741e+08	1.735e+08	1.867e+08	1.588e+08	1.517e+08	1.495e+08	1.152e+08	1.263e+08	1.108e+08	1.121e+08	1.013e+08	1.012e+08	9.788e+07	5.377e+07	2.479e+07	1.331e+07	6.562e+06	1.312e+07	3.609e+07	1.440e+07	7.291e+05	0.000e+00	0.000e+00	0.000e+00	0.000e+00	0.000e+00	0.000e+00	0.000e+00	0.000e+00	0.000e+00	0.000e+00	0.000e+00	0.000e+00	0.000e+00	1.823e+05	1.640e+06	8.932e+06	2.807e+07	6.671e+07	1.323e+08	1.533e+08	1.325e+08	1.181e+08	9.989e+07	9.788e+07	8.330e+07	6.434e+07	7.528e+07	5.286e+07	5.286e+07	4.685e+07	3.591e+07	3.518e+07	3.208e+07	2.278e+07	6.927e+06	2.370e+06	1.094e+06	5.468e+05	3.646e+05	0.000e+00	0.000e+00	5.468e+05	1.823e+05	5.468e+05	1.823e+05	5.468e+05	3.646e+05	
-45.000	0.000e+00	1.705e+05	0.000e+00	1.705e+05	1.705e+05	5.114e+05	0.000e+00	0.000e+00	1.705e+05	1.705e+05	1.023e+06	8.523e+05	2.046e+06	2.216e+06	2.387e+06	1.534e+06	5.114e+06	5.285e+06	4.773e+06	7.330e+06	1.142e+07	1.585e+07	2.472e+07	2.318e+07	2.540e+07	3.699e+07	6.137e+07	6.239e+07	8.745e+07	8.387e+07	1.250e+08	1.884e+08	1.889e+08	1.468e+08	1.478e+08	1.161e+08	1.091e+08	1.188e+08	1.016e+08	1.309e+08	1.279e+08	1.084e+08	8.370e+07	5.199e+07	1.227e+07	1.364e+06	0.000e+00	5.114e+05	1.705e+05	0.000e+00	0.000e+00	0.000e+00	0.000e+00	0.000e+00	0.000e+00	0.000e+00	0.000e+00	0.000e+00	0.000e+00	0.000e+00	0.000e+00	0.000e+00	0.000e+00	0.000e+00	0.000e+00	0.000e+00	0.000e+00	0.000e+00	0.000e+00	0.000e+00	0.000e+00	5.455e+06	4.040e+07	9.069e+07	1.371e+08	1.287e+08	1.139e+08	9.751e+07	8.779e+07	8.097e+07	7.006e+07	6.563e+07	5.915e+07	2.966e+07	3.171e+07	1.279e+07	3.921e+06	1.023e+06	1.023e+06	6.819e+05	3.409e+05	0.000e+00	5.114e+05	1.705e+05	0.000e+00	3.409e+05	5.114e+05	0.000e+00	1.705e+05	1.705e+05	
-41.400	4.821e+05	1.607e+05	1.607e+05	1.607e+05	1.607e+05	1.607e+05	1.607e+05	0.000e+00	1.607e+05	0.000e+00	4.821e+05	9.642e+05	6.428e+05	1.125e+06	9.642e+05	8.035e+05	2.089e+06	2.250e+06	4.178e+06	5.464e+06	8.195e+06	8.677e+06	1.462e+07	1.655e+07	2.812e+07	2.973e+07	4.532e+07	6.588e+07	7.761e+07	7.456e+07	1.118e+08	8.645e+07	7.858e+07	7.520e+07	7.553e+07	4.548e+07	3.648e+07	4.708e+07	4.403e+07	5.560e+07	4.483e+07	2.330e+07	6.267e+06	5.303e+06	6.428e+05	0.000e+00	0.000e+00	0.000e+00	0.000e+00	0.000e+00	0.000e+00	0.000e+00	0.000e+00	0.000e+00	0.000e+00	0.000e+00	0.000e+00	0.000e+00	0.000e+00	0.000e+00	0.000e+00	0.000e+00	0.000e+00	0.000e+00	0.000e+00	0.000e+00	0.000e+00	0.000e+00	0.000e+00	0.000e+00	0.000e+00	0.000e+00	0.000e+00	1.125e+06	2.892e+07	7.022e+07	1.247e+08	1.271e+08	1.263e+08	1.019e+08	8.999e+07	8.935e+07	4.355e+07	2.812e+07	2.025e+07	2.892e+06	3.214e+05	4.821e+05	0.000e+00	1.607e+05	1.607e+05	0.000e+00	1.607e+05	3.214e+05	0.000e+00	3.214e+05	0.000e+00	3.214e+05	4.821e+05	1.607e+05	
-37.800	6.102e+05	1.525e+05	0.000e+00	0.000e+00	0.000e+00	0.000e+00	0.000e+00	0.000e+00	1.525e+05	4.576e+05	4.576e+05	3.051e+05	1.373e+06	6.102e+05	1.068e+06	1.373e+06	2.136e+06	2.746e+06	9.153e+05	2.898e+06	4.119e+06	1.007e+07	1.144e+07	1.129e+07	1.464e+07	1.907e+07	2.288e+07	5.842e+07	8.787e+07	6.804e+07	4.149e+07	1.998e+07	2.364e+07	2.578e+07	3.264e+07	2.486e+07	1.175e+07	8.543e+06	6.559e+06	1.632e+07	1.388e+07	7.932e+06	3.051e+05	3.051e+05	3.051e+05	0.000e+00	0.000e+00	0.000e+00	0.000e+00	0.000e+00	0.000e+00	0.000e+00	0.000e+00	0.000e+00	0.000e+00	0.000e+00	0.000e+00	0.000e+00	0.000e+00	0.000e+00	0.000e+00	0.000e+00	0.000e+00	0.000e+00	0.000e+00	0.000e+00	0.000e+00	0.000e+00	0.000e+00	0.000e+00	0.000e+00	0.000e+00	0.000e+00	0.000e+00	0.000e+00	0.000e+00	1.480e+07	5.126e+07	8.283e+07	1.086e+08	9.260e+07	7.246e+07	2.486e+07	7.322e+06	1.831e+06	3.051e+05	4.576e+05	3.051e+05	1.525e+05	0.000e+00	1.525e+05	0.000e+00	1.525e+05	3.051e+05	3.051e+05	1.525e+05	0.000e+00	1.525e+05	0.000e+00	0.000e+00	
-34.200	1.457e+05	0.000e+00	0.000e+00	0.000e+00	1.457e+05	0.000e+00	0.000e+00	1.457e+05	1.457e+05	0.000e+00	2.915e+05	2.915e+05	8.744e+05	7.287e+05	2.915e+05	5.829e+05	8.744e+05	1.749e+06	1.020e+06	1.895e+06	5.538e+06	9.473e+06	1.603e+07	2.142e+07	1.997e+07	1.006e+07	9.473e+06	9.910e+06	1.836e+07	1.486e+07	1.035e+07	6.121e+06	8.890e+06	9.764e+06	1.137e+07	3.643e+06	2.915e+05	1.603e+06	1.749e+06	3.789e+06	1.895e+06	0.000e+00	0.000e+00	1.457e+05	0.000e+00	0.000e+00	0.000e+00	0.000e+00	0.000e+00	0.000e+00	0.000e+00	0.000e+00	0.000e+00	0.000e+00	0.000e+00	0.000e+00	0.000e+00	0.000e+00	0.000e+00	0.000e+00	0.000e+00	0.000e+00	0.000e+00	0.000e+00	0.000e+00	0.000e+00	0.000e+00	0.000e+00	0.000e+00	0.000e+00	0.000e+00	0.000e+00	0.000e+00	0.000e+00	0.000e+00	0.000e+00	0.000e+00	1.457e+05	2.915e+05	1.239e+07	3.250e+07	2.390e+07	7.724e+06	5.829e+05	0.000e+00	1.457e+05	1.457e+05	0.000e+00	0.000e+00	2.915e+05	1.457e+05	0.000e+00	1.457e+05	1.457e+05	0.000e+00	0.000e+00	1.457e+05	0.000e+00	2.915e+05	0.000e+00	
-30.600	0.000e+00	0.000e+00	0.000e+00	4.201e+05	0.000e+00	0.000e+00	0.000e+00	1.400e+05	2.801e+05	1.400e+05	5.601e+05	2.801e+05	4.201e+05	2.801e+05	7.001e+05	1.400e+05	8.402e+05	2.380e+06	2.240e+06	5.181e+06	7.001e+06	1.876e+07	3.039e+07	3.487e+07	2.352e+07	1.932e+07	1.498e+07	7.702e+06	6.021e+06	5.741e+06	6.441e+06	3.781e+06	4.621e+06	2.380e+06	2.100e+06	7.001e+05	4.201e+05	8.402e+05	4.201e+05	1.540e+06	8.402e+05	0.000e+00	0.000e+00	0.000e+00	0.000e+00	0.000e+00	0.000e+00	0.000e+00	0.000e+00	0.000e+00	0.000e+00	0.000e+00	0.000e+00	0.000e+00	0.000e+00	0.000e+00	0.000e+00	0.000e+00	0.000e+00	0.000e+00	0.000e+00	0.000e+00	0.000e+00	0.000e+00	0.000e+00	0.000e+00	0.000e+00	0.000e+00	0.000e+00	0.000e+00	0.000e+00	0.000e+00	0.000e+00	0.000e+00	0.000e+00	0.000e+00	0.000e+00	0.000e+00	0.000e+00	1.400e+05	0.000e+00	1.400e+05	5.601e+05	0.000e+00	1.400e+05	0.000e+00	1.400e+05	2.801e+05	1.400e+05	0.000e+00	2.801e+05	0.000e+00	1.400e+05	1.400e+05	1.400e+05	1.400e+05	1.400e+05	0.000e+00	0.000e+00	0.000e+00	
-27.000	0.000e+00	0.000e+00	1.353e+05	0.000e+00	1.353e+05	1.353e+05	1.353e+05	5.411e+05	2.705e+05	1.353e+05	5.411e+05	1.353e+05	2.705e+05	1.353e+05	1.217e+06	5.411e+05	1.759e+06	2.435e+06	4.329e+06	9.469e+06	1.461e+07	2.354e+07	2.611e+07	2.908e+07	2.651e+07	2.408e+07	1.894e+07	1.136e+07	8.657e+06	7.575e+06	6.493e+06	7.575e+06	3.923e+06	5.411e+05	4.058e+05	1.353e+05	1.353e+05	2.029e+06	2.029e+06	1.082e+06	0.000e+00	0.000e+00	0.000e+00	0.000e+00	0.000e+00	0.000e+00	0.000e+00	0.000e+00	0.000e+00	0.000e+00	0.000e+00	1.353e+05	0.000e+00	0.000e+00	0.000e+00	0.000e+00	0.000e+00	0.000e+00	0.000e+00	0.000e+00	0.000e+00	0.000e+00	0.000e+00	0.000e+00	0.000e+00	0.000e+00	0.000e+00	0.000e+00	0.000e+00	0.000e+00	0.000e+00	0.000e+00	0.000e+00	0.000e+00	0.000e+00	0.000e+00	0.000e+00	0.000e+00	0.000e+00	0.000e+00	0.000e+00	0.000e+00	0.000e+00	0.000e+00	1.353e+05	1.353e+05	0.000e+00	1.353e+05	0.000e+00	0.000e+00	0.000e+00	0.000e+00	1.353e+05	2.705e+05	0.000e+00	1.353e+05	0.000e+00	0.000e+00	0.000e+00	0.000e+00	
-23.400	0.000e+00	0.000e+00	0.000e+00	0.000e+00	2.626e+05	0.000e+00	1.313e+05	6.566e+05	2.626e+05	1.313e+05	6.566e+05	3.940e+05	5.253e+05	1.051e+06	1.707e+06	3.020e+06	3.546e+06	3.414e+06	4.990e+06	9.587e+06	1.484e+07	1.628e+07	2.758e+07	3.152e+07	3.191e+07	2.600e+07	2.101e+07	1.589e+07	9.324e+06	8.273e+06	5.516e+06	5.384e+06	9.193e+05	6.566e+05	5.253e+05	2.626e+05	7.879e+05	1.182e+06	1.313e+05	0.000e+00	0.000e+00	0.000e+00	0.000e+00	0.000e+00	1.313e+05	0.000e+00	0.000e+00	0.000e+00	0.000e+00	0.000e+00	0.000e+00	0.000e+00	0.000e+00	0.000e+00	0.000e+00	0.000e+00	0.000e+00	0.000e+00	0.000e+00	0.000e+00	0.000e+00	0.000e+00	0.000e+00	0.000e+00	0.000e+00	0.000e+00	0.000e+00	0.000e+00	0.000e+00	0.000e+00	0.000e+00	0.000e+00	0.000e+00	0.000e+00	0.000e+00	0.000e+00	0.000e+00	0.000e+00	0.000e+00	0.000e+00	0.000e+00	0.000e+00	0.000e+00	0.000e+00	0.000e+00	0.000e+00	1.313e+05	0.000e+00	0.000e+00	1.313e+05	0.000e+00	0.000e+00	0.000e+00	2.626e+05	0.000e+00	0.000e+00	0.000e+00	2.626e+05	0.000e+00	0.000e+00	
-19.800	1.281e+05	2.562e+05	3.843e+05	1.281e+05	7.685e+05	3.843e+05	8.966e+05	3.843e+05	7.685e+05	8.966e+05	1.025e+06	7.685e+05	1.025e+06	2.946e+06	2.946e+06	2.049e+06	3.202e+06	3.458e+06	3.971e+06	5.636e+06	1.294e+07	1.742e+07	2.549e+07	3.087e+07	2.959e+07	2.651e+07	2.037e+07	1.473e+07	1.178e+07	1.025e+07	9.735e+06	2.818e+06	7.685e+05	6.405e+05	0.000e+00	2.562e+05	2.178e+06	2.562e+05	0.000e+00	0.000e+00	0.000e+00	0.000e+00	0.000e+00	0.000e+00	0.000e+00	0.000e+00	0.000e+00	0.000e+00	0.000e+00	0.000e+00	0.000e+00	0.000e+00	0.000e+00	0.000e+00	0.000e+00	0.000e+00	0.000e+00	0.000e+00	0.000e+00	0.000e+00	0.000e+00	0.000e+00	0.000e+00	0.000e+00	0.000e+00	0.000e+00	0.000e+00	0.000e+00	0.000e+00	0.000e+00	0.000e+00	0.000e+00	0.000e+00	0.000e+00	0.000e+00	0.000e+00	0.000e+00	0.000e+00	0.000e+00	0.000e+00	0.000e+00	0.000e+00	0.000e+00	0.000e+00	1.281e+05	0.000e+00	0.000e+00	0.000e+00	0.000e+00	0.000e+00	0.000e+00	0.000e+00	0.000e+00	0.000e+00	0.000e+00	0.000e+00	0.000e+00	0.000e+00	0.000e+00	2.562e+05	
-16.200	1.004e+06	3.765e+05	2.510e+05	6.275e+05	1.004e+06	5.020e+05	7.530e+05	5.020e+05	1.004e+06	1.129e+06	6.275e+05	1.757e+06	1.255e+06	7.530e+05	8.785e+05	1.882e+06	1.380e+06	3.137e+06	2.510e+06	4.016e+06	9.412e+06	1.832e+07	2.259e+07	2.799e+07	2.472e+07	2.322e+07	2.159e+07	1.807e+07	1.167e+07	1.418e+07	1.017e+07	4.267e+06	6.275e+05	3.765e+05	1.255e+05	6.275e+05	7.530e+05	8.785e+05	5.020e+05	0.000e+00	0.000e+00	0.000e+00	0.000e+00	0.000e+00	0.000e+00	0.000e+00	0.000e+00	0.000e+00	1.255e+05	0.000e+00	0.000e+00	0.000e+00	0.000e+00	0.000e+00	0.000e+00	0.000e+00	0.000e+00	0.000e+00	0.000e+00	0.000e+00	0.000e+00	0.000e+00	0.000e+00	0.000e+00	0.000e+00	0.000e+00	0.000e+00	0.000e+00	0.000e+00	0.000e+00	0.000e+00	0.000e+00	0.000e+00	0.000e+00	0.000e+00	0.000e+00	0.000e+00	0.000e+00	0.000e+00	0.000e+00	0.000e+00	0.000e+00	0.000e+00	0.000e+00	0.000e+00	0.000e+00	0.000e+00	0.000e+00	0.000e+00	0.000e+00	0.000e+00	1.255e+05	1.255e+05	0.000e+00	0.000e+00	3.765e+05	1.255e+05	6.275e+05	5.020e+05	8.785e+05	
-12.600	1.235e+05	3.705e+05	1.235e+06	7.409e+05	1.111e+06	1.111e+06	9.879e+05	7.409e+05	4.939e+05	1.111e+06	1.605e+06	7.409e+05	4.939e+05	1.111e+06	1.852e+06	2.964e+06	2.840e+06	4.198e+06	4.198e+06	7.039e+06	9.385e+06	1.408e+07	1.618e+07	1.815e+07	2.260e+07	2.062e+07	2.334e+07	2.223e+07	2.334e+07	1.791e+07	1.568e+07	8.767e+06	6.174e+05	1.235e+05	0.000e+00	1.235e+05	3.705e+05	3.705e+05	1.852e+06	0.000e+00	0.000e+00	0.000e+00	0.000e+00	0.000e+00	0.000e+00	0.000e+00	0.000e+00	0.000e+00	0.000e+00	0.000e+00	0.000e+00	0.000e+00	0.000e+00	0.000e+00	0.000e+00	0.000e+00	0.000e+00	0.000e+00	0.000e+00	0.000e+00	0.000e+00	0.000e+00	0.000e+00	0.000e+00	0.000e+00	0.000e+00	0.000e+00	0.000e+00	0.000e+00	0.000e+00	0.000e+00	0.000e+00	0.000e+00	0.000e+00	0.000e+00	0.000e+00	0.000e+00	0.000e+00	0.000e+00	0.000e+00	0.000e+00	0.000e+00	0.000e+00	0.000e+00	0.000e+00	0.000e+00	0.000e+00	0.000e+00	0.000e+00	0.000e+00	0.000e+00	0.000e+00	1.235e+05	1.235e+05	2.470e+05	1.235e+05	1.235e+05	1.235e+05	0.000e+00	1.235e+05	
-9.000	8.541e+05	1.098e+06	2.440e+05	4.880e+05	2.440e+06	3.904e+06	1.342e+06	1.708e+06	8.541e+05	1.220e+06	1.220e+06	1.830e+06	1.952e+06	1.830e+06	2.928e+06	4.026e+06	4.880e+06	4.148e+06	5.490e+06	7.564e+06	1.330e+07	1.708e+07	2.184e+07	2.025e+07	1.916e+07	2.160e+07	2.574e+07	2.770e+07	2.928e+07	2.965e+07	2.001e+07	9.151e+06	2.440e+05	1.220e+05	0.000e+00	0.000e+00	1.220e+05	0.000e+00	0.000e+00	0.000e+00	0.000e+00	0.000e+00	0.000e+00	0.000e+00	0.000e+00	0.000e+00	0.000e+00	0.000e+00	0.000e+00	1.220e+05	0.000e+00	0.000e+00	0.000e+00	0.000e+00	0.000e+00	0.000e+00	0.000e+00	0.000e+00	0.000e+00	0.000e+00	0.000e+00	0.000e+00	0.000e+00	0.000e+00	0.000e+00	0.000e+00	0.000e+00	0.000e+00	0.000e+00	0.000e+00	0.000e+00	0.000e+00	0.000e+00	0.000e+00	0.000e+00	0.000e+00	0.000e+00	0.000e+00	0.000e+00	0.000e+00	0.000e+00	0.000e+00	0.000e+00	0.000e+00	0.000e+00	0.000e+00	0.000e+00	0.000e+00	0.000e+00	0.000e+00	0.000e+00	0.000e+00	1.220e+05	1.220e+05	1.220e+05	0.000e+00	4.880e+05	0.000e+00	0.000e+00	2.440e+05	
-5.400	1.452e+06	3.631e+06	5.689e+06	4.599e+06	5.447e+06	5.084e+06	3.510e+06	1.452e+06	1.089e+06	1.937e+06	3.752e+06	4.357e+06	4.841e+06	3.631e+06	5.326e+06	4.236e+06	6.173e+06	6.899e+06	1.077e+07	1.440e+07	1.331e+07	1.513e+07	1.295e+07	1.089e+07	1.973e+07	2.263e+07	3.365e+07	3.752e+07	3.752e+07	3.764e+07	2.469e+07	3.631e+06	0.000e+00	1.210e+05	2.421e+05	0.000e+00	2.421e+05	0.000e+00	0.000e+00	0.000e+00	0.000e+00	0.000e+00	0.000e+00	0.000e+00	0.000e+00	0.000e+00	0.000e+00	0.000e+00	4.841e+05	0.000e+00	4.841e+05	2.421e+05	0.000e+00	0.000e+00	0.000e+00	0.000e+00	0.000e+00	0.000e+00	0.000e+00	0.000e+00	0.000e+00	0.000e+00	0.000e+00	0.000e+00	0.000e+00	0.000e+00	0.000e+00	0.000e+00	0.000e+00	0.000e+00	0.000e+00	0.000e+00	0.000e+00	0.000e+00	0.000e+00	0.000e+00	0.000e+00	0.000e+00	0.000e+00	0.000e+00	0.000e+00	0.000e+00	0.000e+00	0.000e+00	0.000e+00	0.000e+00	0.000e+00	0.000e+00	0.000e+00	0.000e+00	0.000e+00	0.000e+00	0.000e+00	0.000e+00	6.052e+05	4.841e+05	7.262e+05	8.473e+05	6.052e+05	3.631e+05	
-1.800	2.049e+06	1.206e+06	1.326e+06	2.291e+06	3.978e+06	1.808e+06	2.049e+06	1.206e+06	1.688e+06	4.219e+06	6.510e+06	3.617e+06	4.340e+06	5.545e+06	5.907e+06	6.269e+06	1.181e+07	1.230e+07	1.398e+07	1.555e+07	1.410e+07	8.680e+06	7.474e+06	6.751e+06	8.559e+06	1.193e+07	1.893e+07	2.833e+07	4.099e+07	4.123e+07	1.181e+07	4.822e+05	0.000e+00	1.206e+05	0.000e+00	0.000e+00	0.000e+00	0.000e+00	0.000e+00	0.000e+00	0.000e+00	0.000e+00	0.000e+00	0.000e+00	0.000e+00	0.000e+00	0.000e+00	0.000e+00	0.000e+00	2.411e+05	1.206e+05	0.000e+00	0.000e+00	0.000e+00	0.000e+00	0.000e+00	0.000e+00	0.000e+00	0.000e+00	0.000e+00	0.000e+00	0.000e+00	0.000e+00	0.000e+00	0.000e+00	0.000e+00	0.000e+00	0.000e+00	0.000e+00	0.000e+00	0.000e+00	0.000e+00	0.000e+00	0.000e+00	0.000e+00	0.000e+00	0.000e+00	0.000e+00	0.000e+00	0.000e+00	0.000e+00	0.000e+00	0.000e+00	0.000e+00	0.000e+00	0.000e+00	0.000e+00	0.000e+00	0.000e+00	0.000e+00	0.000e+00	0.000e+00	1.206e+05	1.206e+05	2.411e+05	8.439e+05	8.439e+05	1.206e+06	1.929e+06	2.049e+06	
1.800	1.085e+06	1.688e+06	2.411e+06	1.688e+06	2.290e+06	1.688e+06	1.447e+06	2.411e+06	4.581e+06	6.389e+06	4.822e+06	7.233e+06	3.978e+06	5.184e+06	7.836e+06	8.197e+06	1.507e+07	1.422e+07	1.784e+07	1.145e+07	7.112e+06	2.411e+06	4.822e+05	4.822e+05	4.822e+05	8.438e+05	1.205e+06	5.545e+06	1.736e+07	1.664e+07	1.808e+06	2.411e+05	0.000e+00	0.000e+00	0.000e+00	0.000e+00	0.000e+00	0.000e+00	0.000e+00	0.000e+00	0.000e+00	0.000e+00	0.000e+00	0.000e+00	0.000e+00	0.000e+00	0.000e+00	0.000e+00	0.000e+00	0.000e+00	0.000e+00	0.000e+00	0.000e+00	0.000e+00	0.000e+00	0.000e+00	0.000e+00	0.000e+00	0.000e+00	0.000e+00	0.000e+00	0.000e+00	0.000e+00	0.000e+00	0.000e+00	0.000e+00	0.000e+00	0.000e+00	0.000e+00	0.000e+00	0.000e+00	0.000e+00	0.000e+00	0.000e+00	0.000e+00	0.000e+00	0.000e+00	0.000e+00	0.000e+00	0.000e+00	0.000e+00	0.000e+00	0.000e+00	0.000e+00	0.000e+00	0.000e+00	0.000e+00	0.000e+00	0.000e+00	0.000e+00	0.000e+00	0.000e+00	1.205e+05	2.411e+05	0.000e+00	1.205e+05	9.644e+05	8.438e+05	1.326e+06	1.085e+06	
5.400	3.631e+05	6.051e+05	3.631e+05	1.452e+06	1.331e+06	2.541e+06	4.357e+06	4.841e+06	6.535e+06	5.446e+06	2.904e+06	4.478e+06	4.720e+06	7.261e+06	6.535e+06	9.076e+06	1.125e+07	1.210e+07	9.439e+06	3.631e+06	6.051e+05	2.420e+05	0.000e+00	2.420e+05	0.000e+00	0.000e+00	0.000e+00	7.261e+05	4.962e+06	6.051e+05	1.210e+05	0.000e+00	1.210e+05	0.000e+00	0.000e+00	0.000e+00	0.000e+00	0.000e+00	0.000e+00	0.000e+00	0.000e+00	0.000e+00	0.000e+00	0.000e+00	0.000e+00	0.000e+00	0.000e+00	0.000e+00	0.000e+00	0.000e+00	0.000e+00	0.000e+00	0.000e+00	0.000e+00	0.000e+00	0.000e+00	0.000e+00	0.000e+00	0.000e+00	0.000e+00	0.000e+00	0.000e+00	0.000e+00	0.000e+00	0.000e+00	0.000e+00	0.000e+00	0.000e+00	0.000e+00	0.000e+00	0.000e+00	0.000e+00	0.000e+00	0.000e+00	0.000e+00	0.000e+00	0.000e+00	0.000e+00	0.000e+00	0.000e+00	0.000e+00	0.000e+00	0.000e+00	0.000e+00	0.000e+00	0.000e+00	0.000e+00	0.000e+00	0.000e+00	0.000e+00	0.000e+00	1.210e+05	0.000e+00	0.000e+00	0.000e+00	0.000e+00	2.420e+05	4.841e+05	8.471e+05	9.682e+05	
9.000	0.000e+00	1.220e+05	1.464e+06	2.196e+06	2.683e+06	3.171e+06	2.562e+06	3.537e+06	4.391e+06	6.587e+06	4.879e+06	2.440e+06	3.659e+06	4.147e+06	3.537e+06	3.537e+06	5.123e+06	5.855e+06	2.927e+06	1.220e+05	0.000e+00	0.000e+00	0.000e+00	1.220e+05	0.000e+00	0.000e+00	0.000e+00	0.000e+00	2.440e+05	1.220e+05	1.220e+05	0.000e+00	0.000e+00	0.000e+00	0.000e+00	0.000e+00	0.000e+00	0.000e+00	0.000e+00	0.000e+00	0.000e+00	0.000e+00	0.000e+00	0.000e+00	0.000e+00	0.000e+00	0.000e+00	0.000e+00	0.000e+00	0.000e+00	0.000e+00	0.000e+00	0.000e+00	0.000e+00	0.000e+00	0.000e+00	0.000e+00	0.000e+00	0.000e+00	0.000e+00	0.000e+00	0.000e+00	0.000e+00	0.000e+00	0.000e+00	0.000e+00	0.000e+00	0.000e+00	0.000e+00	0.000e+00	0.000e+00	0.000e+00	0.000e+00	0.000e+00	0.000e+00	0.000e+00	0.000e+00	0.000e+00	0.000e+00	0.000e+00	0.000e+00	0.000e+00	0.000e+00	0.000e+00	0.000e+00	0.000e+00	0.000e+00	0.000e+00	0.000e+00	0.000e+00	0.000e+00	0.000e+00	0.000e+00	0.000e+00	0.000e+00	0.000e+00	0.000e+00	0.000e+00	0.000e+00	0.000e+00	
12.600	0.000e+00	0.000e+00	1.234e+05	7.406e+05	1.234e+06	2.469e+05	1.111e+06	8.641e+05	1.852e+06	2.098e+06	1.728e+06	9.875e+05	6.172e+05	6.172e+05	9.875e+05	1.728e+06	1.234e+06	2.098e+06	1.234e+06	2.469e+05	0.000e+00	0.000e+00	0.000e+00	0.000e+00	0.000e+00	0.000e+00	0.000e+00	1.234e+05	0.000e+00	1.234e+05	1.234e+05	2.469e+05	1.234e+05	0.000e+00	0.000e+00	0.000e+00	0.000e+00	0.000e+00	0.000e+00	0.000e+00	0.000e+00	0.000e+00	0.000e+00	0.000e+00	0.000e+00	0.000e+00	0.000e+00	0.000e+00	0.000e+00	0.000e+00	0.000e+00	0.000e+00	0.000e+00	0.000e+00	0.000e+00	0.000e+00	0.000e+00	0.000e+00	0.000e+00	0.000e+00	0.000e+00	0.000e+00	0.000e+00	0.000e+00	0.000e+00	0.000e+00	0.000e+00	0.000e+00	0.000e+00	0.000e+00	0.000e+00	0.000e+00	0.000e+00	0.000e+00	0.000e+00	0.000e+00	0.000e+00	0.000e+00	0.000e+00	0.000e+00	0.000e+00	0.000e+00	0.000e+00	0.000e+00	0.000e+00	0.000e+00	0.000e+00	0.000e+00	0.000e+00	0.000e+00	0.000e+00	0.000e+00	0.000e+00	0.000e+00	0.000e+00	0.000e+00	0.000e+00	0.000e+00	0.000e+00	0.000e+00	
16.200	0.000e+00	0.000e+00	1.254e+05	3.763e+05	7.526e+05	2.509e+05	5.018e+05	1.380e+06	1.129e+06	5.018e+05	5.018e+05	5.018e+05	0.000e+00	0.000e+00	0.000e+00	3.763e+05	7.526e+05	1.882e+06	3.763e+05	1.254e+05	0.000e+00	0.000e+00	0.000e+00	0.000e+00	0.000e+00	0.000e+00	0.000e+00	0.000e+00	1.254e+05	2.509e+05	0.000e+00	0.000e+00	0.000e+00	0.000e+00	0.000e+00	0.000e+00	0.000e+00	0.000e+00	0.000e+00	0.000e+00	0.000e+00	0.000e+00	0.000e+00	0.000e+00	0.000e+00	0.000e+00	0.000e+00	0.000e+00	0.000e+00	0.000e+00	0.000e+00	0.000e+00	0.000e+00	0.000e+00	0.000e+00	0.000e+00	0.000e+00	0.000e+00	0.000e+00	0.000e+00	0.000e+00	0.000e+00	0.000e+00	0.000e+00	0.000e+00	0.000e+00	0.000e+00	0.000e+00	0.000e+00	0.000e+00	0.000e+00	0.000e+00	0.000e+00	0.000e+00	0.000e+00	0.000e+00	0.000e+00	0.000e+00	0.000e+00	0.000e+00	0.000e+00	0.000e+00	0.000e+00	0.000e+00	0.000e+00	0.000e+00	0.000e+00	0.000e+00	0.000e+00	0.000e+00	0.000e+00	0.000e+00	0.000e+00	0.000e+00	0.000e+00	0.000e+00	0.000e+00	0.000e+00	0.000e+00	0.000e+00	
19.800	0.000e+00	0.000e+00	2.560e+05	5.121e+05	6.401e+05	6.401e+05	1.152e+06	2.048e+06	1.920e+06	1.664e+06	7.681e+05	3.841e+05	6.401e+05	2.560e+05	5.121e+05	5.121e+05	7.681e+05	1.024e+06	3.841e+05	1.280e+05	0.000e+00	0.000e+00	0.000e+00	0.000e+00	0.000e+00	0.000e+00	0.000e+00	0.000e+00	0.000e+00	0.000e+00	0.000e+00	1.280e+05	2.560e+05	0.000e+00	0.000e+00	0.000e+00	0.000e+00	0.000e+00	0.000e+00	0.000e+00	0.000e+00	0.000e+00	0.000e+00	0.000e+00	0.000e+00	0.000e+00	0.000e+00	0.000e+00	0.000e+00	0.000e+00	0.000e+00	0.000e+00	0.000e+00	0.000e+00	0.000e+00	0.000e+00	0.000e+00	0.000e+00	0.000e+00	0.000e+00	0.000e+00	0.000e+00	0.000e+00	0.000e+00	0.000e+00	0.000e+00	0.000e+00	0.000e+00	0.000e+00	0.000e+00	0.000e+00	0.000e+00	0.000e+00	0.000e+00	0.000e+00	0.000e+00	0.000e+00	0.000e+00	0.000e+00	0.000e+00	0.000e+00	0.000e+00	0.000e+00	0.000e+00	0.000e+00	0.000e+00	0.000e+00	0.000e+00	0.000e+00	0.000e+00	0.000e+00	0.000e+00	0.000e+00	0.000e+00	0.000e+00	0.000e+00	0.000e+00	0.000e+00	0.000e+00	0.000e+00	
23.400	1.312e+05	1.312e+05	3.937e+05	3.937e+05	1.050e+06	1.181e+06	2.756e+06	3.806e+06	5.774e+06	4.462e+06	5.774e+06	2.493e+06	9.186e+05	1.706e+06	2.362e+06	5.381e+06	5.381e+06	4.593e+06	2.887e+06	3.937e+05	0.000e+00	0.000e+00	0.000e+00	0.000e+00	0.000e+00	0.000e+00	0.000e+00	0.000e+00	0.000e+00	0.000e+00	0.000e+00	0.000e+00	0.000e+00	0.000e+00	0.000e+00	0.000e+00	0.000e+00	0.000e+00	0.000e+00	0.000e+00	0.000e+00	0.000e+00	0.000e+00	0.000e+00	0.000e+00	0.000e+00	0.000e+00	0.000e+00	0.000e+00	0.000e+00	0.000e+00	0.000e+00	0.000e+00	0.000e+00	0.000e+00	0.000e+00	0.000e+00	0.000e+00	0.000e+00	0.000e+00	0.000e+00	0.000e+00	0.000e+00	0.000e+00	0.000e+00	0.000e+00	0.000e+00	0.000e+00	0.000e+00	0.000e+00	0.000e+00	0.000e+00	0.000e+00	0.000e+00	0.000e+00	0.000e+00	0.000e+00	0.000e+00	0.000e+00	0.000e+00	0.000e+00	0.000e+00	0.000e+00	0.000e+00	0.000e+00	0.000e+00	0.000e+00	0.000e+00	0.000e+00	0.000e+00	0.000e+00	0.000e+00	0.000e+00	0.000e+00	0.000e+00	0.000e+00	0.000e+00	0.000e+00	0.000e+00	1.312e+05	
27.000	9.461e+05	1.352e+06	6.758e+05	2.027e+06	1.622e+06	2.027e+06	2.703e+06	7.028e+06	7.839e+06	8.245e+06	1.108e+07	7.434e+06	7.163e+06	1.068e+07	1.068e+07	1.298e+07	1.933e+07	1.649e+07	1.203e+07	5.001e+06	1.892e+06	0.000e+00	0.000e+00	0.000e+00	0.000e+00	0.000e+00	0.000e+00	0.000e+00	0.000e+00	0.000e+00	2.703e+05	1.352e+05	0.000e+00	0.000e+00	0.000e+00	0.000e+00	0.000e+00	0.000e+00	0.000e+00	0.000e+00	0.000e+00	0.000e+00	0.000e+00	0.000e+00	0.000e+00	0.000e+00	0.000e+00	0.000e+00	0.000e+00	0.000e+00	0.000e+00	0.000e+00	0.000e+00	0.000e+00	0.000e+00	0.000e+00	0.000e+00	0.000e+00	0.000e+00	0.000e+00	0.000e+00	0.000e+00	0.000e+00	0.000e+00	0.000e+00	0.000e+00	0.000e+00	0.000e+00	0.000e+00	0.000e+00	0.000e+00	0.000e+00	0.000e+00	0.000e+00	0.000e+00	0.000e+00	0.000e+00	0.000e+00	0.000e+00	0.000e+00	0.000e+00	0.000e+00	0.000e+00	0.000e+00	0.000e+00	0.000e+00	0.000e+00	0.000e+00	0.000e+00	0.000e+00	1.352e+05	0.000e+00	0.000e+00	1.352e+05	0.000e+00	2.703e+05	1.352e+05	2.703e+05	4.055e+05	1.352e+05	
30.600	5.596e+05	9.793e+05	1.819e+06	1.959e+06	2.798e+06	2.098e+06	2.518e+06	3.218e+06	5.036e+06	5.736e+06	9.093e+06	7.974e+06	7.694e+06	6.575e+06	1.189e+07	1.385e+07	1.903e+07	2.364e+07	2.518e+07	2.015e+07	1.343e+07	8.254e+06	3.637e+06	6.995e+05	2.798e+05	1.399e+05	1.399e+05	0.000e+00	1.119e+06	2.798e+05	0.000e+00	0.000e+00	0.000e+00	0.000e+00	0.000e+00	0.000e+00	0.000e+00	0.000e+00	0.000e+00	0.000e+00	0.000e+00	0.000e+00	0.000e+00	0.000e+00	0.000e+00	0.000e+00	0.000e+00	0.000e+00	0.000e+00	0.000e+00	0.000e+00	0.000e+00	0.000e+00	0.000e+00	0.000e+00	0.000e+00	0.000e+00	0.000e+00	0.000e+00	0.000e+00	0.000e+00	0.000e+00	0.000e+00	0.000e+00	0.000e+00	0.000e+00	0.000e+00	0.000e+00	0.000e+00	0.000e+00	0.000e+00	0.000e+00	0.000e+00	0.000e+00	0.000e+00	0.000e+00	0.000e+00	0.000e+00	0.000e+00	0.000e+00	0.000e+00	0.000e+00	0.000e+00	0.000e+00	0.000e+00	0.000e+00	0.000e+00	0.000e+00	0.000e+00	0.000e+00	0.000e+00	1.399e+05	0.000e+00	1.399e+05	5.596e+05	1.399e+05	5.596e+05	2.798e+05	5.596e+05	5.596e+05	
34.200	0.000e+00	1.456e+05	4.367e+05	1.747e+06	5.823e+05	5.823e+05	5.823e+05	1.892e+06	3.203e+06	5.095e+06	3.785e+06	5.095e+06	3.203e+06	4.076e+06	4.658e+06	7.279e+06	7.570e+06	1.063e+07	1.616e+07	1.922e+07	2.198e+07	1.660e+07	1.587e+07	1.747e+07	1.499e+07	1.223e+07	1.121e+07	1.106e+07	1.048e+07	3.639e+06	5.823e+05	0.000e+00	2.911e+05	0.000e+00	0.000e+00	0.000e+00	0.000e+00	0.000e+00	0.000e+00	0.000e+00	0.000e+00	0.000e+00	0.000e+00	0.000e+00	0.000e+00	0.000e+00	0.000e+00	0.000e+00	0.000e+00	0.000e+00	0.000e+00	0.000e+00	0.000e+00	0.000e+00	0.000e+00	0.000e+00	0.000e+00	0.000e+00	0.000e+00	0.000e+00	0.000e+00	0.000e+00	0.000e+00	0.000e+00	0.000e+00	0.000e+00	0.000e+00	0.000e+00	0.000e+00	0.000e+00	0.000e+00	0.000e+00	0.000e+00	0.000e+00	0.000e+00	0.000e+00	0.000e+00	0.000e+00	0.000e+00	0.000e+00	0.000e+00	0.000e+00	0.000e+00	0.000e+00	0.000e+00	0.000e+00	0.000e+00	0.000e+00	0.000e+00	0.000e+00	0.000e+00	0.000e+00	0.000e+00	0.000e+00	1.456e+05	2.911e+05	1.456e+05	2.911e+05	2.911e+05	4.367e+05	
37.800	0.000e+00	0.000e+00	0.000e+00	3.047e+05	1.524e+05	0.000e+00	7.618e+05	1.524e+05	7.618e+05	4.571e+05	1.676e+06	1.676e+06	1.676e+06	3.809e+06	2.742e+06	2.285e+06	4.418e+06	4.418e+06	7.618e+06	9.751e+06	1.417e+07	1.585e+07	1.874e+07	2.422e+07	2.285e+07	2.422e+07	2.011e+07	1.737e+07	2.285e+07	1.386e+07	1.067e+06	3.047e+05	0.000e+00	0.000e+00	0.000e+00	1.524e+05	0.000e+00	0.000e+00	0.000e+00	0.000e+00	0.000e+00	0.000e+00	0.000e+00	0.000e+00	0.000e+00	0.000e+00	0.000e+00	0.000e+00	0.000e+00	0.000e+00	0.000e+00	0.000e+00	0.000e+00	0.000e+00	0.000e+00	0.000e+00	0.000e+00	0.000e+00	0.000e+00	0.000e+00	0.000e+00	0.000e+00	0.000e+00	0.000e+00	0.000e+00	0.000e+00	0.000e+00	0.000e+00	0.000e+00	0.000e+00	0.000e+00	0.000e+00	0.000e+00	0.000e+00	0.000e+00	0.000e+00	0.000e+00	0.000e+00	0.000e+00	0.000e+00	0.000e+00	0.000e+00	0.000e+00	0.000e+00	0.000e+00	0.000e+00	0.000e+00	0.000e+00	0.000e+00	0.000e+00	0.000e+00	0.000e+00	0.000e+00	0.000e+00	0.000e+00	0.000e+00	1.524e+05	0.000e+00	0.000e+00	0.000e+00	
41.400	0.000e+00	1.605e+05	0.000e+00	0.000e+00	0.000e+00	0.000e+00	1.605e+05	0.000e+00	6.419e+05	8.023e+05	6.419e+05	9.628e+05	1.444e+06	3.209e+05	6.419e+05	1.123e+06	1.284e+06	2.728e+06	7.863e+06	1.059e+07	9.789e+06	1.075e+07	1.348e+07	1.380e+07	1.717e+07	1.749e+07	1.540e+07	1.797e+07	1.605e+07	1.653e+07	4.012e+06	4.814e+05	0.000e+00	1.605e+05	0.000e+00	0.000e+00	0.000e+00	0.000e+00	0.000e+00	0.000e+00	0.000e+00	0.000e+00	0.000e+00	0.000e+00	0.000e+00	0.000e+00	0.000e+00	0.000e+00	0.000e+00	0.000e+00	0.000e+00	0.000e+00	0.000e+00	0.000e+00	0.000e+00	0.000e+00	0.000e+00	0.000e+00	0.000e+00	0.000e+00	0.000e+00	0.000e+00	0.000e+00	0.000e+00	0.000e+00	0.000e+00	0.000e+00	0.000e+00	0.000e+00	0.000e+00	0.000e+00	0.000e+00	0.000e+00	0.000e+00	0.000e+00	0.000e+00	0.000e+00	0.000e+00	0.000e+00	0.000e+00	0.000e+00	0.000e+00	0.000e+00	0.000e+00	0.000e+00	0.000e+00	0.000e+00	0.000e+00	0.000e+00	0.000e+00	0.000e+00	0.000e+00	0.000e+00	0.000e+00	0.000e+00	0.000e+00	0.000e+00	0.000e+00	0.000e+00	0.000e+00	
45.000	0.000e+00	0.000e+00	0.000e+00	0.000e+00	0.000e+00	0.000e+00	0.000e+00	1.702e+05	0.000e+00	1.702e+05	0.000e+00	5.106e+05	5.106e+05	0.000e+00	3.404e+05	3.404e+05	3.404e+05	2.383e+06	9.361e+06	3.234e+07	2.638e+07	1.549e+07	1.242e+07	1.276e+07	1.736e+07	1.464e+07	1.328e+07	1.345e+07	1.396e+07	1.191e+07	6.468e+06	8.510e+05	0.000e+00	0.000e+00	0.000e+00	0.000e+00	0.000e+00	0.000e+00	0.000e+00	0.000e+00	0.000e+00	0.000e+00	0.000e+00	0.000e+00	0.000e+00	0.000e+00	0.000e+00	0.000e+00	0.000e+00	0.000e+00	0.000e+00	0.000e+00	0.000e+00	0.000e+00	0.000e+00	0.000e+00	0.000e+00	0.000e+00	0.000e+00	0.000e+00	0.000e+00	0.000e+00	0.000e+00	0.000e+00	0.000e+00	0.000e+00	0.000e+00	0.000e+00	0.000e+00	0.000e+00	0.000e+00	0.000e+00	0.000e+00	0.000e+00	0.000e+00	0.000e+00	0.000e+00	0.000e+00	0.000e+00	0.000e+00	0.000e+00	0.000e+00	0.000e+00	0.000e+00	0.000e+00	0.000e+00	0.000e+00	0.000e+00	0.000e+00	0.000e+00	0.000e+00	0.000e+00	0.000e+00	0.000e+00	0.000e+00	0.000e+00	0.000e+00	0.000e+00	0.000e+00	0.000e+00	
48.600	0.000e+00	0.000e+00	0.000e+00	0.000e+00	0.000e+00	0.000e+00	0.000e+00	0.000e+00	0.000e+00	0.000e+00	0.000e+00	0.000e+00	0.000e+00	0.000e+00	0.000e+00	0.000e+00	0.000e+00	3.639e+05	5.640e+06	1.983e+07	3.039e+07	2.857e+07	1.510e+07	1.783e+07	1.437e+07	1.128e+07	1.092e+07	8.552e+06	1.092e+07	9.461e+06	7.096e+06	9.097e+05	0.000e+00	0.000e+00	0.000e+00	0.000e+00	0.000e+00	0.000e+00	0.000e+00	0.000e+00	0.000e+00	0.000e+00	0.000e+00	0.000e+00	0.000e+00	0.000e+00	0.000e+00	0.000e+00	0.000e+00	0.000e+00	0.000e+00	0.000e+00	0.000e+00	0.000e+00	0.000e+00	0.000e+00	0.000e+00	0.000e+00	0.000e+00	0.000e+00	0.000e+00	0.000e+00	0.000e+00	0.000e+00	0.000e+00	0.000e+00	0.000e+00	0.000e+00	0.000e+00	0.000e+00	0.000e+00	0.000e+00	0.000e+00	0.000e+00	0.000e+00	0.000e+00	0.000e+00	0.000e+00	0.000e+00	0.000e+00	0.000e+00	0.000e+00	0.000e+00	0.000e+00	0.000e+00	0.000e+00	0.000e+00	0.000e+00	0.000e+00	0.000e+00	0.000e+00	0.000e+00	0.000e+00	0.000e+00	0.000e+00	0.000e+00	0.000e+00	0.000e+00	0.000e+00	0.000e+00	
52.200	0.000e+00	0.000e+00	0.000e+00	0.000e+00	0.000e+00	0.000e+00	0.000e+00	0.000e+00	0.000e+00	0.000e+00	0.000e+00	0.000e+00	0.000e+00	0.000e+00	1.963e+05	1.963e+05	0.000e+00	1.963e+05	1.963e+05	1.570e+06	7.458e+06	1.551e+07	1.688e+07	1.452e+07	1.452e+07	1.001e+07	1.040e+07	5.496e+06	3.729e+06	4.514e+06	5.103e+06	1.963e+06	0.000e+00	0.000e+00	0.000e+00	0.000e+00	0.000e+00	0.000e+00	0.000e+00	0.000e+00	0.000e+00	0.000e+00	0.000e+00	0.000e+00	0.000e+00	0.000e+00	0.000e+00	0.000e+00	0.000e+00	0.000e+00	0.000e+00	0.000e+00	0.000e+00	0.000e+00	0.000e+00	0.000e+00	0.000e+00	0.000e+00	0.000e+00	0.000e+00	0.000e+00	0.000e+00	0.000e+00	0.000e+00	0.000e+00	0.000e+00	0.000e+00	0.000e+00	0.000e+00	0.000e+00	0.000e+00	0.000e+00	0.000e+00	0.000e+00	0.000e+00	0.000e+00	0.000e+00	0.000e+00	0.000e+00	0.000e+00	0.000e+00	0.000e+00	0.000e+00	0.000e+00	0.000e+00	0.000e+00	0.000e+00	0.000e+00	0.000e+00	0.000e+00	0.000e+00	0.000e+00	0.000e+00	0.000e+00	0.000e+00	0.000e+00	0.000e+00	0.000e+00	0.000e+00	0.000e+00	
55.800	0.000e+00	0.000e+00	0.000e+00	0.000e+00	0.000e+00	0.000e+00	0.000e+00	0.000e+00	0.000e+00	0.000e+00	2.140e+05	0.000e+00	0.000e+00	0.000e+00	0.000e+00	4.279e+05	2.140e+05	1.498e+06	1.498e+06	1.498e+06	7.061e+06	1.819e+07	1.519e+07	1.455e+07	1.712e+07	1.733e+07	6.847e+06	4.921e+06	4.065e+06	4.279e+06	4.065e+06	6.419e+05	4.279e+05	2.140e+05	2.140e+05	0.000e+00	0.000e+00	0.000e+00	0.000e+00	0.000e+00	0.000e+00	0.000e+00	0.000e+00	0.000e+00	0.000e+00	0.000e+00	0.000e+00	0.000e+00	0.000e+00	0.000e+00	0.000e+00	0.000e+00	0.000e+00	0.000e+00	0.000e+00	0.000e+00	0.000e+00	0.000e+00	0.000e+00	0.000e+00	0.000e+00	0.000e+00	0.000e+00	0.000e+00	0.000e+00	0.000e+00	0.000e+00	0.000e+00	0.000e+00	0.000e+00	0.000e+00	0.000e+00	0.000e+00	0.000e+00	0.000e+00	0.000e+00	0.000e+00	0.000e+00	0.000e+00	0.000e+00	0.000e+00	0.000e+00	0.000e+00	0.000e+00	0.000e+00	0.000e+00	0.000e+00	0.000e+00	0.000e+00	0.000e+00	0.000e+00	0.000e+00	0.000e+00	0.000e+00	0.000e+00	0.000e+00	0.000e+00	0.000e+00	0.000e+00	0.000e+00	
59.400	0.000e+00	0.000e+00	0.000e+00	0.000e+00	0.000e+00	0.000e+00	0.000e+00	0.000e+00	0.000e+00	0.000e+00	0.000e+00	2.362e+05	2.362e+05	0.000e+00	2.362e+05	0.000e+00	0.000e+00	2.362e+05	4.724e+05	1.889e+06	4.015e+06	2.858e+07	5.550e+07	7.628e+07	9.967e+07	9.825e+07	1.093e+08	1.145e+08	1.075e+08	5.810e+07	3.354e+07	2.527e+07	4.251e+06	9.447e+05	4.015e+06	7.085e+05	0.000e+00	0.000e+00	0.000e+00	0.000e+00	0.000e+00	0.000e+00	0.000e+00	0.000e+00	0.000e+00	0.000e+00	0.000e+00	0.000e+00	0.000e+00	0.000e+00	0.000e+00	0.000e+00	0.000e+00	0.000e+00	0.000e+00	0.000e+00	0.000e+00	0.000e+00	0.000e+00	0.000e+00	0.000e+00	0.000e+00	0.000e+00	0.000e+00	0.000e+00	0.000e+00	0.000e+00	0.000e+00	0.000e+00	0.000e+00	0.000e+00	0.000e+00	0.000e+00	0.000e+00	0.000e+00	0.000e+00	0.000e+00	0.000e+00	0.000e+00	0.000e+00	0.000e+00	0.000e+00	0.000e+00	0.000e+00	0.000e+00	0.000e+00	0.000e+00	0.000e+00	0.000e+00	0.000e+00	0.000e+00	0.000e+00	0.000e+00	0.000e+00	0.000e+00	0.000e+00	0.000e+00	0.000e+00	0.000e+00	0.000e+00	
63.000	0.000e+00	0.000e+00	0.000e+00	0.000e+00	0.000e+00	0.000e+00	0.000e+00	0.000e+00	0.000e+00	0.000e+00	0.000e+00	0.000e+00	2.647e+05	0.000e+00	2.647e+05	0.000e+00	2.647e+05	1.853e+06	2.647e+05	5.294e+05	1.324e+06	7.941e+06	1.668e+07	3.309e+07	6.882e+07	1.173e+08	1.922e+08	2.454e+08	2.372e+08	2.107e+08	2.332e+08	1.808e+08	1.419e+08	7.703e+07	3.732e+07	1.668e+07	1.032e+07	8.206e+06	5.823e+06	2.912e+06	7.941e+05	0.000e+00	0.000e+00	0.000e+00	0.000e+00	0.000e+00	0.000e+00	0.000e+00	0.000e+00	0.000e+00	0.000e+00	0.000e+00	0.000e+00	0.000e+00	0.000e+00	0.000e+00	0.000e+00	0.000e+00	0.000e+00	0.000e+00	0.000e+00	0.000e+00	0.000e+00	0.000e+00	0.000e+00	0.000e+00	0.000e+00	0.000e+00	0.000e+00	0.000e+00	0.000e+00	0.000e+00	0.000e+00	0.000e+00	0.000e+00	0.000e+00	0.000e+00	0.000e+00	0.000e+00	0.000e+00	0.000e+00	0.000e+00	0.000e+00	0.000e+00	0.000e+00	0.000e+00	0.000e+00	0.000e+00	0.000e+00	0.000e+00	0.000e+00	0.000e+00	0.000e+00	0.000e+00	0.000e+00	0.000e+00	0.000e+00	0.000e+00	0.000e+00	0.000e+00	
66.600	0.000e+00	0.000e+00	0.000e+00	0.000e+00	0.000e+00	0.000e+00	0.000e+00	0.000e+00	0.000e+00	0.000e+00	0.000e+00	0.000e+00	0.000e+00	0.000e+00	0.000e+00	3.024e+05	3.024e+05	1.210e+06	2.722e+06	4.234e+06	2.722e+06	1.210e+06	1.512e+06	7.258e+06	3.690e+07	8.740e+07	1.697e+08	1.588e+08	1.805e+08	2.241e+08	2.017e+08	2.020e+08	2.174e+08	1.506e+08	1.098e+08	1.186e+08	1.137e+08	1.092e+08	1.004e+08	7.046e+07	3.145e+07	9.375e+06	3.629e+06	0.000e+00	0.000e+00	0.000e+00	0.000e+00	0.000e+00	0.000e+00	0.000e+00	0.000e+00	0.000e+00	0.000e+00	0.000e+00	0.000e+00	0.000e+00	0.000e+00	0.000e+00	0.000e+00	0.000e+00	0.000e+00	0.000e+00	0.000e+00	0.000e+00	0.000e+00	0.000e+00	0.000e+00	0.000e+00	0.000e+00	0.000e+00	0.000e+00	0.000e+00	0.000e+00	0.000e+00	0.000e+00	0.000e+00	0.000e+00	0.000e+00	0.000e+00	0.000e+00	0.000e+00	0.000e+00	0.000e+00	0.000e+00	0.000e+00	0.000e+00	0.000e+00	0.000e+00	0.000e+00	0.000e+00	0.000e+00	0.000e+00	0.000e+00	0.000e+00	0.000e+00	0.000e+00	0.000e+00	0.000e+00	0.000e+00	0.000e+00	
70.200	0.000e+00	0.000e+00	0.000e+00	0.000e+00	0.000e+00	0.000e+00	0.000e+00	0.000e+00	0.000e+00	0.000e+00	0.000e+00	0.000e+00	0.000e+00	0.000e+00	0.000e+00	3.543e+05	3.543e+05	3.543e+05	1.772e+06	2.126e+06	2.835e+06	7.086e+06	8.149e+06	2.374e+07	4.004e+07	6.519e+07	1.109e+08	1.506e+08	1.502e+08	1.640e+08	1.439e+08	1.672e+08	1.609e+08	1.570e+08	1.509e+08	1.392e+08	1.265e+08	1.137e+08	1.006e+08	1.056e+08	1.120e+08	1.074e+08	1.017e+08	8.929e+07	5.988e+07	5.315e+07	3.012e+07	4.606e+06	3.543e+05	0.000e+00	0.000e+00	0.000e+00	0.000e+00	0.000e+00	0.000e+00	0.000e+00	0.000e+00	0.000e+00	0.000e+00	0.000e+00	0.000e+00	0.000e+00	0.000e+00	0.000e+00	0.000e+00	0.000e+00	0.000e+00	0.000e+00	0.000e+00	0.000e+00	0.000e+00	0.000e+00	3.543e+06	4.252e+06	4.606e+06	4.606e+06	4.252e+06	3.543e+06	7.086e+05	1.417e+06	0.000e+00	0.000e+00	0.000e+00	0.000e+00	0.000e+00	0.000e+00	0.000e+00	0.000e+00	0.000e+00	0.000e+00	0.000e+00	0.000e+00	0.000e+00	0.000e+00	0.000e+00	0.000e+00	0.000e+00	0.000e+00	0.000e+00	0.000e+00	
73.800	0.000e+00	0.000e+00	0.000e+00	0.000e+00	0.000e+00	0.000e+00	0.000e+00	0.000e+00	0.000e+00	0.000e+00	0.000e+00	4.297e+05	0.000e+00	0.000e+00	0.000e+00	0.000e+00	1.289e+06	4.727e+06	2.149e+06	5.157e+06	5.587e+06	3.008e+06	3.868e+06	7.735e+06	1.289e+07	3.180e+07	6.360e+07	9.411e+07	5.716e+07	7.048e+07	7.477e+07	1.212e+08	1.418e+08	1.809e+08	1.538e+08	1.083e+08	9.497e+07	8.294e+07	6.575e+07	6.317e+07	6.145e+07	7.306e+07	6.188e+07	7.220e+07	9.153e+07	1.483e+08	2.028e+08	2.303e+08	1.934e+08	1.049e+08	6.618e+07	3.352e+07	2.063e+07	1.676e+07	3.438e+06	2.149e+06	8.595e+05	1.289e+06	8.595e+05	0.000e+00	4.297e+05	8.595e+05	1.289e+06	8.595e+05	8.165e+06	1.160e+07	1.805e+07	3.266e+07	3.309e+07	5.544e+07	7.821e+07	7.778e+07	9.798e+07	7.606e+07	7.392e+07	5.157e+07	2.492e+07	9.454e+06	6.446e+06	2.149e+06	4.297e+05	1.719e+06	0.000e+00	1.289e+06	0.000e+00	0.000e+00	0.000e+00	0.000e+00	0.000e+00	0.000e+00	0.000e+00	0.000e+00	0.000e+00	0.000e+00	0.000e+00	0.000e+00	0.000e+00	0.000e+00	0.000e+00	0.000e+00	
77.400	0.000e+00	0.000e+00	0.000e+00	0.000e+00	0.000e+00	0.000e+00	0.000e+00	2.195e+06	1.097e+06	1.207e+07	4.390e+06	9.328e+06	1.097e+06	4.390e+06	3.292e+06	1.097e+06	1.646e+06	6.036e+06	4.938e+06	2.195e+06	5.487e+06	6.036e+06	1.646e+06	1.152e+07	9.877e+06	8.231e+06	1.372e+07	1.701e+07	2.305e+07	2.634e+07	3.896e+07	4.829e+07	7.133e+07	8.999e+07	1.196e+08	1.015e+08	1.114e+08	1.328e+08	1.021e+08	9.877e+07	9.438e+07	9.328e+07	8.176e+07	9.987e+07	1.059e+08	1.125e+08	1.591e+08	1.712e+08	1.975e+08	2.552e+08	2.458e+08	2.107e+08	2.019e+08	1.816e+08	1.926e+08	1.449e+08	1.399e+08	1.279e+08	1.021e+08	1.125e+08	1.339e+08	1.075e+08	1.010e+08	6.530e+07	4.719e+07	4.993e+07	7.353e+07	8.286e+07	1.136e+08	1.169e+08	1.103e+08	9.877e+07	9.657e+07	8.615e+07	6.310e+07	4.390e+07	2.469e+07	2.140e+07	1.372e+07	8.779e+06	1.097e+07	1.646e+06	1.097e+06	0.000e+00	0.000e+00	2.744e+06	0.000e+00	5.487e+05	1.097e+06	0.000e+00	0.000e+00	0.000e+00	0.000e+00	0.000e+00	5.487e+05	5.487e+05	5.487e+05	0.000e+00	0.000e+00	0.000e+00	
81.000	1.526e+06	0.000e+00	0.000e+00	0.000e+00	7.629e+05	1.526e+06	2.289e+06	8.392e+06	7.629e+05	1.221e+07	2.136e+07	1.678e+07	1.678e+07	1.221e+07	1.297e+07	5.341e+06	3.815e+06	1.526e+06	7.629e+06	7.629e+06	3.052e+06	4.578e+06	7.629e+06	1.144e+07	1.221e+07	9.918e+06	1.755e+07	1.678e+07	1.373e+07	2.060e+07	2.136e+07	1.831e+07	3.052e+07	4.730e+07	4.501e+07	7.095e+07	6.714e+07	9.461e+07	1.030e+08	1.236e+08	1.053e+08	1.030e+08	1.289e+08	1.213e+08	1.244e+08	1.129e+08	8.240e+07	6.867e+07	8.469e+07	9.384e+07	8.545e+07	9.537e+07	1.030e+08	1.160e+08	1.404e+08	1.289e+08	1.869e+08	1.648e+08	1.686e+08	1.465e+08	1.549e+08	1.335e+08	1.099e+08	8.469e+07	7.706e+07	6.332e+07	7.782e+07	8.087e+07	9.384e+07	1.289e+08	9.766e+07	1.015e+08	8.545e+07	6.332e+07	4.807e+07	3.891e+07	3.586e+07	3.052e+07	1.297e+07	9.155e+06	9.155e+06	3.815e+06	1.526e+06	3.052e+06	3.815e+06	6.867e+06	4.578e+06	4.578e+06	3.815e+06	7.629e+06	9.918e+06	4.578e+06	4.578e+06	2.289e+06	3.052e+06	7.629e+05	0.000e+00	0.000e+00	0.000e+00	0.000e+00	
84.600	7.559e+06	1.512e+07	8.818e+06	1.008e+07	1.008e+07	1.260e+07	6.299e+06	8.818e+06	1.386e+07	1.260e+07	6.299e+06	2.016e+07	1.890e+07	1.386e+07	8.818e+06	1.512e+07	7.559e+06	2.520e+06	1.386e+07	6.299e+06	1.134e+07	1.512e+07	1.134e+07	1.260e+07	1.386e+07	8.818e+06	1.638e+07	1.386e+07	1.134e+07	6.299e+06	1.638e+07	1.512e+07	1.386e+07	1.764e+07	2.268e+07	2.016e+07	2.771e+07	4.661e+07	3.779e+07	4.535e+07	6.047e+07	8.062e+07	9.322e+07	7.307e+07	5.543e+07	5.669e+07	6.047e+07	4.409e+07	4.031e+07	2.268e+07	3.527e+07	4.157e+07	3.149e+07	3.275e+07	5.795e+07	4.661e+07	4.787e+07	5.921e+07	6.551e+07	6.299e+07	7.433e+07	5.795e+07	4.031e+07	5.795e+07	4.787e+07	6.425e+07	5.039e+07	6.551e+07	6.551e+07	5.543e+07	3.779e+07	4.535e+07	3.905e+07	4.157e+07	3.779e+07	1.512e+07	2.016e+07	2.142e+07	3.023e+07	2.771e+07	8.818e+06	3.779e+06	2.142e+07	1.890e+07	2.268e+07	1.764e+07	2.520e+07	3.275e+07	2.646e+07	1.512e+07	5.039e+06	1.260e+07	2.016e+07	2.142e+07	1.134e+07	2.268e+07	8.818e+06	1.386e+07	1.008e+07	1.764e+07	
88.200	2.922e+07	1.826e+07	3.287e+07	3.287e+07	1.826e+07	3.287e+07	2.192e+07	3.287e+07	1.461e+07	2.922e+07	1.826e+07	3.287e+07	2.922e+07	1.826e+07	1.826e+07	2.922e+07	2.922e+07	2.922e+07	1.826e+07	1.096e+07	1.461e+07	1.826e+07	2.192e+07	1.826e+07	2.192e+07	2.557e+07	1.096e+07	2.922e+07	0.000e+00	1.826e+07	2.557e+07	2.557e+07	2.557e+07	3.653e+06	1.826e+07	1.826e+07	2.922e+07	2.557e+07	7.305e+06	1.826e+07	1.461e+07	1.826e+07	1.096e+07	1.461e+07	1.826e+07	7.305e+06	1.096e+07	2.192e+07	2.192e+07	2.192e+07	7.305e+06	2.557e+07	2.922e+07	4.018e+07	2.557e+07	2.922e+07	2.557e+07	3.653e+07	4.018e+07	1.826e+07	1.826e+07	4.383e+07	4.383e+07	3.287e+07	2.922e+07	2.557e+07	2.192e+07	2.192e+07	4.018e+07	4.749e+07	2.557e+07	3.287e+07	2.922e+07	7.305e+06	1.096e+07	1.826e+07	2.557e+07	2.192e+07	4.749e+07	6.210e+07	8.036e+07	5.844e+07	1.826e+07	1.461e+07	1.826e+07	2.192e+07	4.018e+07	3.653e+07	3.287e+07	3.287e+07	2.922e+07	3.287e+07	1.461e+07	3.287e+07	2.192e+07	1.826e+07	1.826e+07	2.192e+07	2.192e+07	2.922e+07	
