#
# Electrons precipitation map
# Simulation setup: northward IMF, same Solar wind as Aizawa et al. (2021)
# Simulation code: iPIC3D
# Simulation path: /home/flavorenti/Bureau/data_simu_iPIC3D/Mercury_SaeInit/PR1/Normal-newbox/texts/
# Output: Mean energy (Ram pressure) pcls per bin, units eV
# Output minimum: 1e-3
# Grid X-Axis (first row): local time [hours] from 0 to 24 with 50 equispaced bins
# Grid Y-Axis (first column): latitude [deg.] from -90 to 90 with 26 equispaced bins
# Signature: Federico Lavorenti
#
nan	0.240	0.720	1.200	1.680	2.160	2.640	3.120	3.600	4.080	4.560	5.040	5.520	6.000	6.480	6.960	7.440	7.920	8.400	8.880	9.360	9.840	10.320	10.800	11.280	11.760	12.240	12.720	13.200	13.680	14.160	14.640	15.120	15.600	16.080	16.560	17.040	17.520	18.000	18.480	18.960	19.440	19.920	20.400	20.880	21.360	21.840	22.320	22.800	23.280	23.760	
-86.538	1711.446	2342.995	4119.181	3497.612	2202.868	4250.896	3262.327	4333.760	4682.319	3317.123	3917.763	1529.242	1727.353	2286.988	5370.450	822.156	5745.156	2773.066	2159.881	3286.394	nan	3107.720	2944.228	4677.047	3374.339	1713.824	3469.728	3053.549	2790.910	2206.449	1334.830	4292.463	3332.093	1880.451	3231.965	4525.592	3638.859	nan	4988.710	4107.107	2616.269	1753.365	5252.755	4667.545	1479.538	5009.170	3478.936	4252.744	3116.889	3480.900	
-79.615	1560.174	2740.248	2453.735	2360.117	1670.374	2868.130	2925.485	3606.081	1527.565	1576.390	3047.564	1764.405	2010.047	2563.851	1926.643	1437.991	2153.835	2182.764	2123.165	1720.692	1932.553	2035.215	2289.885	1839.146	3091.212	2755.475	2579.523	3355.085	2798.597	3047.960	2300.935	3871.314	4492.866	nan	nan	5419.987	nan	nan	nan	nan	nan	nan	nan	nan	4202.711	3713.674	4722.276	3181.067	2060.383	2523.812	
-72.692	2837.443	2881.041	3014.569	2608.033	2936.394	2457.284	2373.175	3174.307	2000.522	2279.415	2205.717	2585.914	1966.005	1840.505	1631.367	1588.621	1790.950	1674.247	1709.066	1688.451	2138.260	2096.756	2328.799	2409.691	2205.579	2509.190	2246.591	1698.488	2885.234	nan	nan	nan	nan	nan	nan	nan	nan	nan	nan	3351.777	3226.359	4145.192	3321.688	4368.141	3926.424	2785.828	2407.231	3655.254	3427.940	3123.510	
-65.769	3179.833	2920.217	3464.953	3171.898	3080.138	2912.753	2936.288	2527.564	2011.124	1964.098	1962.046	1697.602	1333.970	1427.042	1459.439	1502.270	1542.330	1636.852	1891.560	2335.242	2756.533	3190.881	3180.510	2908.119	2727.363	2271.032	2369.578	2486.097	2010.144	2035.236	3508.544	nan	1687.241	3904.899	3005.300	2432.670	4901.629	1355.095	2451.683	3036.346	3525.798	3256.306	2992.581	3573.476	3161.029	4017.085	3449.116	4249.611	3533.266	3434.823	
-58.846	3824.442	3595.624	2919.023	2772.143	2791.382	2953.188	2474.134	2343.473	2142.259	1723.800	1552.122	1460.865	1525.742	1467.226	1488.014	1521.929	1507.127	1769.791	2028.090	2481.521	3058.561	3378.974	3393.901	2985.565	2917.152	2522.130	2524.047	2222.141	2548.974	2317.355	2184.362	1781.895	2407.424	1942.523	2176.875	2087.764	2665.097	2072.935	2334.263	1688.192	1933.878	2568.271	2645.235	2990.399	3058.482	3394.337	3760.695	4225.968	4386.156	3899.338	
-51.923	3583.802	3422.104	2825.769	2376.606	2574.073	2673.158	2247.286	2114.858	1842.495	1659.390	1597.366	1458.646	1468.853	1548.202	1744.174	1674.856	1638.835	1781.239	2085.331	2366.931	2504.437	2871.793	3149.569	3307.636	3160.395	2949.098	2922.817	2301.768	1942.800	1771.213	1794.255	2016.895	1757.961	1869.713	2535.335	2271.232	2154.295	2321.591	2367.236	2823.210	2369.233	2230.136	2901.926	3085.206	3640.680	3921.360	4347.914	4208.298	4091.355	3945.133	
-45.000	3674.708	3167.916	2667.630	2446.845	2274.742	2462.467	2554.073	2359.943	2125.322	1843.559	1555.467	1512.532	1727.227	1693.207	1757.022	2135.647	1567.755	1940.854	2020.256	2482.520	2067.036	2204.707	2604.355	2202.228	2565.505	2660.237	2245.081	2347.427	2553.958	1520.261	1941.150	2360.648	2207.594	2379.821	2245.834	2588.424	2192.314	2882.241	2182.255	2200.878	2176.450	3248.413	3842.393	4194.755	4515.717	4671.750	5028.437	4976.848	4513.079	4099.361	
-38.077	4006.134	3663.626	3294.617	3025.194	3060.185	2706.425	2559.816	2423.224	1865.220	1883.445	1689.389	1690.508	1737.286	1946.839	2049.918	2365.436	2472.035	1969.403	2812.456	3078.971	2516.285	2137.748	2507.184	2268.544	2042.437	2185.342	1646.228	3149.826	3158.829	1731.797	1162.198	1215.201	2314.130	2808.173	2118.732	3054.139	1877.098	2121.670	2525.665	2940.119	3254.786	3892.128	4497.225	4965.578	4565.372	4974.141	4383.465	4803.225	4458.282	4272.760	
-31.154	4151.860	4627.420	4543.244	4081.542	3503.935	2841.998	2596.183	2622.125	2304.099	1958.258	1858.425	1770.951	2059.317	2230.855	2262.339	2352.734	3546.506	4661.351	nan	4231.305	2878.014	4150.546	3599.069	3369.241	3761.807	2570.939	2318.282	3165.304	2996.236	2178.991	3732.446	2685.101	2571.173	2125.937	2315.808	1950.570	2074.258	2452.282	2402.484	3304.585	3697.452	3803.567	4504.642	3998.463	3495.941	3822.711	3791.464	3108.553	3828.522	4062.346	
-24.231	5072.593	5198.437	5020.528	4757.854	4297.923	3770.120	3378.056	3751.911	2846.796	2583.335	2205.633	2185.734	2409.923	3323.555	3473.297	1570.768	nan	nan	nan	nan	nan	nan	6012.356	5468.512	nan	4494.337	5736.404	4310.827	4527.184	3509.129	4457.698	2843.800	2145.699	2696.296	2780.500	2633.224	2233.157	2392.327	2126.226	2447.374	3188.949	3944.935	4104.008	3182.043	3498.642	3495.457	4109.511	3758.429	4435.599	4489.043	
-17.308	4755.242	4148.767	3899.000	3674.988	3508.400	3516.053	3330.138	3942.283	3350.954	3571.157	3331.288	3140.547	3258.958	3412.039	3647.592	4544.916	nan	nan	nan	4957.650	nan	nan	nan	nan	nan	nan	nan	nan	nan	nan	nan	nan	nan	3721.837	3597.037	4610.651	6097.749	4891.928	2130.847	1191.309	3191.099	2931.814	2589.749	2527.010	3116.587	3072.469	3803.583	4049.237	4419.152	4780.036	
-10.385	3860.926	3657.453	3649.073	3449.053	3349.549	3424.838	3866.693	3646.511	3738.924	4182.271	4288.164	3877.482	3748.532	4059.761	4990.306	nan	nan	nan	nan	nan	4612.416	nan	nan	nan	nan	nan	nan	nan	nan	nan	nan	nan	6184.927	nan	nan	nan	nan	nan	3407.418	3441.428	3428.871	2943.602	2721.910	2998.914	3160.404	3121.703	3199.306	3612.679	3817.388	3900.827	
-3.462	3478.545	3502.793	3524.677	3074.447	3452.143	3677.555	3807.788	2851.929	4088.215	3764.141	3463.424	4574.613	5247.440	5750.157	4083.495	2925.780	nan	nan	nan	nan	nan	nan	nan	nan	nan	nan	nan	nan	nan	nan	nan	nan	nan	nan	nan	nan	nan	nan	6257.839	4000.826	5763.392	3494.764	3506.616	3080.041	2995.007	2823.846	2963.409	3406.432	3266.458	3157.051	
3.462	3825.063	3352.670	3635.897	3854.896	3978.448	5070.388	4465.839	3584.250	nan	4574.404	4123.162	4369.395	6565.845	nan	nan	nan	nan	nan	nan	nan	nan	nan	nan	nan	nan	nan	nan	nan	nan	nan	nan	nan	nan	nan	nan	nan	nan	nan	nan	nan	4402.348	3439.966	3727.772	3396.479	4047.134	3142.169	3618.647	4038.500	3999.611	3249.266	
10.385	4062.935	3934.722	5987.106	3292.649	3798.717	4188.063	nan	nan	nan	4919.898	5340.515	4039.023	4131.234	nan	nan	nan	nan	nan	nan	nan	nan	nan	nan	nan	nan	nan	nan	nan	nan	nan	nan	nan	nan	nan	nan	nan	nan	nan	nan	nan	nan	nan	2211.654	4230.077	3569.895	3956.359	nan	2763.828	3965.115	3720.261	
17.308	3684.188	5022.118	nan	nan	nan	5418.444	nan	nan	nan	nan	nan	4763.478	nan	nan	nan	nan	nan	nan	nan	nan	nan	nan	nan	nan	nan	nan	nan	nan	nan	nan	nan	nan	nan	nan	nan	nan	nan	nan	nan	nan	nan	5852.838	4159.639	4140.751	5938.032	nan	4096.009	6282.161	3718.802	4538.808	
24.231	nan	6126.874	4428.452	nan	4406.434	5228.439	nan	nan	nan	nan	nan	nan	nan	nan	nan	nan	nan	nan	nan	nan	nan	nan	nan	nan	nan	nan	nan	nan	nan	nan	nan	nan	nan	nan	nan	nan	nan	nan	nan	nan	6363.434	4630.598	4948.198	3135.243	3843.349	nan	4485.487	nan	5720.444	4521.840	
31.154	3533.017	4221.896	4655.657	nan	nan	nan	nan	nan	nan	nan	nan	nan	nan	nan	nan	nan	nan	nan	nan	nan	nan	nan	nan	nan	nan	nan	nan	nan	nan	nan	nan	nan	nan	nan	nan	nan	nan	nan	nan	5993.986	2857.646	4111.492	3425.848	2937.946	2961.025	3397.976	4367.319	3266.602	4460.834	2949.005	
38.077	3140.356	3149.004	nan	nan	nan	nan	nan	nan	nan	nan	5639.084	3808.604	3407.124	3482.846	nan	nan	nan	nan	nan	nan	nan	nan	nan	nan	nan	nan	nan	nan	nan	nan	nan	nan	nan	nan	nan	nan	4368.664	6248.688	nan	1765.208	3065.514	2354.266	2089.220	2882.060	2761.659	2570.416	3509.597	2795.120	3206.083	2783.344	
45.000	3342.554	3074.021	3197.789	3098.421	3578.197	2779.225	4939.232	nan	nan	3582.552	4004.823	4379.467	4620.260	4315.561	nan	nan	nan	nan	nan	nan	nan	nan	nan	nan	nan	nan	nan	nan	nan	nan	6325.634	nan	4220.251	5051.641	nan	3658.305	3959.450	3317.788	4982.708	2790.775	3222.939	2713.163	2713.620	2453.776	2686.773	2773.094	3060.885	3556.273	3698.630	3674.402	
51.923	4821.246	4599.195	4782.076	4764.164	4534.173	4616.436	4218.566	3773.195	3469.670	3684.775	3687.951	4041.772	4629.125	4831.354	4040.441	nan	nan	nan	nan	nan	nan	nan	nan	nan	nan	6523.310	4320.224	nan	4597.242	4966.212	2638.609	3913.392	4155.307	4299.440	4297.125	4303.331	3726.849	4352.462	4302.474	3796.557	3475.184	3308.562	3600.004	3635.585	3781.293	4154.149	4238.724	4776.265	5105.227	4764.272	
58.846	5795.964	5435.859	5381.308	5131.906	4828.692	4220.841	2852.628	2469.751	2253.063	2227.152	2277.883	2493.947	3118.052	4438.977	4638.616	4760.160	4737.787	4721.003	4679.016	4781.001	4766.987	4726.275	4726.463	4645.356	4890.017	4601.352	4480.304	4161.769	3950.514	3843.287	4132.803	4260.941	4311.207	4483.308	4621.314	4751.935	4917.381	5141.443	5377.576	5756.358	5760.022	4737.924	5125.136	5312.033	5653.129	6629.661	5404.130	6058.305	5761.992	5628.003	
65.769	5182.908	4945.275	4771.084	4471.011	3671.107	3106.360	2498.377	2013.250	1787.651	1806.630	1816.281	1887.191	1883.385	2034.811	1793.831	2015.495	2330.442	3779.131	3944.742	4059.418	3726.933	3879.027	3583.079	3436.001	3725.365	3551.571	2954.031	3019.575	1682.097	5788.349	nan	4446.644	3622.625	4396.740	4537.106	4840.727	4977.716	5119.020	5152.362	5262.092	5177.032	5593.051	6044.329	6626.119	6523.476	6472.599	6665.296	nan	6118.974	5255.599	
72.692	4583.437	4178.969	4070.345	3715.188	3121.790	2494.466	2605.538	2326.473	2009.925	2226.590	1642.900	1742.740	1704.821	1822.225	1925.305	1928.821	2029.757	2276.483	2551.314	3061.442	3606.383	3635.879	3459.063	3150.478	2697.428	2597.126	2729.397	2865.734	3276.190	2874.876	2463.584	2035.743	1924.795	2492.277	3010.809	3407.620	3814.632	4402.323	4518.234	4960.331	5012.416	5041.237	5181.900	5311.235	5529.768	5461.581	5428.681	5025.077	5064.931	4843.669	
79.615	3412.213	3409.140	3233.078	2890.973	2653.513	2547.403	2486.535	2323.396	2214.451	2822.521	2609.438	2059.672	2217.788	1923.495	2031.291	2308.412	1783.544	2301.465	1787.027	2481.095	2713.275	2841.020	2413.391	2324.062	2367.972	2053.096	2440.194	2036.179	2312.469	3399.148	2710.210	2825.307	2785.767	2590.901	2269.807	1919.400	2978.813	3294.642	3848.503	4390.356	4323.726	4379.656	4719.637	4780.902	4793.216	4481.770	4525.997	4399.300	4243.717	4025.274	
86.538	3046.435	2869.498	2731.251	2560.915	3213.594	2931.816	2466.923	2251.021	2682.065	1898.221	2849.548	3153.342	2814.999	2196.521	3189.144	3093.769	2812.343	2336.772	2117.762	2656.920	2514.039	1847.851	2421.787	2717.545	2885.875	2846.926	3511.928	2323.353	1673.329	3090.140	4423.374	3094.478	2143.339	2313.724	2648.836	4016.425	3083.249	2859.143	3283.593	3948.368	3402.826	3844.959	3551.092	3280.732	3851.682	3496.339	2997.892	3968.832	3305.608	3759.367	
